 9020001 904  75 600   0 RI 000 3
  75.73-175.87  3
  75.75-175.85  2
  75.78-175.97  2
  75.91-176.33  2
  76.01-176.55  2
  76.16-176.89  2
  76.37-177.25  2
  76.56-177.68  2
  76.74-178.09  2
  76.93-178.68  2
  77.09-179.27  2
  77.32-179.82  2
  77.54 179.64  2
  77.73 179.08  2
  77.96 178.59  2
  78.24 178.01  2
  78.48 177.26  2
  78.71 176.63  2
  78.96 175.99  2
  79.20 175.41  2
  79.33 175.09  2
  79.34 175.06  2
  79.55 174.42  2
  79.82 173.78  2
  80.10 173.23  2
  80.25 173.12  2
  80.50 173.28  2
  80.87 173.60  2
  81.15 173.86  2
  81.51 174.20  2
  81.88 174.48  2
  82.25 175.00  2
  82.65 175.89  2
  83.06 176.52  2
  83.38 177.21  2
  83.76 177.66  2
  84.12 177.42  2
  84.46 177.04  2
  84.82 177.33  2
  85.18 178.19  2
  85.38 179.34  2
  85.64-178.10  2
  85.81-174.80  2
  85.86-169.69  2
  85.85-165.67  2
  85.80-161.73  2
  85.69-157.66  2
  85.60-154.70  2
  85.65-151.75  2
  85.78-148.60  2
  86.03-145.07  2
  86.26-142.55  2
  86.40-139.62  2
  86.38-139.59  2
  86.46-137.07  2
  86.55-132.10  2
  86.58-129.02  2
  86.58-126.73  2
  86.55-122.09  2
  86.49-117.63  2
  86.43-112.04  2
  86.33-106.81  2
  86.21-101.35  2
  86.05 -96.47  2
  85.93 -92.42  2
  85.86 -88.75  2
  85.80 -85.33  2
  85.68 -81.96  2
  85.47 -78.98  2
  85.23 -76.80  2
  85.01 -76.09  2
  84.78 -76.11  2
  84.65 -76.35  2
  84.58 -76.71  2
  84.57 -76.74  3
  99.00   0.00  3
 9020002 904  74 600   0 RI 000 3
  75.69-175.67  3
  75.70-175.64  2
  75.72-175.62  2
  75.85-175.44  2
  76.02-175.20  2
  76.18-175.05  2
  76.41-174.85  2
  76.67-174.84  2
  76.90-174.82  2
  77.03-174.49  2
  77.06-173.76  2
  77.10-172.78  2
  77.16-172.31  2
  77.31-172.24  2
  77.54-172.52  2
  77.80-173.15  2
  78.03-173.47  2
  78.03-173.46  2
  78.25-173.34  2
  78.51-172.93  2
  78.75-172.13  2
  79.00-171.37  2
  79.27-170.65  2
  79.46-170.65  2
  79.68-171.18  2
  79.92-171.68  2
  80.19-172.41  2
  80.44-173.27  2
  80.71-174.15  2
  80.99-174.83  2
  81.22-174.83  2
  81.21-174.84  2
  81.30-174.82  2
  81.64-174.41  2
  81.99-173.45  2
  82.30-172.64  2
  82.65-171.21  2
  83.04-170.29  2
  83.37-169.15  2
  83.69-167.12  2
  83.68-165.81  2
  83.53-164.11  2
  83.31-162.85  2
  83.27-161.12  2
  83.39-158.78  2
  83.47-156.28  2
  83.47-153.45  2
  83.50-150.63  2
  83.58-147.54  2
  83.77-144.29  2
  83.99-141.31  2
  84.21-137.68  2
  84.38-134.59  2
  84.52-130.09  2
  84.62-126.50  2
  84.67-122.52  2
  84.61-119.64  2
  84.41-115.87  2
  84.23-113.33  2
  84.06-111.46  2
  84.00-110.74  2
  83.97-108.64  2
  83.99-105.65  2
  84.03-103.00  2
  84.06-100.04  2
  84.02 -97.23  2
  83.94 -95.10  2
  83.83 -92.47  2
  83.68 -89.64  2
  83.61 -86.51  2
  83.63 -84.52  2
  83.66 -83.40  2
  83.65 -83.41  2
  83.65 -83.36  3
  99.00   0.00  3
 9020003 904  10 600   0 RI 000 3
  83.65 -83.37  3
  83.65 -83.37  2
  83.77 -82.62  2
  83.92 -81.50  2
  84.09 -80.32  2
  84.25 -79.33  2
  84.38 -78.46  2
  84.51 -77.53  2
  84.59 -77.05  2
  84.59 -77.05  3
  99.00   0.00  3
