 92X  13 302  37  10   0 AN 005 1
  44.70 -26.53  3
  44.65 -26.53  2
  44.50 -26.61  2
  44.53 -26.93  3
  44.42 -26.85  2
  44.36 -27.00  2
  44.25 -27.04  2
  44.08 -27.00  2
  43.94 -27.00  2
  43.74 -27.12  2
  43.77 -27.40  2
  43.63 -27.67  3
  43.51 -27.71  2
  43.31 -27.71  2
  43.14 -27.75  2
  42.88 -27.79  2
  42.68 -27.79  2
  42.53 -27.75  2
  42.27 -27.74  2
  42.09 -27.78  2
  41.86 -27.82  2
  41.65 -27.90  2
  41.36 -28.02  2
  41.12 -27.98  2
  41.00 -27.82  2
  40.82 -27.90  2
  40.65 -27.90  2
  40.50 -27.94  2
  40.22 -28.29  3
  40.16 -28.37  2
  39.98 -28.33  2
  39.80 -28.37  2
  39.59 -28.40  2
  39.38 -28.36  2
  39.25 -28.44  2
  39.13 -28.40  2
  39.13 -28.36  3
  99.00   0.00  3
 92X  14 302  47  20   0 AN 006 1
  44.48 -25.35  3
  44.39 -25.31  2
  44.31 -25.35  2
  44.23 -25.35  2
  44.17 -25.54  3
  44.03 -25.54  2
  43.97 -25.54  2
  43.89 -25.66  3
  43.77 -25.70  2
  43.66 -25.82  2
  43.46 -25.86  2
  43.34 -25.90  2
  43.20 -25.94  2
  43.06 -25.97  2
  42.97 -26.01  2
  42.91 -26.05  2
  42.91 -26.25  3
  42.82 -26.29  2
  42.71 -26.29  2
  42.56 -26.33  2
  42.39 -26.37  2
  42.21 -26.36  2
  41.92 -26.36  2
  41.83 -26.40  2
  41.69 -26.44  2
  41.51 -26.44  2
  41.39 -26.52  2
  41.33 -26.64  2
  41.33 -26.60  2
  41.21 -26.60  2
  41.09 -26.64  2
  40.92 -26.64  2
  40.80 -26.68  2
  40.65 -26.71  2
  40.50 -26.75  2
  40.41 -26.75  2
  40.26 -27.07  3
  40.14 -27.11  2
  39.90 -27.07  2
  39.77 -27.03  2
  39.56 -27.03  2
  39.38 -27.03  2
  39.26 -26.99  2
  39.04 -26.98  2
  38.92 -27.02  2
  38.89 -27.02  2
  38.89 -27.02  3
  99.00   0.00  3
 92X  15 302  39  34   0 AN 013 1
  44.14 -23.61  3
  44.09 -23.65  2
  44.00 -23.77  2
  43.83 -23.97  2
  43.72 -24.01  2
  43.60 -24.08  2
  43.35 -24.12  2
  43.17 -24.20  2
  43.03 -24.24  2
  42.86 -24.28  2
  42.68 -24.28  2
  42.33 -24.75  3
  42.22 -24.79  2
  42.07 -24.79  2
  41.92 -24.79  2
  41.84 -24.79  2
  41.57 -24.71  2
  41.42 -24.71  2
  41.31 -24.71  2
  41.22 -24.71  2
  40.74 -24.74  3
  40.62 -24.78  2
  40.53 -24.82  2
  40.50 -24.90  2
  40.38 -24.94  2
  40.29 -24.94  2
  40.11 -24.98  2
  39.96 -25.02  2
  39.87 -24.98  2
  39.69 -25.49  3
  39.56 -25.53  2
  39.41 -25.57  2
  39.20 -25.84  3
  39.11 -25.92  2
  38.98 -26.00  2
  38.86 -26.12  2
  38.74 -26.20  2
  38.52 -26.27  2
  38.49 -26.27  3
  99.00   0.00  3
 328   1 302  87  43   0 TH 000 1
  37.41  -5.99  3
  37.38  -6.06  2
  37.38  -6.12  2
  37.38  -6.18  2
  37.26  -6.51  2
  37.23  -6.63  2
  37.21  -6.68  2
  37.15  -6.81  2
  37.10  -6.90  2
  37.08  -6.93  2
  37.06  -6.97  2
  37.03  -7.03  2
  36.95  -7.15  2
  36.90  -7.24  2
  36.88  -7.28  2
  36.86  -7.31  2
  36.83  -7.35  2
  36.79  -7.41  2
  36.76  -7.44  2
  36.72  -7.47  2
  36.68  -7.52  2
  36.63  -7.55  2
  36.59  -7.56  2
  36.53  -7.61  2
  36.50  -7.63  2
  36.48  -7.65  2
  36.44  -7.69  2
  36.41  -7.72  2
  36.39  -7.77  2
  36.38  -7.80  2
  36.36  -7.84  2
  36.34  -7.90  2
  36.33  -7.92  2
  36.31  -8.00  2
  36.29  -8.04  2
  36.29  -8.09  2
  36.27  -8.14  2
  36.26  -8.16  2
  36.24  -8.21  2
  36.22  -8.27  2
  36.20  -8.32  2
  36.17  -8.37  2
  36.15  -8.42  2
  36.16  -8.50  2
  36.13  -8.56  2
  36.13  -8.63  2
  36.16  -8.71  2
  36.20  -8.79  2
  36.23  -8.83  2
  36.24  -8.88  2
  36.29  -8.96  2
  36.31  -9.00  2
  36.32  -9.05  2
  36.34  -9.09  2
  36.36  -9.15  2
  36.37  -9.19  2
  36.38  -9.25  2
  36.39  -9.31  2
  36.41  -9.34  2
  36.44  -9.40  2
  36.47  -9.46  2
  36.50  -9.58  2
  36.53  -9.62  2
  36.54  -9.74  2
  36.53  -9.84  2
  36.53  -9.91  2
  36.52 -10.00  2
  36.49 -10.06  2
  36.48 -10.15  2
  36.47 -10.24  2
  36.45 -10.30  2
  36.43 -10.37  2
  36.40 -10.46  2
  36.36 -10.53  2
  36.33 -10.60  2
  36.29 -10.70  2
  36.28 -10.76  2
  36.26 -10.80  2
  36.22 -10.87  2
  36.19 -10.94  2
  36.14 -11.02  2
  36.11 -11.05  2
  36.09 -11.07  2
  36.05 -11.09  2
  36.01 -11.09  2
  36.00 -11.08  2
  36.00 -11.08  3
  99.00   0.00  3
 328   2 302  20  43   0 TH 000 1
  36.04  -5.59  3
  36.09  -5.58  2
  36.13  -5.57  2
  36.18  -5.54  2
  36.23  -5.51  2
  36.29  -5.49  2
  36.34  -5.48  2
  36.41  -5.48  2
  36.48  -5.48  2
  36.52  -5.48  2
  36.57  -5.49  2
  36.60  -5.50  2
  36.60  -5.53  2
  36.61  -5.57  2
  36.65  -5.59  2
  36.69  -5.63  2
  36.70  -5.66  2
  36.02  -5.60  2
  36.04  -5.56  2
  36.04  -5.56  3
  99.00   0.00  3
 92X  16 302  46  50   0 AN 021 2
  44.80 -21.13  3
  44.74 -21.17  2
  44.66 -21.17  2
  44.43 -21.41  2
  44.35 -21.41  2
  44.20 -21.72  3
  44.15 -21.64  2
  44.12 -21.68  2
  43.98 -21.88  3
  43.92 -21.88  2
  43.09 -21.99  3
  43.09 -21.99  2
  42.89 -22.07  2
  42.77 -22.15  2
  42.60 -22.19  2
  42.51 -22.23  2
  42.37 -22.31  2
  42.45 -22.86  3
  42.37 -22.86  2
  42.19 -22.90  2
  42.05 -22.94  2
  41.84 -23.01  2
  41.66 -23.01  2
  41.46 -23.05  2
  41.28 -23.05  2
  41.10 -23.05  2
  40.92 -23.01  2
  40.80 -22.93  2
  40.77 -22.85  2
  40.60 -22.85  2
  40.45 -22.89  2
  40.27 -22.97  2
  40.29 -23.09  2
  40.20 -23.09  2
  40.05 -23.28  3
  40.02 -23.28  2
  39.99 -23.20  2
  39.93 -23.09  2
  39.75 -23.16  2
  39.63 -23.20  2
  39.48 -23.28  2
  39.42 -23.28  2
  39.33 -23.32  2
  39.23 -23.48  3
  39.14 -23.56  2
  38.99 -23.63  2
  38.68 -23.83  3
  38.62 -23.83  2
  38.53 -23.87  2
  38.37 -24.18  3
  38.31 -24.18  2
  38.22 -24.22  2
  38.13 -24.22  2
  37.94 -24.22  2
  37.88 -24.26  2
  37.88 -24.34  3
  99.00   0.00  3
 92X  17 302  28  59   0 AN 025 2
  44.63 -19.12  3
  44.60 -19.12  2
  44.43 -19.20  2
  44.27 -19.32  2
  44.07 -19.40  2
  43.90 -19.51  2
  43.70 -19.59  2
  43.50 -19.67  2
  43.33 -19.75  2
  43.15 -19.83  2
  43.01 -19.87  2
  42.40 -20.81  3
  42.40 -20.81  2
  42.22 -20.89  2
  41.93 -20.89  2
  41.73 -20.93  2
  41.58 -20.92  2
  41.34 -20.96  2
  41.17 -20.96  2
  40.99 -21.04  2
  40.75 -21.08  2
  40.54 -21.20  2
  40.27 -21.28  2
  40.09 -21.35  2
  39.88 -21.39  2
  39.63 -21.55  2
  39.27 -21.63  2
  39.15 -21.70  2
  38.99 -21.78  2
  38.81 -21.86  2
  38.59 -21.86  2
  38.44 -22.02  2
  38.13 -22.13  2
  37.94 -22.29  2
  37.72 -22.45  2
  37.57 -22.57  2
  37.44 -22.61  2
  37.32 -22.64  2
  37.26 -22.60  3
  99.00   0.00  3
 92X  18 302  30  67   0 AN 030 2
  45.03 -17.12  3
  44.89 -17.23  2
  44.69 -17.35  2
  44.49 -17.51  2
  44.30 -17.66  2
  44.16 -17.78  2
  43.99 -17.86  2
  43.87 -17.98  2
  43.76 -18.10  2
  43.61 -18.17  2
  43.47 -18.21  2
  43.24 -18.33  2
  43.07 -18.41  2
  42.87 -18.53  2
  42.72 -18.68  2
  42.14 -19.04  3
  41.96 -19.07  2
  41.85 -19.07  2
  41.70 -19.07  2
  41.55 -19.07  2
  41.32 -19.15  2
  41.20 -19.19  2
  40.93 -19.31  3
  40.90 -19.31  2
  40.69 -19.35  2
  40.57 -19.38  2
  40.39 -19.42  2
  40.15 -19.50  2
  39.94 -19.54  2
  39.76 -19.54  2
  39.64 -19.58  2
  39.27 -19.70  3
  39.21 -19.77  2
  39.09 -19.85  2
  38.90 -19.97  2
  38.63 -20.13  2
  38.38 -20.28  2
  38.20 -20.40  2
  37.98 -20.52  2
  37.76 -20.64  2
  37.57 -20.79  2
  37.32 -20.91  2
  37.16 -21.03  2
  37.04 -21.11  2
  37.04 -21.11  3
  99.00   0.00  3
 92X  19 302  31  72   0 AN 032 2
  41.79 -18.68  3
  41.73 -18.72  2
  41.61 -18.68  2
  41.41 -18.72  2
  41.23 -18.76  2
  41.17 -18.76  2
  40.81 -18.83  3
  40.78 -18.87  2
  40.60 -18.87  2
  40.45 -18.91  2
  40.15 -18.95  3
  40.09 -19.03  2
  39.91 -18.99  2
  39.73 -19.07  2
  39.52 -19.07  2
  39.30 -19.14  2
  38.72 -19.58  3
  38.57 -19.69  2
  38.44 -19.69  2
  38.26 -19.77  2
  38.07 -19.89  2
  37.95 -20.05  2
  37.79 -20.12  2
  37.64 -20.28  2
  37.51 -20.40  2
  37.35 -20.52  2
  37.32 -20.56  2
  37.20 -20.63  2
  37.13 -20.71  2
  37.07 -20.75  3
  37.07 -20.75  3
  99.00   0.00  3
 92X  20 302  35  74   0 AN 033 2
  41.97 -18.33  3
  41.85 -18.29  2
  41.73 -18.25  2
  41.64 -18.29  2
  41.53 -18.44  2
  41.38 -18.44  2
  41.02 -18.44  3
  40.96 -18.48  2
  40.87 -18.44  2
  40.69 -18.56  3
  40.57 -18.60  2
  40.45 -18.60  2
  40.24 -18.63  3
  40.15 -18.67  2
  40.00 -18.71  2
  39.85 -18.71  2
  39.73 -18.75  2
  39.58 -18.75  2
  39.43 -18.79  2
  39.27 -18.87  2
  38.66 -19.22  3
  38.63 -19.26  2
  38.48 -19.26  2
  38.35 -19.34  2
  38.07 -19.49  3
  38.04 -19.53  2
  37.95 -19.53  2
  37.79 -19.61  2
  37.61 -19.81  3
  37.57 -19.85  2
  37.42 -19.93  2
  37.35 -20.00  2
  37.23 -20.12  2
  37.14 -20.16  2
  37.10 -20.16  3
  99.00   0.00  3
 92X  21 302  48  80   0 AN 33X 2
  45.00 -15.07  3
  44.97 -15.18  2
  44.86 -15.42  2
  44.69 -15.62  2
  44.53 -15.85  2
  44.41 -15.97  2
  44.27 -16.13  2
  44.13 -16.28  2
  43.99 -16.36  2
  43.70 -16.56  3
  43.65 -16.56  2
  43.53 -16.52  2
  43.39 -16.60  2
  43.22 -16.68  2
  43.04 -16.75  2
  42.87 -16.79  2
  42.76 -16.83  2
  42.61 -16.87  2
  42.14 -17.07  3
  42.00 -17.14  2
  41.91 -17.14  2
  41.76 -17.34  3
  41.67 -17.38  2
  41.44 -17.42  2
  41.23 -17.53  2
  41.08 -17.57  2
  40.90 -17.69  2
  40.70 -17.77  2
  40.52 -17.85  2
  40.37 -17.85  2
  40.15 -18.00  2
  40.00 -18.00  2
  39.82 -18.04  3
  39.76 -18.08  2
  39.61 -18.08  2
  38.97 -18.39  3
  38.82 -18.43  2
  38.66 -18.47  2
  38.54 -18.51  2
  38.32 -18.59  2
  38.17 -18.63  2
  37.89 -18.82  3
  37.83 -18.90  2
  37.70 -18.98  2
  37.58 -19.10  2
  37.42 -19.22  2
  37.33 -19.29  2
  37.29 -19.26  3
  99.00   0.00  3
 92X  22 302  47  84   0 AN 034 2
  44.78 -14.79  3
  44.72 -14.91  2
  44.64 -15.03  2
  44.53 -15.18  2
  44.39 -15.30  2
  44.24 -15.46  2
  44.13 -15.61  2
  43.96 -15.77  2
  43.85 -15.89  2
  43.70 -16.09  2
  43.50 -16.16  2
  43.25 -16.20  2
  43.07 -16.24  2
  42.90 -16.32  2
  42.73 -16.44  2
  42.58 -16.48  2
  42.35 -16.51  2
  42.17 -16.59  2
  41.85 -16.75  3
  41.73 -16.79  2
  41.47 -16.83  2
  41.32 -16.90  2
  41.11 -16.98  2
  40.94 -17.02  2
  40.73 -17.10  2
  40.55 -17.14  2
  40.43 -17.22  2
  40.19 -17.41  3
  40.16 -17.41  2
  40.01 -17.45  2
  39.64 -17.53  3
  39.61 -17.57  2
  39.37 -17.61  2
  39.22 -17.73  2
  39.22 -17.73  3
  39.15 -17.76  2
  38.94 -17.84  2
  38.72 -17.92  2
  38.45 -17.96  2
  38.29 -18.04  2
  38.11 -18.08  2
  37.98 -18.11  2
  37.67 -18.43  3
  37.61 -18.51  2
  37.45 -18.55  2
  37.36 -18.59  2
  37.36 -18.59  3
  99.00   0.00  3
 92X  23 302  20 118   0 AN M00 3
  41.24 -13.52  3
  41.06 -13.52  2
  40.88 -13.51  2
  40.70 -13.51  2
  40.52 -13.51  2
  40.52 -13.67  3
  40.46 -13.71  2
  40.19 -13.75  2
  40.04 -13.75  2
  39.83 -13.63  2
  39.65 -13.59  2
  39.13 -13.27  3
  38.98 -13.35  2
  38.86 -13.27  2
  38.58 -13.31  2
  38.33 -13.35  2
  38.21 -13.39  2
  37.99 -13.43  2
  37.84 -13.46  2
  55.57  12.87  3
  99.00   0.00  3
 3XX 999 302  13 580   0 GR 000 7
  39.94  -5.65  3
  39.95  -5.14  2
  39.94  -4.38  2
  41.04  -5.10  3
  39.95  -5.16  2
  39.11  -5.06  2
  39.96  -0.61  3
  39.99  -0.07  2
  39.93   0.58  2
  40.75  -0.06  3
  39.91  -0.04  2
  39.11  -0.05  2
  48.41  15.29  3
  99.00   0.00  3
 30X 100 302 990 600   0 CS 000 7 
  42.07   3.26 3
  41.95   3.32 2
  41.79   3.16 2
  41.62   2.83 2
  41.47   2.46 2
  41.29   2.22 2
  41.21   1.90 2
  41.09   1.50 2
  40.99   1.14 2
  40.79   0.92 2
  40.69   0.92 2
  40.58   0.77 2
  40.37   0.55 2
  40.18   0.40 2
  39.99   0.26 2
  39.82   0.07 2
  39.63  -0.10 2
  39.45  -0.17 2
  39.39  -0.21 2
  39.36  -0.23 2
  39.33  -0.23 2
  39.25  -0.16 2
  39.11  -0.13 2
  39.01  -0.08 2
  38.94   0.01 2
  38.89   0.10 2
  38.87   0.25 2
  38.78   0.31 2
  38.65   0.23 2
  38.50  -0.01 2
  38.42  -0.18 2
  38.31  -0.30 2
  38.18  -0.39 2
  38.08  -0.48 2
  37.94  -0.52 2
  37.83  -0.61 2
  37.70  -0.66 2
  37.62  -0.62 2
  37.59  -0.79 2
  37.58  -1.00 2
  37.55  -1.20 2
  37.43  -1.36 2
  37.28  -1.57 2
  37.15  -1.63 2
  37.01  -1.69 2
  36.89  -1.77 2
  36.80  -1.87 2
  36.78  -2.01 2
  36.82  -2.23 2
  36.73  -2.51 2
  36.74  -2.74 2
  36.79  -3.03 2
  36.75  -3.32 2
  36.78  -3.56 2
  36.75  -3.88 2
  36.73  -4.05 2
  36.71  -4.22 2
  36.53  -4.43 2
  36.51  -4.66 2
  36.44  -4.87 2
  36.31  -5.02 2
  36.22  -5.08 2
  36.15  -5.17 2
  36.14  -5.21 2
  36.11  -5.24 2
  36.09  -5.31 2
  36.09  -5.41 2
  36.13  -5.62 2
  36.26  -5.84 2
  36.40  -5.96 2
  36.50  -6.04 2
  36.63  -6.06 2
  36.72  -6.19 2
  36.87  -6.20 2
  36.99  -6.28 2
  37.10  -6.43 2
  37.16  -6.58 2
  37.21  -6.71 2
  37.24  -6.84 2
  37.24  -6.98 2
  37.22  -7.24 2
  41.82  -8.64 3
  41.65  -8.59 2
  41.39  -8.54 2
  41.21  -8.48 2
  41.09  -8.50 2
  40.96  -8.52 2
  40.81  -8.55 2
  40.65  -8.59 2
  40.53  -8.65 2
  40.30  -8.70 2
  40.09  -8.73 2
  39.94  -8.77 2
  39.79  -8.85 2
  39.69  -8.88 2
  39.52  -8.99 2
  39.37  -9.13 2
  39.27  -9.21 2
  39.17  -9.21 2
  39.01  -9.21 2
  38.90  -9.26 2
  38.81  -9.29 2
  38.76  -9.28 2
  38.69  -9.12 2
  38.55  -9.00 2
  38.46  -8.95 2
  38.50  -8.81 2
  38.53  -8.65 2
  38.54  -8.55 2
  38.48  -8.56 2
  38.42  -8.62 2
  38.35  -8.61 2
  38.19  -8.61 2
  38.02  -8.65 2
  37.92  -8.62 2
  37.80  -8.63 2
  37.78  -8.63 2
  37.73  -8.63 2
  37.60  -8.62 2
  37.47  -8.65 2
  37.28  -8.75 2
  37.12  -8.76 2
  37.07  -8.70 2
  37.12  -8.51 2
  37.12  -8.29 2
  37.11  -8.05 2
  37.06  -7.89 2
  37.06  -7.69 2
  37.11  -7.52 2
  37.18  -7.39 2
  37.20  -7.27 2
  37.22  -7.24 2
  43.43  -3.80 3
  43.42  -4.15 2
  43.43  -4.47 2
  43.49  -4.87 2
  43.53  -5.08 2
  43.54  -5.29 2
  43.61  -5.63 2
  43.63  -5.85 2
  43.56  -6.04 2
  43.55  -6.41 2
  43.55  -6.79 2
  43.60  -7.14 2
  43.70  -7.41 2
  43.73  -7.60 2
  43.70  -7.78 2
  43.66  -8.02 2
  43.52  -8.14 2
  43.42  -8.13 2
  43.32  -8.27 2
  43.31  -8.62 2
  43.26  -8.83 2
  43.15  -9.04 2
  42.97  -9.12 2
  42.87  -8.97 2
  42.80  -8.84 2
  42.68  -8.86 2
  42.62  -8.74 2
  42.63  -8.65 2
  42.45  -8.77 2
  42.40  -8.61 2
  42.28  -8.66 2
  42.30  -8.51 2
  42.18  -8.63 2
  42.01  -8.69 2
  41.89  -8.68 2
  41.82  -8.64 2
  35.75  -5.78 3
  35.82  -5.68 2
  35.85  -5.52 2
  35.92  -5.30 2
  35.83  -5.23 2
  99.00   0.00 3
 9XX   1 302  33 250   0 MA 000 6
  42.09   3.37  3
  42.37   1.93  2
  43.02  -0.39  2
  43.58  -1.87  2
  44.26  -3.56  2
  44.43  -4.61  2
  44.26  -6.44  2
  44.61  -9.04  2
  44.20  -9.36  2
  44.20  -9.85  2
  43.39  -9.92  2
  42.46  -9.67  2
  41.73  -9.42  2
  40.89  -9.46  2
  40.09  -9.53  2
  38.84  -9.77  2
  37.82  -9.87  2
  36.78  -9.80  2
  36.53  -8.71  2
  36.81  -7.52  2
  36.22  -6.00  2
  36.14  -4.98  2
  36.34  -3.75  2
  36.34  -2.77  2
  36.48  -1.85  2
  37.47  -0.41  2
  38.41   0.53  2
  39.32   1.06  2
  40.37   1.93  2
  41.12   2.67  2
  41.80   3.13  2
  42.17   3.58  2
  42.25   3.83  3
  99.00   0.00  3
 9XX   2 302  12 120   0 MA 000 5
  44.00 -10.06  3
  43.08 -10.20  2
  43.59 -11.36  2
  43.41 -12.24  2
  42.38 -12.41  2
  41.20 -11.74  2
  41.26  -9.95  2
  39.90 -10.37  2
  39.14 -10.93  2
  38.26  -9.98  2
  36.70  -9.87  2
  36.70  -9.87  3
  99.00   0.00  3
 93X 500 302 200 199   0 BA 000 5
  36.14  -7.63  3
  36.17  -7.67  2
  36.14  -7.72  2
  36.18  -7.74  2
  36.21  -7.73  2
  36.23  -7.74  2
  36.27  -7.77  2
  36.30  -7.75  2
  36.35  -7.73  2
  36.38  -7.72  2
  36.36  -7.77  2
  36.35  -7.83  2
  36.37  -7.88  2
  36.40  -7.94  2
  36.42  -7.98  2
  36.46  -8.02  2
  36.51  -8.07  2
  36.55  -8.14  2
  36.57  -8.19  2
  36.59  -8.27  2
  36.60  -8.34  2
  36.60  -8.40  2
  36.62  -8.45  2
  36.64  -8.49  2
  36.67  -8.50  2
  36.70  -8.51  2
  36.71  -8.56  2
  36.67  -8.58  2
  36.63  -8.61  2
  36.60  -8.68  2
  36.59  -8.74  2
  36.59  -8.80  2
  36.62  -8.79  2
  36.62  -8.83  2
  36.63  -8.94  2
  36.66  -9.03  2
  36.67  -9.08  2
  36.69  -9.15  2
  36.70  -9.19  2
  36.70  -9.25  2
  36.73  -9.31  2
  36.75  -9.37  2
  36.78  -9.40  2
  36.82  -9.40  2
  36.88  -9.38  2
  36.93  -9.33  2
  36.97  -9.29  2
  37.01  -9.22  2
  37.03  -9.18  2
  37.06  -9.19  2
  37.11  -9.21  2
  37.13  -9.22  2
  37.11  -9.25  2
  37.11  -9.29  2
  37.10  -9.31  2
  37.11  -9.33  2
  37.13  -9.35  2
  37.16  -9.40  2
  37.17  -9.41  2
  37.21  -9.41  2
  37.26  -9.40  2
  37.31  -9.40  2
  37.37  -9.39  2
  37.42  -9.40  2
  37.46  -9.40  2
  37.49  -9.40  2
  37.52  -9.40  2
  37.57  -9.40  2
  37.59  -9.45  2
  37.62  -9.49  2
  37.66  -9.52  2
  37.69  -9.54  2
  37.72  -9.51  2
  37.72  -9.49  2
  37.74  -9.47  2
  37.76  -9.43  2
  37.78  -9.45  2
  37.81  -9.48  2
  37.83  -9.48  2
  37.88  -9.43  2
  37.91  -9.41  2
  37.93  -9.40  2
  37.96  -9.38  2
  37.98  -9.37  2
  38.01  -9.36  2
  38.01  -9.32  2
  38.06  -9.31  2
  38.10  -9.31  2
  38.15  -9.29  2
  38.18  -9.28  2
  38.20  -9.22  2
  38.22  -9.16  2
  38.23  -9.14  2
  38.26  -9.19  2
  38.27  -9.22  2
  38.30  -9.26  2
  38.30  -9.30  2
  38.29  -9.34  2
  38.30  -9.38  2
  38.30  -9.40  2
  38.33  -9.39  2
  38.36  -9.35  2
  38.38  -9.33  2
  38.39  -9.34  2
  38.38  -9.39  2
  38.38  -9.41  2
  38.38  -9.45  2
  38.37  -9.49  2
  38.39  -9.58  2
  38.39  -9.62  2
  38.42  -9.64  2
  38.45  -9.66  2
  38.49  -9.67  2
  38.52  -9.68  2
  38.54  -9.70  2
  38.58  -9.70  2
  38.59  -9.72  2
  38.59  -9.77  2
  38.60  -9.83  2
  38.62  -9.83  2
  38.66  -9.84  2
  38.68  -9.86  2
  38.68  -9.91  2
  38.70  -9.95  2
  38.72  -9.97  2
  38.74 -10.00  2
  38.75 -10.03  2
  38.75 -10.11  2
  38.76 -10.15  2
  38.77 -10.22  2
  38.77 -10.25  2
  38.80 -10.27  2
  38.82 -10.23  2
  38.84 -10.21  2
  38.86 -10.17  2
  38.87 -10.14  2
  38.88 -10.18  2
  38.90 -10.21  2
  38.94 -10.22  2
  38.96 -10.22  2
  38.98 -10.26  2
  38.99 -10.31  2
  39.00 -10.36  2
  39.03 -10.38  2
  39.06 -10.39  2
  39.09 -10.35  2
  39.09 -10.30  2
  39.11 -10.28  2
  39.14 -10.27  2
  39.17 -10.28  2
  39.21 -10.27  2
  39.28 -10.25  2
  39.29 -10.22  2
  39.31 -10.15  2
  39.31 -10.08  2
  39.31 -10.02  2
  39.31  -9.96  2
  39.33  -9.92  2
  39.38  -9.87  2
  39.40  -9.85  2
  39.42  -9.79  2
  39.42  -9.73  2
  39.42  -9.68  2
  39.46  -9.59  2
  39.47  -9.56  2
  39.51  -9.50  2
  39.54  -9.42  2
  39.55  -9.39  2
  39.58  -9.39  2
  39.57  -9.47  2
  39.57  -9.53  2
  39.58  -9.59  2
  39.59  -9.66  2
  39.63  -9.67  2
  39.63  -9.64  2
  39.68  -9.64  2
  39.72  -9.68  2
  39.75  -9.70  2
  39.77  -9.66  2
  39.81  -9.68  2
  39.85  -9.73  2
  39.89  -9.75  2
  39.92  -9.77  2
  39.94  -9.77  2
  39.98  -9.75  2
  40.03  -9.75  2
  40.06  -9.76  2
  40.08  -9.83  2
  40.10  -9.83  2
  40.17  -9.80  2
  40.25  -9.77  2
  40.33  -9.74  2
  40.39  -9.71  2
  40.41  -9.68  2
  40.41  -9.65  2
  40.41  -9.62  2
  40.44  -9.58  2
  40.47  -9.56  2
  40.52  -9.52  2
  40.53  -9.50  2
  99.00   0.00  3
 93X 500 302 173 199   0 BA 000 5
  40.55  -9.45  3
  40.56  -9.41  2
  40.59  -9.37  2
  40.60  -9.34  2
  40.67  -9.32  2
  40.70  -9.34  2
  40.75  -9.31  2
  40.77  -9.28  2
  40.81  -9.28  2
  40.84  -9.31  2
  40.86  -9.34  2
  40.90  -9.39  2
  40.93  -9.41  2
  40.98  -9.39  2
  41.02  -9.38  2
  41.07  -9.40  2
  41.10  -9.39  2
  41.15  -9.36  2
  41.19  -9.37  2
  41.22  -9.35  2
  41.26  -9.31  2
  41.26  -9.27  2
  41.26  -9.23  2
  41.31  -9.19  2
  41.36  -9.24  2
  41.42  -9.25  2
  41.45  -9.24  2
  41.51  -9.24  2
  41.54  -9.23  2
  41.58  -9.22  2
  41.60  -9.27  2
  41.64  -9.32  2
  41.68  -9.31  2
  41.72  -9.33  2
  41.74  -9.37  2
  41.78  -9.37  2
  41.80  -9.37  2
  41.84  -9.41  2
  41.87  -9.38  2
  41.90  -9.41  2
  41.95  -9.42  2
  41.95  -9.37  2
  41.99  -9.37  2
  42.01  -9.41  2
  42.05  -9.44  2
  42.09  -9.43  2
  42.13  -9.43  2
  42.15  -9.44  2
  42.19  -9.45  2
  42.25  -9.49  2
  42.29  -9.48  2
  42.32  -9.47  2
  42.35  -9.46  2
  42.35  -9.42  2
  42.27  -9.46  3
  42.31  -9.48  2
  42.34  -9.46  2
  42.37  -9.41  2
  42.41  -9.38  2
  42.45  -9.40  2
  42.49  -9.43  2
  42.54  -9.49  2
  42.58  -9.54  2
  42.62  -9.59  2
  42.66  -9.60  2
  42.70  -9.60  2
  42.74  -9.63  2
  42.77  -9.66  2
  42.84  -9.66  2
  42.89  -9.65  2
  42.92  -9.64  2
  42.94  -9.60  2
  42.98  -9.58  2
  43.01  -9.60  2
  43.06  -9.63  2
  43.13  -9.63  2
  43.19  -9.60  2
  43.24  -9.58  2
  43.32  -9.51  2
  43.38  -9.47  2
  43.38  -9.42  2
  43.41  -9.36  2
  43.47  -9.33  2
  43.51  -9.24  2
  43.55  -9.15  2
  43.58  -9.07  2
  43.58  -9.04  2
  43.60  -8.98  2
  43.66  -8.94  2
  43.68  -8.88  2
  43.74  -8.82  2
  43.80  -8.81  2
  43.84  -8.79  2
  43.90  -8.74  2
  43.93  -8.70  2
  44.00  -8.71  2
  44.04  -8.72  2
  44.07  -8.78  2
  44.10  -8.82  2
  44.12  -8.85  2
  44.14  -8.81  2
  44.07  -8.97  3
  44.06  -9.03  2
  44.10  -9.06  2
  44.19  -9.02  2
  44.21  -8.89  2
  44.21  -8.81  2
  44.22  -8.70  2
  44.23  -8.56  2
  44.22  -8.40  2
  44.22  -8.31  2
  44.21  -8.27  2
  44.17  -8.22  2
  44.16  -8.08  2
  44.14  -8.01  2
  44.14  -7.89  2
  44.13  -7.81  2
  44.11  -7.66  2
  44.09  -7.55  2
  44.16  -7.48  2
  44.15  -7.36  2
  44.16  -7.23  2
  44.11  -7.15  2
  44.07  -7.12  2
  44.05  -7.07  2
  44.06  -6.90  2
  44.03  -6.78  2
  44.00  -6.66  2
  43.98  -6.57  2
  43.95  -6.47  2
  43.94  -6.41  2
  43.90  -6.31  2
  43.85  -6.27  2
  43.79  -6.20  2
  43.79  -6.16  2
  43.87  -6.23  2
  43.91  -6.22  2
  43.94  -6.16  2
  43.93  -6.22  2
  43.95  -6.14  2
  43.95  -6.04  2
  43.94  -5.98  2
  43.92  -5.90  2
  43.90  -5.81  2
  43.96  -5.70  2
  43.96  -5.56  2
  43.93  -5.29  2
  43.89  -5.16  2
  43.85  -5.06  2
  43.82  -4.96  2
  43.76  -4.81  2
  43.77  -4.67  2
  43.71  -4.52  2
  43.64  -4.39  2
  43.68  -4.16  2
  43.68  -4.02  2
  43.75  -3.96  2
  43.78  -3.84  2
  43.72  -3.66  2
  43.68  -3.54  2
  43.66  -3.44  2
  43.66  -3.34  2
  43.69  -3.25  2
  43.69  -3.14  2
  43.68  -2.99  2
  43.65  -2.87  2
  43.67  -2.73  2
  43.70  -2.70  2
  43.64  -2.57  2
  43.65  -2.40  2
  43.69  -2.25  2
  43.70  -2.21  2
  43.73  -2.21  3
  99.00   0.00  3
 93X 500 302 200 199   0 BA 000 7
  43.07  -9.98  3
  43.13 -10.06  2
  43.19 -10.09  2
  43.24 -10.08  2
  43.32 -10.16  2
  43.38 -10.25  2
  43.47 -10.35  2
  43.51 -10.32  2
  43.50 -10.22  2
  43.49 -10.04  2
  43.51  -9.95  2
  43.57  -9.90  2
  43.57 -10.00  2
  43.65 -10.10  2
  43.77 -10.13  2
  43.80 -10.00  2
  43.85  -9.79  2
  43.91  -9.67  2
  43.99  -9.56  2
  43.98  -9.46  2
  43.94  -9.34  2
  43.98  -9.31  2
  44.04  -9.29  2
  44.11  -9.26  2
  44.16  -9.21  2
  44.20  -9.20  2
  44.23  -9.21  2
  44.27  -9.28  2
  44.35  -9.29  2
  44.39  -9.23  2
  44.39  -9.15  2
  44.39  -9.04  2
  44.39  -8.95  2
  44.40  -8.78  2
  44.37  -8.66  2
  44.32  -8.58  2
  44.34  -8.35  2
  44.34  -8.20  2
  44.29  -8.09  2
  44.22  -8.05  2
  44.21  -7.77  2
  44.18  -7.62  2
  44.20  -7.44  2
  44.21  -7.21  2
  44.32  -7.00  2
  44.20  -6.72  2
  44.13  -6.61  2
  44.11  -6.34  2
  44.11  -6.15  2
  44.15  -6.07  2
  44.17  -5.91  2
  44.17  -5.73  2
  44.18  -5.61  2
  44.20  -5.39  2
  44.24  -5.18  2
  44.25  -4.96  2
  44.27  -4.74  2
  44.34  -4.34  2
  44.28  -4.19  2
  44.23  -4.11  2
  44.08  -4.11  2
  43.88  -4.19  2
  43.82  -4.09  2
  44.05  -4.04  2
  44.20  -3.97  2
  44.34  -3.89  2
  44.22  -3.73  2
  44.07  -3.67  2
  43.90  -3.69  2
  43.83  -3.62  2
  43.81  -3.48  2
  43.81  -3.34  2
  43.83  -3.28  2
  42.98  -9.98  3
  42.94 -10.10  2
  42.88 -10.15  2
  42.79 -10.24  2
  42.70 -10.31  2
  42.74 -10.39  2
  42.80 -10.42  2
  42.81 -10.51  2
  42.83 -10.63  2
  42.85 -10.73  2
  42.92 -10.81  2
  43.03 -10.86  2
  43.11 -10.92  2
  43.20 -11.00  2
  43.26 -11.10  2
  43.30 -11.24  2
  43.33 -11.29  2
  43.36 -11.36  2
  43.37 -11.58  2
  43.34 -11.71  2
  43.31 -11.87  2
  43.24 -12.09  2
  43.19 -12.22  2
  43.11 -12.33  2
  43.05 -12.42  2
  42.92 -12.44  2
  42.89 -12.33  2
  42.86 -12.23  2
  42.80 -12.15  2
  42.76 -12.14  2
  42.68 -12.18  2
  42.60 -12.13  2
  42.55 -12.10  2
  42.46 -12.05  2
  42.35 -12.01  2
  42.26 -12.01  2
  42.18 -11.98  2
  42.28 -11.82  2
  42.21 -11.77  2
  42.09 -11.78  2
  42.00 -11.72  2
  41.90 -11.62  2
  41.87 -11.51  2
  41.79 -11.46  2
  41.66 -11.50  2
  41.58 -11.44  2
  41.49 -11.36  2
  41.49 -11.20  2
  41.58 -11.07  2
  41.60 -10.98  2
  41.58 -10.86  2
  41.67 -10.72  2
  41.80 -10.70  2
  41.86 -10.64  2
  41.83 -10.45  2
  41.78 -10.25  2
  41.67 -10.14  2
  41.49  -9.96  2
  41.42  -9.85  2
  41.32  -9.91  2
  41.26  -9.96  2
  41.31  -9.78  2
  41.37  -9.69  2
  41.35  -9.58  2
  41.24  -9.62  2
  41.18  -9.63  2
  41.11  -9.63  2
  41.04  -9.78  2
  40.89  -9.67  2
  40.78  -9.69  2
  40.78  -9.86  2
  40.89 -10.01  2
  40.90 -10.10  2
  40.84 -10.11  2
  40.72 -10.15  2
  40.66 -10.15  2
  40.56 -10.15  2
  40.49 -10.23  2
  40.49 -10.04  2
  40.46  -9.88  2
  40.31  -9.89  2
  40.15 -10.01  2
  40.09 -10.06  2
  40.00 -10.04  2
  39.94 -10.01  2
  39.86 -10.01  2
  39.83  -9.87  2
  39.82  -9.82  2
  39.76  -9.94  2
  39.76 -10.03  2
  39.76 -10.14  2
  39.70 -10.14  2
  39.60 -10.06  2
  39.54 -10.01  2
  39.53  -9.83  2
  39.53  -9.71  2
  39.47  -9.76  2
  39.45  -9.89  2
  39.45 -10.02  2
  39.49 -10.15  2
  39.52 -10.27  2
  39.46 -10.39  2
  39.41 -10.57  2
  39.35 -10.69  2
  39.22 -10.77  2
  39.09 -10.86  2
  38.98 -10.96  2
  38.84 -10.91  2
  38.82 -10.72  2
  38.82 -10.51  2
  38.76 -10.38  2
  38.69 -10.28  2
  38.63 -10.06  2
  38.54  -9.95  2
  38.48  -9.81  2
  38.41  -9.75  2
  38.35  -9.68  2
  38.28  -9.73  2
  38.28  -9.92  2
  38.25  -9.95  2
  38.17  -9.92  2
  38.09  -9.97  2
  38.12  -9.70  2
  38.08  -9.65  2
  38.00  -9.89  2
  37.97 -10.04  2
  37.81 -10.12  2
  99.00   0.00  3
 93X 500 302  30 199   0 BA 000 7
  37.73 -10.15  3
  37.69 -10.22  2
  37.68 -10.22  2
  37.58 -10.21  2
  37.54 -10.12  2
  37.53  -9.96  2
  37.52  -9.86  2
  37.45  -9.82  2
  37.37  -9.72  2
  37.31  -9.70  2
  37.21  -9.75  2
  37.10  -9.73  2
  37.03  -9.79  2
  37.01  -9.91  2
  36.94  -9.98  2
  36.74 -10.03  2
  36.70 -10.03  2
  36.77  -9.79  2
  36.83  -9.66  2
  36.69  -9.67  2
  36.62  -9.56  2
  36.56  -9.54  2
  36.49  -9.41  2
  36.46  -9.31  2
  36.44  -9.12  2
  36.40  -9.06  2
  36.38  -8.91  2
  36.33  -8.90  2
  36.25  -8.94  2
  36.22  -8.94  3
  99.00   0.00  3
 93X 500 302 200 199   0 BA 200 6
  36.39  -8.49  3
  36.44  -8.45  2
  36.48  -8.46  2
  36.52  -8.48  2
  36.56  -8.51  2
  36.50  -8.56  2
  36.51  -8.60  2
  36.49  -8.65  2
  36.43  -8.71  2
  36.44  -8.77  2
  36.46  -8.85  2
  36.48  -8.93  2
  36.45  -9.03  2
  36.49  -9.06  2
  36.54  -8.98  2
  36.57  -9.03  2
  36.59  -9.13  2
  36.59  -9.21  2
  36.61  -9.28  2
  36.62  -9.32  2
  36.64  -9.40  2
  36.66  -9.46  2
  36.69  -9.54  2
  36.72  -9.59  2
  36.77  -9.58  2
  36.80  -9.58  2
  36.82  -9.52  2
  36.85  -9.57  3
  36.90  -9.54  2
  36.90  -9.48  2
  36.93  -9.42  2
  36.98  -9.43  2
  36.95  -9.53  2
  36.93  -9.66  2
  36.95  -9.69  2
  37.03  -9.65  2
  37.11  -9.67  2
  37.18  -9.68  2
  37.24  -9.70  2
  37.34  -9.68  2
  37.44  -9.70  2
  37.49  -9.72  2
  37.58  -9.73  2
  37.65  -9.73  2
  37.68  -9.77  2
  37.73  -9.87  2
  37.77  -9.77  2
  37.82  -9.70  2
  37.95  -9.70  2
  38.05  -9.66  2
  38.14  -9.55  2
  38.22  -9.44  2
  38.23  -9.46  2
  38.18  -9.57  2
  38.18  -9.71  2
  38.20  -9.78  2
  38.26  -9.68  2
  38.31  -9.55  2
  38.32  -9.58  2
  38.32  -9.67  2
  38.35  -9.61  2
  38.37  -9.65  2
  38.38  -9.70  2
  38.42  -9.75  2
  38.46  -9.78  2
  38.48  -9.85  2
  38.52  -9.92  2
  38.58  -9.96  2
  38.62 -10.02  2
  38.65 -10.08  2
  38.70 -10.13  2
  38.72 -10.15  2
  38.74 -10.26  2
  38.77 -10.35  2
  38.82 -10.33  2
  38.87 -10.36  2
  38.91 -10.56  2
  38.85 -10.31  3
  38.88 -10.39  2
  38.92 -10.48  2
  38.94 -10.56  2
  38.91 -10.63  2
  38.96 -10.68  2
  39.01 -10.67  2
  39.06 -10.68  2
  39.14 -10.75  2
  39.18 -10.71  2
  39.20 -10.59  2
  39.23 -10.48  2
  39.26 -10.44  2
  39.36 -10.41  2
  39.40 -10.30  2
  39.39 -10.18  2
  39.36 -10.07  2
  39.36 -10.00  2
  39.39  -9.91  2
  39.45  -9.81  2
  39.49  -9.69  2
  39.55  -9.71  2
  39.58  -9.84  2
  39.63  -9.89  2
  39.70  -9.82  2
  39.66  -9.96  2
  39.76  -9.90  2
  39.81  -9.84  2
  39.84  -9.95  2
  39.97  -9.94  2
  40.05  -9.96  2
  40.12  -9.96  2
  40.19  -9.91  2
  40.30  -9.86  2
  40.40  -9.80  2
  40.47  -9.76  2
  40.51  -9.66  2
  40.56  -9.55  2
  40.60  -9.48  2
  40.67  -9.41  2
  40.75  -9.37  2
  40.75  -9.37  2
  40.84  -9.46  2
  40.94  -9.51  2
  41.03  -9.51  2
  41.12  -9.46  2
  41.14  -9.54  2
  41.19  -9.60  2
  41.24  -9.46  2
  41.31  -9.36  2
  41.37  -9.36  2
  41.43  -9.37  2
  41.50  -9.40  2
  41.51  -9.56  2
  41.58  -9.51  2
  41.66  -9.46  2
  41.69  -9.50  2
  41.74  -9.57  2
  41.79  -9.57  2
  41.86  -9.60  2
  41.94  -9.63  2
  42.01  -9.68  2
  42.06  -9.68  2
  42.11  -9.63  2
  42.22  -9.63  2
  42.32  -9.71  2
  42.41  -9.78  2
  42.49  -9.78  2
  42.51  -9.66  2
  42.56  -9.70  2
  42.64  -9.77  2
  42.74  -9.78  2
  42.85  -9.84  2
  42.92  -9.86  2
  42.96  -9.82  2
  42.96  -9.74  2
  43.01  -9.69  2
  43.05  -9.69  2
  43.11  -9.69  2
  43.20  -9.70  2
  43.26  -9.81  2
  43.29  -9.88  2
  43.37  -9.86  2
  43.52  -9.78  2
  43.58  -9.72  2
  43.63  -9.65  2
  43.72  -9.61  2
  43.76  -9.52  2
  43.80  -9.37  2
  43.82  -9.25  2
  43.92  -9.16  2
  43.99  -9.15  2
  44.07  -9.14  2
  44.13  -9.15  2
  44.21  -9.14  2
  44.25  -9.06  2
  44.30  -8.99  2
  44.33  -8.91  2
  44.28  -8.86  2
  44.28  -8.71  2
  44.27  -8.59  2
  44.26  -8.45  2
  44.32  -8.28  2
  44.28  -8.18  2
  44.20  -8.21  2
  44.14  -7.90  2
  44.15  -7.83  2
  44.14  -7.68  2
  44.16  -7.52  2
  44.20  -7.44  2
  44.19  -7.35  2
  44.21  -7.17  2
  44.20  -7.09  2
  44.13  -7.07  2
  44.09  -6.88  2
  44.07  -6.78  2
  44.03  -6.62  2
  44.02  -6.54  2
  44.02  -6.46  2
  43.94  -6.34  2
  43.98  -6.27  2
  43.98  -6.13  2
  44.04  -6.00  2
  99.00   0.00  3
 93X 500 302  30 199   0 BA 200 6
  44.13  -5.94  3
  44.12  -5.82  2
  44.11  -5.63  2
  44.09  -5.49  2
  44.14  -5.28  2
  44.16  -4.98  2
  44.20  -4.76  2
  44.23  -4.59  2
  44.22  -4.29  2
  44.14  -4.16  2
  44.05  -4.18  2
  43.94  -4.25  2
  43.84  -4.31  2
  43.79  -4.16  2
  43.87  -4.06  2
  44.00  -3.99  2
  44.16  -3.92  2
  44.30  -3.87  2
  44.22  -3.74  2
  44.11  -3.70  2
  43.97  -3.71  2
  43.87  -3.74  2
  43.83  -3.67  2
  43.78  -3.56  2
  43.81  -3.37  2
  43.84  -3.27  2
  43.81  -3.12  2
  43.80  -3.05  2
  43.81  -2.82  2
  43.83  -2.80  3
  99.00   0.00  3
 920 600 302  39  80   0 AN 33X 2
  45.07 -15.18  3
  44.94 -15.30  2
  44.83 -15.40  2
  44.68 -15.61  2
  44.57 -15.77  2
  44.41 -15.96  2
  44.26 -16.08  2
  44.13 -16.25  2
  44.05 -16.38  2
  43.78 -16.55  2
  43.61 -16.64  2
  43.25 -16.78  2
  43.09 -16.81  2
  42.74 -16.95  2
  42.59 -17.06  2
  42.34 -17.18  2
  42.10 -17.29  2
  41.88 -17.38  2
  41.59 -17.49  2
  41.29 -17.61  2
  40.98 -17.68  2
  40.77 -17.78  2
  40.58 -17.89  2
  40.41 -17.93  2
  40.23 -18.00  2
  40.05 -18.05  2
  39.83 -18.18  2
  39.58 -18.20  2
  39.41 -18.27  2
  39.25 -18.33  2
  39.14 -18.37  2
  38.99 -18.48  2
  38.82 -18.55  2
  38.63 -18.60  2
  38.38 -18.70  2
  38.27 -18.76  2
  38.12 -18.86  2
  38.01 -18.94  2
  38.01 -18.94  3
  99.00   0.00  3
 920 600 302  59  84   0 AN 034 3
  37.76 -18.09  3
  38.07 -18.07  2
  38.28 -17.99  2
  38.49 -17.95  2
  38.70 -17.88  2
  38.95 -17.79  2
  39.16 -17.70  2
  39.35 -17.62  2
  39.51 -17.54  2
  39.73 -17.45  2
  39.94 -17.39  2
  40.16 -17.29  2
  40.38 -17.23  2
  40.60 -17.18  2
  40.76 -17.08  2
  40.92 -17.02  2
  41.07 -16.98  2
  41.24 -16.93  2
  41.40 -16.87  2
  41.57 -16.78  2
  41.73 -16.70  2
  42.01 -16.63  2
  42.22 -16.55  2
  42.44 -16.46  2
  42.65 -16.40  2
  42.80 -16.33  2
  42.99 -16.28  2
  43.20 -16.20  2
  43.46 -16.08  2
  43.62 -15.95  2
  43.79 -15.82  2
  43.94 -15.67  2
  44.05 -15.58  2
  44.14 -15.48  2
  44.39 -13.94  3
  44.44 -13.63  2
  44.46 -13.37  2
  44.46 -13.01  2
  44.46 -12.71  2
  44.47 -12.41  2
  44.47 -11.86  2
  44.51 -11.52  2
  44.58 -11.22  2
  44.63 -10.91  2
  44.64 -10.53  2
  44.61 -10.18  2
  44.57  -9.88  2
  44.52  -9.33  2
  44.50  -9.09  2
  44.54  -8.85  2
  44.58  -8.60  2
  44.62  -8.33  2
  44.65  -8.00  2
  44.65  -7.65  2
  44.69  -7.30  2
  44.70  -7.03  2
  44.73  -6.77  2
  44.76  -6.54  2
  44.77  -6.51  3
  99.00   0.00  3
 920 600 302  25 118   0 AN M00 4
  41.62 -13.29  3
  41.46 -13.30  2
  41.34 -13.30  2
  41.18 -13.27  2
  41.05 -13.24  2
  40.81 -13.25  2
  40.63 -13.28  2
  40.40 -13.32  2
  40.30 -13.35  2
  40.11 -13.37  2
  39.96 -13.37  2
  39.76 -13.38  2
  39.60 -13.38  2
  39.45 -13.40  2
  39.25 -13.44  2
  39.04 -13.46  2
  38.96 -13.47  2
  38.90 -13.13  3
  38.65 -13.18  2
  38.48 -13.15  2
  38.31 -13.19  2
  38.15 -13.22  2
  37.95 -13.26  2
  37.79 -13.29  2
  37.90 -13.24  3
  99.00   0.00  3
 920 600 302  33  69   0 AN 031 6
  37.39 -20.93  3
  37.65 -20.73  2
  37.84 -20.60  2
  38.04 -20.54  2
  38.26 -20.40  2
  38.44 -20.35  2
  38.70 -20.24  2
  38.84 -20.12  2
  39.00 -20.01  2
  39.21 -19.86  2
  39.40 -19.73  2
  39.61 -19.68  2
  39.86 -19.57  2
  40.02 -19.52  2
  40.21 -19.45  2
  40.38 -19.43  2
  40.57 -19.39  2
  40.84 -19.36  2
  41.05 -19.29  2
  41.20 -19.24  2
  41.38 -19.20  2
  41.47 -19.14  2
  41.64 -19.06  2
  41.78 -18.97  2
  42.34 -18.61  3
  42.58 -18.48  2
  42.75 -18.42  2
  42.91 -18.32  2
  43.04 -18.27  2
  43.18 -18.17  2
  43.29 -18.10  2
  43.38 -18.07  2
  43.36 -18.04  3
  99.00   0.00  3
 920 601 302  32  49   0 AN 021 3
  38.04 -24.10  3
  38.32 -24.05  2
  38.52 -23.98  2
  38.67 -23.95  2
  38.88 -23.85  2
  39.00 -23.74  2
  39.23 -23.54  2
  39.41 -23.46  2
  39.53 -23.40  2
  39.72 -23.33  2
  39.89 -23.25  2
  40.01 -23.20  2
  40.16 -23.15  2
  40.29 -23.10  2
  40.47 -23.00  2
  40.61 -22.93  2
  40.77 -22.86  2
  40.90 -22.91  2
  41.04 -22.92  2
  41.20 -22.93  2
  41.39 -22.96  2
  41.61 -22.97  2
  41.84 -22.94  2
  42.04 -22.93  2
  42.28 -22.90  2
  42.43 -22.88  2
  42.56 -22.86  2
  42.66 -22.81  2
  42.73 -22.11  3
  42.91 -22.06  2
  43.09 -21.99  2
  43.09 -21.99  3
  99.00   0.00  3
 920 601 302  44  59   0 AN 025 7
  37.85 -22.36  3
  38.05 -22.23  2
  38.19 -22.13  2
  38.31 -22.06  2
  38.46 -22.01  2
  38.62 -21.95  2
  38.78 -21.96  2
  38.95 -21.88  2
  39.11 -21.78  2
  39.22 -21.73  2
  39.37 -21.63  2
  39.52 -21.56  2
  39.67 -21.48  2
  39.83 -21.42  2
  39.99 -21.33  2
  40.16 -21.28  2
  40.32 -21.25  2
  40.50 -21.16  2
  40.67 -21.10  2
  40.84 -21.02  2
  41.02 -20.93  2
  41.23 -20.88  2
  41.35 -20.83  2
  41.47 -20.84  2
  41.61 -20.84  2
  41.72 -20.82  2
  41.86 -20.79  2
  41.97 -20.74  2
  42.08 -20.70  2
  42.15 -20.77  3
  42.23 -20.78  2
  42.29 -20.70  2
  42.20 -20.66  2
  42.13 -20.58  2
  42.25 -20.53  2
  42.43 -20.68  3
  42.36 -20.70  2
  42.34 -20.64  2
  42.39 -20.60  2
  42.40 -20.52  2
  42.37 -20.48  2
  42.32 -20.48  2
  42.30 -20.53  2
  42.30 -20.51  3
  99.00   0.00  3
 920 601 302  40  56   0 AN 024 6
  37.56 -23.18  3
  37.80 -23.11  2
  38.01 -23.00  2
  38.20 -22.96  2
  38.35 -22.91  2
  38.55 -22.86  2
  38.70 -22.81  2
  38.91 -22.70  2
  39.20 -22.55  2
  39.42 -22.48  2
  39.58 -22.43  2
  39.76 -22.33  2
  39.94 -22.25  2
  40.10 -22.17  2
  40.21 -22.12  2
  40.30 -22.05  2
  40.48 -21.92  2
  40.64 -21.84  2
  40.79 -21.77  2
  40.90 -21.74  2
  41.09 -21.69  2
  41.19 -21.69  2
  41.35 -21.70  2
  41.49 -21.71  2
  41.68 -21.74  2
  41.83 -21.69  2
  41.95 -21.67  2
  42.04 -21.64  2
  42.14 -21.60  2
  42.21 -21.59  2
  42.32 -21.62  3
  42.42 -21.63  2
  42.43 -21.57  2
  42.31 -21.46  2
  42.38 -21.43  2
  42.54 -21.33  3
  42.58 -21.55  2
  42.49 -21.45  2
  42.58 -21.42  2
  42.58 -21.42  3
  99.00   0.00  3
 920 602 302  25  35   0 AN 013 3
  39.98 -25.11  3
  40.23 -25.02  2
  40.37 -24.94  2
  40.54 -24.91  2
  40.74 -24.90  2
  40.90 -24.88  2
  41.07 -24.83  2
  41.21 -24.80  2
  41.34 -24.81  2
  41.47 -24.81  2
  41.62 -24.79  2
  41.76 -24.74  2
  42.01 -24.65  2
  42.18 -24.59  2
  42.38 -24.52  2
  42.57 -24.45  2
  42.78 -24.35  2
  42.95 -24.24  2
  43.12 -24.14  2
  43.25 -24.12  2
  43.45 -23.99  2
  43.61 -23.88  2
  43.70 -23.80  2
  43.71 -23.78  2
  43.71 -23.77  3
  99.00   0.00  3
 920 602 302  55   9   0 AN 005 7
  39.27 -28.33  3
  39.52 -28.34  2
  39.76 -28.30  2
  40.12 -28.31  2
  40.28 -28.23  2
  40.45 -28.08  2
  40.58 -27.91  2
  40.86 -27.79  2
  41.06 -27.77  2
  41.23 -27.89  2
  41.39 -27.95  2
  41.62 -27.87  2
  41.82 -27.79  2
  42.07 -27.76  2
  42.31 -27.76  2
  42.50 -27.71  2
  42.74 -27.73  2
  42.92 -27.83  2
  43.10 -27.79  2
  43.28 -27.75  2
  43.40 -27.61  2
  43.57 -27.40  2
  43.77 -27.29  2
  44.00 -27.12  2
  44.26 -27.04  2
  44.46 -26.94  2
  44.73 -26.76  2
  44.92 -26.63  2
  45.11 -26.45  2
  45.36 -26.29  2
  45.55 -26.22  2
  45.79 -26.17  2
  45.97 -26.13  2
  46.16 -26.14  2
  46.36 -26.06  2
  46.53 -26.01  2
  46.72 -25.96  2
  46.94 -25.84  2
  47.20 -25.80  2
  47.39 -25.74  2
  47.53 -25.73  2
  47.76 -26.01  2
  47.93 -26.18  2
  48.17 -26.40  2
  48.44 -26.61  2
  48.61 -26.69  2
  48.81 -26.73  2
  49.08 -26.82  2
  49.32 -26.91  2
  49.53 -26.98  2
  49.68 -27.10  2
  49.86 -27.18  2
  50.00 -27.33  2
  50.07 -27.42  2
  50.05 -27.41  3
  99.00   0.00  3
 920 600 302  39  80   0 AN 33X 2
  45.07 -15.18  3
  44.94 -15.30  2
  44.83 -15.40  2
  44.68 -15.61  2
  44.57 -15.77  2
  44.41 -15.96  2
  44.26 -16.08  2
  44.13 -16.25  2
  44.05 -16.38  2
  43.78 -16.55  2
  43.61 -16.64  2
  43.25 -16.78  2
  43.09 -16.81  2
  42.74 -16.95  2
  42.59 -17.06  2
  42.34 -17.18  2
  42.10 -17.29  2
  41.88 -17.38  2
  41.59 -17.49  2
  41.29 -17.61  2
  40.98 -17.68  2
  40.77 -17.78  2
  40.58 -17.89  2
  40.41 -17.93  2
  40.23 -18.00  2
  40.05 -18.05  2
  39.83 -18.18  2
  39.58 -18.20  2
  39.41 -18.27  2
  39.25 -18.33  2
  39.14 -18.37  2
  38.99 -18.48  2
  38.82 -18.55  2
  38.63 -18.60  2
  38.38 -18.70  2
  38.27 -18.76  2
  38.12 -18.86  2
  38.01 -18.94  2
  38.01 -18.94  3
  99.00   0.00  3
 920 600 302  59  84   0 AN 034 3
  37.76 -18.09  3
  38.07 -18.07  2
  38.28 -17.99  2
  38.49 -17.95  2
  38.70 -17.88  2
  38.95 -17.79  2
  39.16 -17.70  2
  39.35 -17.62  2
  39.51 -17.54  2
  39.73 -17.45  2
  39.94 -17.39  2
  40.16 -17.29  2
  40.38 -17.23  2
  40.60 -17.18  2
  40.76 -17.08  2
  40.92 -17.02  2
  41.07 -16.98  2
  41.24 -16.93  2
  41.40 -16.87  2
  41.57 -16.78  2
  41.73 -16.70  2
  42.01 -16.63  2
  42.22 -16.55  2
  42.44 -16.46  2
  42.65 -16.40  2
  42.80 -16.33  2
  42.99 -16.28  2
  43.20 -16.20  2
  43.46 -16.08  2
  43.62 -15.95  2
  43.79 -15.82  2
  43.94 -15.67  2
  44.05 -15.58  2
  44.14 -15.48  2
  44.39 -13.94  3
  44.44 -13.63  2
  44.46 -13.37  2
  44.46 -13.01  2
  44.46 -12.71  2
  44.47 -12.41  2
  44.47 -11.86  2
  44.51 -11.52  2
  44.58 -11.22  2
  44.63 -10.91  2
  44.64 -10.53  2
  44.61 -10.18  2
  44.57  -9.88  2
  44.52  -9.33  2
  44.50  -9.09  2
  44.54  -8.85  2
  44.58  -8.60  2
  44.62  -8.33  2
  44.65  -8.00  2
  44.65  -7.65  2
  44.69  -7.30  2
  44.70  -7.03  2
  44.73  -6.77  2
  44.76  -6.54  2
  44.77  -6.51  3
  99.00   0.00  3
 920 600 302  25 118   0 AN M00 4
  41.62 -13.29  3
  41.46 -13.30  2
  41.34 -13.30  2
  41.18 -13.27  2
  41.05 -13.24  2
  40.81 -13.25  2
  40.63 -13.28  2
  40.40 -13.32  2
  40.30 -13.35  2
  40.11 -13.37  2
  39.96 -13.37  2
  39.76 -13.38  2
  39.60 -13.38  2
  39.45 -13.40  2
  39.25 -13.44  2
  39.04 -13.46  2
  38.96 -13.47  2
  38.90 -13.13  3
  38.65 -13.18  2
  38.48 -13.15  2
  38.31 -13.19  2
  38.15 -13.22  2
  37.95 -13.26  2
  37.79 -13.29  2
  37.90 -13.24  3
  99.00   0.00  3
 920 600 302  33  69   0 AN 031 6
  37.39 -20.93  3
  37.65 -20.73  2
  37.84 -20.60  2
  38.04 -20.54  2
  38.26 -20.40  2
  38.44 -20.35  2
  38.70 -20.24  2
  38.84 -20.12  2
  39.00 -20.01  2
  39.21 -19.86  2
  39.40 -19.73  2
  39.61 -19.68  2
  39.86 -19.57  2
  40.02 -19.52  2
  40.21 -19.45  2
  40.38 -19.43  2
  40.57 -19.39  2
  40.84 -19.36  2
  41.05 -19.29  2
  41.20 -19.24  2
  41.38 -19.20  2
  41.47 -19.14  2
  41.64 -19.06  2
  41.78 -18.97  2
  42.34 -18.61  3
  42.58 -18.48  2
  42.75 -18.42  2
  42.91 -18.32  2
  43.04 -18.27  2
  43.18 -18.17  2
  43.29 -18.10  2
  43.38 -18.07  2
  43.36 -18.04  3
  99.00   0.00  3
 920 601 302  32  49   0 AN 021 3
  38.04 -24.10  3
  38.32 -24.05  2
  38.52 -23.98  2
  38.67 -23.95  2
  38.88 -23.85  2
  39.00 -23.74  2
  39.23 -23.54  2
  39.41 -23.46  2
  39.53 -23.40  2
  39.72 -23.33  2
  39.89 -23.25  2
  40.01 -23.20  2
  40.16 -23.15  2
  40.29 -23.10  2
  40.47 -23.00  2
  40.61 -22.93  2
  40.77 -22.86  2
  40.90 -22.91  2
  41.04 -22.92  2
  41.20 -22.93  2
  41.39 -22.96  2
  41.61 -22.97  2
  41.84 -22.94  2
  42.04 -22.93  2
  42.28 -22.90  2
  42.43 -22.88  2
  42.56 -22.86  2
  42.66 -22.81  2
  42.73 -22.11  3
  42.91 -22.06  2
  43.09 -21.99  2
  43.09 -21.99  3
  99.00   0.00  3
 920 601 302  44  59   0 AN 025 7
  37.85 -22.36  3
  38.05 -22.23  2
  38.19 -22.13  2
  38.31 -22.06  2
  38.46 -22.01  2
  38.62 -21.95  2
  38.78 -21.96  2
  38.95 -21.88  2
  39.11 -21.78  2
  39.22 -21.73  2
  39.37 -21.63  2
  39.52 -21.56  2
  39.67 -21.48  2
  39.83 -21.42  2
  39.99 -21.33  2
  40.16 -21.28  2
  40.32 -21.25  2
  40.50 -21.16  2
  40.67 -21.10  2
  40.84 -21.02  2
  41.02 -20.93  2
  41.23 -20.88  2
  41.35 -20.83  2
  41.47 -20.84  2
  41.61 -20.84  2
  41.72 -20.82  2
  41.86 -20.79  2
  41.97 -20.74  2
  42.08 -20.70  2
  42.15 -20.77  3
  42.23 -20.78  2
  42.29 -20.70  2
  42.20 -20.66  2
  42.13 -20.58  2
  42.25 -20.53  2
  42.43 -20.68  3
  42.36 -20.70  2
  42.34 -20.64  2
  42.39 -20.60  2
  42.40 -20.52  2
  42.37 -20.48  2
  42.32 -20.48  2
  42.30 -20.53  2
  42.30 -20.51  3
  99.00   0.00  3
 920 601 302  40  56   0 AN 024 6
  37.56 -23.18  3
  37.80 -23.11  2
  38.01 -23.00  2
  38.20 -22.96  2
  38.35 -22.91  2
  38.55 -22.86  2
  38.70 -22.81  2
  38.91 -22.70  2
  39.20 -22.55  2
  39.42 -22.48  2
  39.58 -22.43  2
  39.76 -22.33  2
  39.94 -22.25  2
  40.10 -22.17  2
  40.21 -22.12  2
  40.30 -22.05  2
  40.48 -21.92  2
  40.64 -21.84  2
  40.79 -21.77  2
  40.90 -21.74  2
  41.09 -21.69  2
  41.19 -21.69  2
  41.35 -21.70  2
  41.49 -21.71  2
  41.68 -21.74  2
  41.83 -21.69  2
  41.95 -21.67  2
  42.04 -21.64  2
  42.14 -21.60  2
  42.21 -21.59  2
  42.32 -21.62  3
  42.42 -21.63  2
  42.43 -21.57  2
  42.31 -21.46  2
  42.38 -21.43  2
  42.54 -21.33  3
  42.58 -21.55  2
  42.49 -21.45  2
  42.58 -21.42  2
  42.58 -21.42  3
  99.00   0.00  3
 920 602 302  25  35   0 AN 013 3
  39.98 -25.11  3
  40.23 -25.02  2
  40.37 -24.94  2
  40.54 -24.91  2
  40.74 -24.90  2
  40.90 -24.88  2
  41.07 -24.83  2
  41.21 -24.80  2
  41.34 -24.81  2
  41.47 -24.81  2
  41.62 -24.79  2
  41.76 -24.74  2
  42.01 -24.65  2
  42.18 -24.59  2
  42.38 -24.52  2
  42.57 -24.45  2
  42.78 -24.35  2
  42.95 -24.24  2
  43.12 -24.14  2
  43.25 -24.12  2
  43.45 -23.99  2
  43.61 -23.88  2
  43.70 -23.80  2
  43.71 -23.78  2
  43.71 -23.77  3
  99.00   0.00  3
 920 602 302  55   9   0 AN 005 7
  39.27 -28.33  3
  39.52 -28.34  2
  39.76 -28.30  2
  40.12 -28.31  2
  40.28 -28.23  2
  40.45 -28.08  2
  40.58 -27.91  2
  40.86 -27.79  2
  41.06 -27.77  2
  41.23 -27.89  2
  41.39 -27.95  2
  41.62 -27.87  2
  41.82 -27.79  2
  42.07 -27.76  2
  42.31 -27.76  2
  42.50 -27.71  2
  42.74 -27.73  2
  42.92 -27.83  2
  43.10 -27.79  2
  43.28 -27.75  2
  43.40 -27.61  2
  43.57 -27.40  2
  43.77 -27.29  2
  44.00 -27.12  2
  44.26 -27.04  2
  44.46 -26.94  2
  44.73 -26.76  2
  44.92 -26.63  2
  45.11 -26.45  2
  45.36 -26.29  2
  45.55 -26.22  2
  45.79 -26.17  2
  45.97 -26.13  2
  46.16 -26.14  2
  46.36 -26.06  2
  46.53 -26.01  2
  46.72 -25.96  2
  46.94 -25.84  2
  47.20 -25.80  2
  47.39 -25.74  2
  47.53 -25.73  2
  47.76 -26.01  2
  47.93 -26.18  2
  48.17 -26.40  2
  48.44 -26.61  2
  48.61 -26.69  2
  48.81 -26.73  2
  49.08 -26.82  2
  49.32 -26.91  2
  49.53 -26.98  2
  49.68 -27.10  2
  49.86 -27.18  2
  50.00 -27.33  2
  50.07 -27.42  2
  50.05 -27.41  3
  99.00   0.00  3
