 91X  13 905 104   1   0 RI 000 1
  71.71 -11.37  3
  71.69 -11.32  2
  71.69 -11.34  2
  71.64 -11.50  2
  71.55 -11.84  2
  71.40 -12.23  2
  71.21 -12.67  2
  71.00 -13.08  2
  70.83 -13.41  2
  70.81 -13.43  2
  70.85 -13.93  2
  70.83 -14.10  2
  70.66 -14.36  2
  70.39 -14.76  2
  70.04 -15.27  2
  69.73 -15.51  2
  69.57 -15.62  2
  69.42 -15.75  2
  69.21 -15.91  2
  68.95 -16.04  2
  68.90 -16.07  2
  68.90 -16.08  2
  68.94 -16.82  2
  68.97 -17.05  2
  68.91 -17.13  2
  68.67 -17.44  2
  68.41 -17.72  2
  68.16 -17.94  2
  67.95 -18.12  2
  67.73 -18.25  2
  67.47 -18.44  2
  67.29 -18.52  2
  67.17 -18.55  2
  66.96 -18.57  2
  65.47 -18.26  3
  65.53 -18.28  2
  65.65 -18.29  2
  65.73 -18.34  2
  65.87 -18.38  2
  65.96 -18.39  2
  66.11 -18.42  2
  66.23 -18.50  2
  66.32 -18.55  2
  66.45 -18.62  2
  66.55 -18.68  2
  66.66 -18.71  2
  66.78 -18.73  2
  66.89 -18.72  2
  67.02 -18.69  2
  67.10 -18.67  2
  67.17 -18.64  2
  67.27 -18.61  2
  67.30 -18.57  2
  67.46 -18.60  2
  67.55 -18.53  2
  67.70 -18.51  2
  67.86 -18.44  2
  68.01 -18.28  2
  68.16 -18.11  2
  68.34 -17.99  2
  68.46 -17.88  2
  68.54 -17.77  2
  68.66 -17.50  2
  68.72 -17.32  2
  68.82 -17.17  2
  68.88 -17.11  2
  68.95 -17.04  2
  68.94 -16.85  2
  68.93 -16.66  2
  68.90 -16.41  2
  68.89 -16.24  2
  68.94 -16.21  2
  69.03 -16.16  2
  69.20 -16.13  2
  69.36 -16.04  2
  69.48 -15.97  2
  69.61 -15.92  2
  69.75 -15.77  2
  69.88 -15.60  2
  70.05 -15.35  2
  70.14 -15.16  2
  70.24 -14.99  2
  70.40 -14.77  2
  70.51 -14.62  2
  70.64 -14.44  2
  70.74 -14.27  2
  70.82 -14.07  2
  70.87 -13.94  2
  70.83 -13.61  2
  70.82 -13.46  2
  70.82 -13.45  2
  70.87 -13.39  2
  70.92 -13.32  2
  70.97 -13.20  2
  71.02 -13.14  2
  71.09 -13.02  2
  71.21 -12.86  2
  71.28 -12.75  2
  71.35 -12.61  2
  71.46 -12.41  2
  71.55 -12.22  2
  71.64 -12.04  2
  71.69 -11.95  2
  71.72 -11.90  2
  99.00   0.00  3
 91X  41 905  68  10   0 AN 005 1
  70.02 -13.56  3
  70.01 -13.57  2
  69.98 -13.60  2
  69.76 -13.73  2
  69.54 -13.87  2
  69.34 -14.11  2
  69.19 -14.28  2
  69.04 -14.51  2
  68.85 -14.77  2
  68.64 -15.10  2
  68.36 -15.37  2
  68.19 -15.66  2
  67.95 -15.97  2
  67.76 -16.20  2
  67.55 -16.42  2
  67.42 -16.55  2
  67.27 -16.64  2
  67.13 -16.72  2
  67.03 -16.76  2
  70.07 -13.32  3
  70.07 -13.32  2
  70.08 -13.29  2
  70.12 -13.23  2
  70.15 -13.29  2
  70.12 -13.41  2
  70.12 -13.50  2
  70.16 -13.62  2
  70.24 -13.45  2
  70.27 -13.39  2
  66.98 -16.53  3
  67.04 -16.55  2
  67.14 -16.52  2
  67.24 -16.50  2
  67.35 -16.46  2
  67.44 -16.44  2
  67.55 -16.39  2
  67.66 -16.29  2
  67.76 -16.20  2
  67.83 -16.11  2
  67.97 -15.91  2
  68.12 -15.77  2
  68.21 -15.60  2
  68.35 -15.41  2
  68.48 -15.21  2
  68.59 -15.04  2
  68.71 -14.88  2
  68.82 -14.73  2
  68.95 -14.53  2
  69.06 -14.35  2
  69.19 -14.17  2
  69.33 -13.95  2
  69.48 -13.86  2
  69.71 -13.67  2
  69.83 -13.59  2
  69.95 -13.54  2
  70.03 -13.49  2
  70.18 -13.35  3
  70.18 -13.36  2
  70.17 -13.41  2
  70.16 -13.45  2
  70.13 -13.44  2
  70.14 -13.36  2
  70.14 -13.32  2
  70.11 -13.31  2
  70.09 -13.37  2
  70.09 -13.39  2
  70.09 -13.39  3
  99.00   0.00  3
 91X  42 905  40  26   0 AN 007 1
  69.81 -10.59  3
  69.81 -10.59  2
  69.74 -10.50  2
  69.64 -10.44  2
  69.55 -10.40  2
  69.45 -10.48  2
  69.27 -10.60  2
  69.07 -10.72  2
  68.90 -10.89  2
  68.84 -10.97  2
  68.69 -11.18  2
  68.60 -11.32  2
  68.52 -11.44  2
  68.45 -11.57  2
  69.90 -10.40  3
  69.90 -10.40  2
  69.94 -10.48  2
  70.04 -10.66  2
  70.10 -10.77  2
  70.03 -10.91  2
  70.01 -10.96  2
  69.95 -10.85  2
  68.50 -11.58  3
  68.53 -11.50  2
  68.64 -11.33  2
  68.76 -11.12  2
  68.90 -10.86  2
  69.01 -10.67  2
  69.17 -10.49  2
  69.31 -10.31  2
  69.43 -10.22  2
  69.51 -10.23  2
  69.63 -10.30  2
  69.71 -10.36  2
  69.73 -10.37  2
  69.84 -10.48  3
  69.85 -10.32  2
  69.77 -10.38  2
  99.00   0.00  3
 91X  56 905  77  32   0 AN 012 1
  67.84  -0.94  3
  67.82  -1.01  2
  67.77  -1.12  2
  67.71  -1.21  3
  67.62  -1.39  2
  67.50  -1.58  3
  67.40  -1.76  2
  67.16  -2.00  3
  67.02  -2.24  2
  66.89  -2.33  3
  66.79  -2.46  2
  66.59  -2.73  3
  66.50  -2.77  2
  66.40  -3.00  3
  66.32  -3.09  2
  66.20  -3.28  3
  66.12  -3.41  2
  66.02  -3.60  3
  65.92  -3.76  2
  65.76  -4.06  3
  65.66  -4.24  2
  65.52  -4.44  3
  65.46  -4.56  2
  65.27  -4.98  3
  65.15  -5.29  2
  65.08  -5.45  3
  64.96  -5.80  2
  64.86  -6.13  3
  64.79  -6.37  2
  64.68  -6.68  3
  64.65  -6.85  2
  64.64  -7.01  3
  64.59  -7.43  2
  64.51  -7.65  3
  64.45  -7.89  2
  64.37  -8.12  3
  64.33  -8.46  2
  64.32  -8.81  3
  64.31  -9.16  2
  64.30  -9.76  3
  64.27 -10.11  2
  64.26 -10.46  3
  64.32 -10.70  2
  64.45 -11.27  3
  64.52 -11.47  2
  64.60 -11.89  3
  64.69 -12.30  2
  64.84 -12.89  3
  64.91 -13.24  2
  65.05 -13.89  3
  65.10 -14.13  2
  65.13 -14.52  3
  65.18 -14.84  2
  65.23 -15.24  3
  65.27 -15.56  2
  65.30 -16.01  3
  65.34 -16.27  2
  65.37 -16.63  3
  65.39 -16.82  2
  65.42 -17.62  3
  65.44 -18.03  2
  65.45 -18.20  3
  65.45 -18.25  2
  69.68  -0.99  3
  69.60  -1.04  2
  69.48  -1.08  2
  69.35  -1.12  2
  69.21  -1.20  2
  69.10  -1.29  2
  68.99  -1.37  2
  68.91  -1.41  2
  68.54  -0.97  3
  68.46  -1.06  2
  68.38  -1.18  2
  68.31  -1.28  2
  68.25  -1.39  2
  68.22  -1.43  2
  99.00   0.00  3
 91X  57 905  36  36   0 AN 013 1
  64.91  -7.39  3
  64.83  -7.38  2
  64.91  -7.33  3
  64.93  -7.28  2
  64.94  -7.21  2
  64.91  -7.19  2
  64.89  -7.26  2
  64.90  -7.18  2
  64.87  -7.13  2
  64.85  -7.27  2
  64.90  -7.04  3
  64.91  -6.94  2
  64.94  -6.76  2
  64.97  -6.61  2
  65.00  -6.46  2
  65.03  -6.32  2
  65.07  -6.20  2
  65.12  -5.98  2
  65.17  -5.82  2
  65.22  -5.69  2
  65.27  -5.57  2
  65.31  -5.41  2
  65.36  -5.32  2
  65.42  -5.17  2
  65.47  -5.07  2
  65.53  -4.96  2
  65.59  -4.85  2
  65.68  -4.73  2
  65.77  -4.59  2
  65.82  -4.51  2
  65.90  -4.38  2
  66.00  -4.22  2
  66.13  -4.07  2
  66.23  -3.98  2
  66.32  -3.86  2
  99.00   0.00  3
 91X  58 905  52  42   0 AN 018 1
  65.32  -5.96  3
  65.40  -5.89  2
  65.54  -5.72  2
  65.71  -5.53  2
  65.83  -5.38  2
  65.94  -5.24  2
  66.09  -5.05  2
  66.21  -4.89  2
  66.32  -4.78  2
  66.48  -4.57  2
  66.60  -4.39  2
  66.72  -4.25  2
  66.81  -4.12  2
  66.89  -4.01  2
  66.98  -3.92  3
  66.92  -3.87  2
  66.98  -3.83  3
  66.98  -3.84  2
  66.95  -3.86  2
  66.95  -3.84  2
  66.96  -3.81  2
  66.97  -3.75  2
  66.96  -3.72  2
  66.92  -3.77  2
  66.93  -3.82  2
  66.95  -3.81  2
  66.98  -3.79  2
  66.99  -3.83  2
  68.14  -3.97  3
  68.19  -3.86  2
  68.25  -3.69  2
  68.33  -3.47  2
  68.42  -3.18  2
  68.49  -2.98  2
  68.49  -2.95  2
  68.56  -2.87  3
  68.49  -2.79  2
  68.60  -2.74  3
  68.57  -2.76  2
  68.55  -2.74  2
  68.55  -2.69  2
  68.57  -2.67  2
  68.58  -2.63  2
  68.56  -2.58  2
  68.54  -2.59  2
  68.52  -2.64  2
  68.54  -2.67  2
  68.55  -2.70  2
  68.57  -2.68  2
  68.59  -2.66  2
  68.60  -2.69  2
  68.59  -2.73  2
  68.58  -2.72  3
  99.00   0.00  3
 91X   3 905  15  10   0 CS 000 1
  65.96 -18.43  3
  65.85 -18.26  2
  65.69 -18.17  2
  65.92 -18.08  2
  66.19 -18.25  2
  66.18 -18.04  2
  66.10 -17.81  2
  66.02 -17.67  2
  66.06 -17.39  2
  66.19 -17.29  2
  66.20 -17.07  2
  66.15 -17.06  2
  66.19 -16.47  2
  66.50 -16.55  2
  66.49 -16.55  3
  99.00   0.00  3
 91X   4 905  34  26   0 CS 000 1
  66.17 -16.47  3
  66.48 -16.57  2
  66.54 -16.13  2
  66.46 -16.04  2
  66.42 -15.81  2
  66.29 -15.77  2
  66.17 -15.47  2
  66.19 -15.39  2
  66.27 -15.36  2
  66.29 -15.13  2
  66.37 -14.97  2
  66.40 -14.64  2
  66.36 -14.56  2
  66.27 -14.92  2
  66.11 -15.18  2
  66.01 -15.00  2
  66.07 -14.81  2
  65.95 -14.70  2
  65.79 -14.81  2
  65.73 -14.80  2
  65.75 -14.37  2
  65.68 -14.36  2
  65.64 -14.36  2
  65.59 -14.06  2
  65.70 -14.00  2
  65.45 -13.74  2
  65.34 -13.77  2
  65.28 -13.87  2
  65.19 -13.74  2
  65.24 -13.56  2
  65.10 -13.55  2
  65.02 -13.65  2
  64.99 -13.78  2
  64.99 -13.78  3
  99.00   0.00  3
 91X   9 905  39 200   0 MA 000 1
  66.97 -12.15  3
  67.06 -12.11  2
  67.15 -12.03  2
  67.23 -11.96  2
  67.36 -11.92  2
  67.46 -11.85  2
  67.57 -11.85  2
  67.67 -11.80  2
  67.79 -11.74  2
  67.94 -11.68  2
  68.14 -11.54  2
  68.33 -11.39  2
  68.49 -11.22  2
  68.61 -11.08  2
  68.75 -10.87  2
  68.89 -10.68  2
  69.03 -10.49  2
  69.24 -10.23  2
  69.42 -10.06  2
  69.56  -9.99  2
  69.76  -9.91  2
  69.94  -9.84  2
  70.13  -9.77  2
  70.24  -9.79  2
  70.32  -9.86  2
  70.40 -10.04  2
  70.47 -10.23  2
  70.54 -10.38  2
  70.60 -10.43  2
  70.69 -10.37  2
  70.78 -10.26  2
  70.89 -10.14  2
  70.97 -10.03  2
  71.09  -9.87  2
  71.20  -9.72  2
  71.29  -9.52  2
  71.36  -9.44  2
  71.40  -9.36  2
  71.39  -9.33  3
  99.00   0.00  3
 91X  21 905  26  28   0 TA 000 1
  71.71 -11.87  3
  71.69 -11.71  2
  71.67 -11.50  2
  71.64 -11.16  2
  71.61 -10.85  2
  71.58 -10.58  2
  71.56 -10.35  2
  71.53 -10.09  2
  71.50  -9.94  2
  71.48  -9.72  2
  71.45  -9.52  2
  71.43  -9.34  2
  71.38  -9.07  2
  71.34  -8.88  2
  71.31  -8.66  2
  71.27  -8.45  2
  71.22  -8.06  2
  71.15  -7.72  2
  71.11  -7.52  2
  71.07  -7.44  2
  71.05  -7.37  2
  71.04  -7.32  2
  71.01  -7.20  2
  70.98  -7.07  2
  70.97  -7.01  2
  70.97  -7.01  3
  99.00   0.00  3
 91X  20 905  54  43   0 TA 000 1
  68.69  -2.40  3
  68.65  -2.29  2
  68.61  -2.20  2
  68.54  -2.02  2
  68.48  -1.88  2
  68.41  -1.74  2
  68.34  -1.63  2
  68.26  -1.50  2
  68.18  -1.36  2
  68.11  -1.23  2
  68.04  -1.11  2
  67.97  -1.00  2
  67.90  -0.94  2
  67.87  -0.92  2
  67.85  -0.90  2
  70.51  -4.07  3
  70.50  -3.97  2
  70.46  -3.73  2
  70.42  -3.49  2
  70.38  -3.28  2
  70.33  -3.08  2
  70.29  -2.86  2
  70.25  -2.67  2
  70.20  -2.45  2
  70.14  -2.19  2
  70.09  -2.02  2
  70.03  -1.82  2
  69.97  -1.62  2
  69.92  -1.48  2
  69.86  -1.36  2
  69.78  -1.21  2
  69.74  -1.08  2
  69.72  -1.02  2
  69.69  -0.95  2
  69.63  -0.84  2
  69.57  -0.72  2
  69.52  -0.61  2
  69.48  -0.50  2
  69.47  -0.47  2
  69.15  -2.07  3
  69.09  -1.94  2
  69.02  -1.83  2
  68.95  -1.72  2
  68.88  -1.59  2
  68.80  -1.46  2
  68.72  -1.34  2
  68.67  -1.22  2
  68.65  -1.13  2
  68.60  -1.04  2
  68.57  -0.99  2
  68.55  -0.95  2
  68.55  -0.94  3
  99.00   0.00  3
 91X 124 905  54  46   0 AN 020 2
  65.53  -5.97  3
  65.65  -5.86  2
  65.76  -5.70  2
  65.88  -5.58  2
  66.01  -5.46  2
  66.15  -5.34  2
  66.26  -5.22  2
  66.37  -5.09  2
  66.55  -4.89  2
  66.67  -4.74  2
  66.77  -4.60  2
  66.89  -4.43  2
  66.99  -4.31  2
  67.09  -4.18  2
  67.15  -4.07  2
  67.21  -4.00  2
  67.31  -3.91  3
  67.32  -3.89  2
  67.34  -3.87  2
  67.30  -3.81  2
  67.28  -3.84  2
  67.30  -3.79  2
  67.32  -3.74  2
  67.37  -3.75  3
  67.37  -3.76  2
  67.33  -3.78  2
  67.31  -3.71  2
  67.35  -3.65  2
  67.37  -3.69  2
  67.37  -3.76  2
  68.47  -3.97  3
  68.49  -3.89  2
  68.53  -3.70  2
  68.57  -3.53  2
  68.62  -3.35  2
  68.68  -3.12  2
  68.71  -2.99  2
  68.73  -2.92  2
  68.77  -2.83  3
  68.78  -2.83  2
  68.79  -2.80  2
  68.80  -2.74  2
  68.76  -2.72  2
  68.74  -2.73  2
  68.77  -2.64  2
  68.82  -2.65  3
  68.82  -2.66  2
  68.79  -2.67  2
  68.77  -2.63  2
  68.78  -2.57  2
  68.81  -2.56  2
  68.83  -2.61  2
  68.83  -2.68  2
  68.82  -2.67  3
  99.00   0.00  3
 91X 125 905  54  53   0 AN 023 2
  66.07  -7.29  3
  66.12  -7.22  2
  66.04  -7.18  2
  66.08  -7.10  2
  66.16  -7.17  3
  66.17  -7.12  2
  66.19  -7.08  2
  66.15  -7.03  2
  66.13  -7.10  2
  66.15  -7.00  2
  66.11  -6.98  2
  66.08  -7.04  2
  66.19  -6.91  3
  66.29  -6.83  2
  66.43  -6.75  2
  66.61  -6.65  2
  66.75  -6.57  2
  66.88  -6.50  2
  66.99  -6.44  2
  67.14  -6.46  2
  67.29  -6.51  2
  67.43  -6.51  2
  67.59  -6.54  2
  67.72  -6.52  2
  67.84  -6.47  2
  67.97  -6.41  2
  68.08  -6.34  2
  68.19  -6.25  2
  68.27  -6.15  2
  68.35  -6.09  2
  68.41  -6.02  2
  68.44  -5.98  2
  68.97  -6.05  3
  69.03  -5.89  2
  69.08  -5.70  2
  69.13  -5.48  2
  69.20  -5.23  2
  69.27  -4.97  2
  69.28  -4.90  2
  69.33  -4.81  3
  69.35  -4.78  2
  69.34  -4.73  2
  69.31  -4.74  2
  69.29  -4.75  2
  69.32  -4.67  2
  69.37  -4.68  3
  69.39  -4.63  2
  69.39  -4.58  2
  69.36  -4.59  2
  69.36  -4.51  2
  69.36  -4.48  2
  69.33  -4.52  2
  69.31  -4.58  2
  69.31  -4.58  3
  99.00   0.00  3
 91X 126 905  63  56   0 AN 024 2
  67.00  -7.66  3
  67.06  -7.67  2
  67.12  -7.68  2
  67.20  -7.68  2
  67.28  -7.68  2
  67.35  -7.70  2
  67.41  -7.73  2
  67.46  -7.74  2
  68.07  -7.49  3
  68.14  -7.49  2
  68.21  -7.48  2
  68.29  -7.49  2
  68.38  -7.51  2
  68.45  -7.50  2
  68.53  -7.49  2
  68.60  -7.59  3
  68.62  -7.56  2
  68.63  -7.51  2
  68.59  -7.49  2
  68.57  -7.47  2
  68.60  -7.43  2
  68.65  -7.46  3
  68.63  -7.42  2
  68.66  -7.35  3
  68.68  -7.42  3
  68.62  -7.30  2
  69.26  -7.01  3
  69.34  -6.77  2
  69.41  -6.58  2
  69.47  -6.40  2
  69.52  -6.27  2
  69.57  -6.13  2
  69.62  -6.00  2
  69.63  -5.95  2
  67.02  -7.65  3
  67.09  -7.66  2
  67.21  -7.69  2
  67.34  -7.69  2
  67.44  -7.70  2
  67.47  -7.69  2
  67.52  -7.77  3
  67.54  -7.75  2
  67.56  -7.73  2
  67.52  -7.67  2
  67.55  -7.63  2
  67.62  -7.78  3
  67.60  -7.69  2
  67.63  -7.64  2
  67.64  -7.72  3
  67.61  -7.65  2
  67.60  -7.58  2
  68.08  -7.47  3
  68.25  -7.45  2
  68.33  -7.45  2
  68.45  -7.48  2
  68.53  -7.48  2
  69.28  -6.96  3
  69.35  -6.74  2
  69.42  -6.52  2
  69.49  -6.31  2
  69.55  -6.15  2
  69.60  -6.04  2
  69.62  -5.97  2
  69.62  -5.97  3
  99.00   0.00  3
 91X  92 905  39  60   0 TA 000 2
  69.98  -6.95  3
  69.95  -6.83  2
  69.91  -6.67  2
  69.89  -6.53  2
  69.86  -6.38  2
  69.81  -6.17  2
  69.77  -6.02  2
  69.69  -5.74  2
  69.63  -5.44  2
  69.58  -5.21  2
  69.53  -5.00  2
  69.47  -4.76  2
  69.41  -4.52  2
  69.34  -4.24  2
  69.23  -3.91  2
  69.14  -3.65  2
  69.07  -3.38  2
  68.98  -3.07  2
  68.91  -2.86  2
  68.83  -2.66  2
  68.74  -2.44  2
  68.69  -2.37  2
  70.98  -7.05  3
  70.96  -6.95  2
  70.93  -6.80  2
  70.90  -6.53  2
  70.88  -6.38  2
  70.84  -6.12  2
  70.79  -5.77  2
  70.74  -5.40  2
  70.71  -5.05  2
  70.67  -4.78  2
  70.62  -4.47  2
  70.58  -4.25  2
  70.54  -4.11  2
  70.51  -3.99  2
  70.50  -3.92  2
  70.51  -4.03  3
  99.00   0.00  3
 91X  79 905  54 200   0 MA 000 2
  68.05  -9.85  3
  68.11  -9.76  2
  68.17  -9.71  2
  68.29  -9.61  2
  68.38  -9.46  2
  68.45  -9.25  2
  68.50  -8.99  2
  68.56  -8.78  2
  68.64  -8.50  2
  68.71  -8.27  2
  68.79  -8.12  2
  68.87  -7.89  2
  68.96  -7.74  2
  69.05  -7.64  2
  69.12  -7.66  2
  69.24  -7.60  2
  69.34  -7.59  2
  69.42  -7.59  2
  69.52  -7.64  2
  69.63  -7.63  2
  69.70  -7.56  2
  69.83  -7.54  2
  69.95  -7.49  2
  70.05  -7.45  2
  70.14  -7.40  2
  70.25  -7.37  2
  70.35  -7.34  2
  70.45  -7.37  2
  70.51  -7.38  2
  70.58  -7.40  2
  70.65  -7.38  2
  70.74  -7.34  2
  70.82  -7.18  2
  68.04  -9.88  3
  68.03  -9.88  2
  68.12  -9.80  2
  68.22  -9.64  2
  68.34  -9.45  2
  68.41  -9.24  2
  68.53  -8.84  2
  68.61  -8.54  2
  68.81  -8.06  2
  69.03  -7.71  2
  69.25  -7.56  2
  69.45  -7.57  2
  69.55  -7.58  2
  69.72  -7.55  2
  69.92  -7.51  2
  70.09  -7.41  2
  70.23  -7.35  2
  70.37  -7.39  2
  70.50  -7.42  2
  70.59  -7.41  2
  70.68  -7.34  2
  70.76  -7.25  2
  70.81  -7.20  2
  70.81  -7.20  3
  99.00   0.00  3
 91X 146 905  21 600   0 CS 000 7
  70.83  -9.13  3
  70.87  -9.08  2
  70.92  -8.98  2
  70.96  -8.81  2
  71.00  -8.60  2
  71.04  -8.46  2
  71.11  -8.33  2
  71.16  -8.21  2
  71.17  -7.97  2
  71.11  -7.99  2
  71.07  -8.02  2
  71.02  -8.10  2
  70.97  -8.23  2
  70.95  -8.44  2
  70.92  -8.62  2
  70.90  -8.80  2
  70.89  -8.84  2
  70.85  -8.93  2
  70.82  -9.03  2
  70.83  -9.11  2
  70.83  -9.09  3
  99.00   0.00  3
 93X5012 905 131 200   0 BA 100 5
  69.04  -7.82  3
  69.10  -7.88  2
  69.15  -7.86  2
  69.25  -7.80  2
  69.30  -7.74  2
  69.37  -7.80  2
  69.41  -7.89  2
  69.46  -8.00  2
  69.52  -8.11  2
  69.59  -8.10  2
  69.66  -8.01  2
  69.75  -7.88  2
  69.81  -7.80  2
  69.83  -7.69  2
  69.88  -7.64  2
  69.94  -7.77  2
  69.99  -7.88  2
  70.05  -7.90  2
  70.12  -7.90  2
  70.20  -7.85  2
  70.24  -7.78  2
  70.33  -7.58  2
  70.39  -7.60  2
  70.46  -7.82  2
  70.50  -7.94  2
  70.56  -7.91  2
  70.63  -7.81  2
  70.71  -7.63  2
  70.75  -7.46  2
  70.73  -7.31  2
  70.70  -7.14  2
  70.68  -6.97  2
  70.70  -6.68  2
  70.69  -6.50  2
  70.67  -6.25  2
  70.66  -6.07  2
  70.66  -5.90  2
  70.69  -5.87  2
  70.74  -6.15  2
  70.79  -6.44  2
  70.82  -6.72  2
  70.85  -7.10  2
  70.90  -7.35  2
  70.96  -7.54  2
  71.01  -7.79  2
  71.07  -7.90  2
  71.11  -7.87  2
  71.15  -7.92  2
  71.16  -8.09  2
  71.15  -8.22  2
  71.15  -8.34  2
  71.13  -8.52  2
  71.10  -8.65  2
  71.11  -8.81  2
  71.15  -8.95  2
  71.20  -9.03  2
  71.22  -9.17  2
  71.23  -9.41  2
  71.23  -9.60  2
  71.19  -9.85  2
  71.14 -10.04  2
  71.06 -10.01  2
  70.99  -9.87  2
  70.94  -9.80  2
  70.86  -9.81  2
  70.79  -9.84  2
  70.74  -9.88  2
  70.68  -9.84  2
  70.64  -9.77  2
  70.59  -9.65  2
  70.54  -9.50  2
  70.49  -9.43  2
  70.46  -9.30  2
  70.43  -9.08  2
  70.39  -8.87  2
  70.32  -8.81  2
  70.25  -8.80  2
  70.14  -8.86  2
  70.06  -8.90  2
  69.99  -8.91  2
  69.94  -8.88  2
  69.89  -8.84  2
  69.82  -8.70  2
  69.76  -8.63  2
  69.72  -8.56  2
  69.62  -8.46  2
  69.54  -8.33  2
  69.45  -8.23  2
  69.40  -8.20  2
  69.34  -8.18  2
  69.26  -8.19  2
  69.17  -8.33  2
  69.10  -8.49  2
  69.04  -8.60  2
  68.97  -8.74  2
  68.96  -8.91  2
  68.90  -8.93  2
  68.84  -8.94  2
  68.74  -9.03  2
  68.66  -9.13  2
  68.57  -9.24  2
  68.62  -9.03  2
  68.72  -8.85  2
  68.76  -8.77  2
  68.78  -8.64  2
  68.82  -8.50  2
  68.88  -8.37  2
  68.90  -8.30  2
  68.94  -8.24  2
  68.98  -8.18  3
  68.94  -8.17  2
  69.00  -8.12  3
  68.97  -8.17  2
  68.95  -8.14  2
  68.95  -8.09  2
  68.97  -8.08  2
  68.98  -8.11  2
  68.98  -8.14  2
  69.02  -8.02  3
  69.00  -8.07  2
  68.97  -8.03  2
  68.98  -7.99  2
  68.99  -7.98  2
  69.00  -8.04  2
  69.03  -7.94  3
  69.01  -7.97  2
  69.00  -7.94  2
  69.01  -7.89  2
  69.03  -7.90  2
  69.02  -7.97  2
  69.03  -7.97  3
  99.00   0.00  3
 93X5012 905  98 200   0 BA 200 6
  70.61  -6.08  3
  70.61  -6.33  2
  70.59  -6.53  2
  70.56  -6.72  2
  70.50  -6.89  2
  70.48  -7.06  2
  70.42  -7.19  2
  70.36  -7.10  2
  70.28  -6.97  2
  70.22  -6.92  2
  70.15  -6.90  2
  70.17  -6.91  2
  70.11  -6.95  2
  70.06  -6.96  2
  69.98  -6.98  2
  69.93  -7.02  2
  69.87  -7.12  2
  69.83  -7.21  2
  69.79  -7.35  2
  69.69  -7.41  2
  69.61  -7.48  2
  69.53  -7.50  2
  69.47  -7.49  2
  69.43  -7.48  2
  69.38  -7.46  2
  69.32  -7.46  2
  69.27  -7.46  2
  69.22  -7.48  2
  69.17  -7.46  2
  69.12  -7.48  2
  69.01  -7.54  2
  68.91  -7.64  2
  68.83  -7.75  2
  68.79  -7.81  2
  68.75  -7.95  2
  68.70  -8.13  2
  68.66  -8.24  2
  68.59  -8.47  2
  68.53  -8.59  2
  68.50  -8.60  2
  68.53  -8.48  2
  68.48  -8.61  2
  68.50  -8.45  2
  68.53  -8.36  2
  68.60  -8.19  2
  68.67  -8.00  2
  68.66  -7.90  2
  68.61  -7.80  2
  68.60  -7.64  2
  68.58  -7.46  2
  68.51  -7.33  2
  68.40  -7.14  2
  68.33  -7.03  2
  68.11  -7.09  2
  67.98  -7.22  2
  67.86  -7.35  2
  67.75  -7.58  2
  67.66  -7.65  2
  67.61  -7.60  2
  67.54  -7.53  2
  67.44  -7.46  2
  67.37  -7.44  2
  67.23  -7.44  2
  67.10  -7.50  2
  66.98  -7.55  2
  66.92  -7.56  2
  69.91  -9.39  3
  69.83  -9.31  2
  69.73  -9.15  2
  69.64  -8.98  2
  69.55  -8.86  2
  69.49  -8.78  2
  69.40  -8.70  2
  69.32  -8.69  2
  69.25  -8.73  2
  69.22  -8.79  2
  69.22  -8.99  2
  69.25  -9.29  2
  69.21  -9.48  2
  69.13  -9.64  2
  69.04  -9.64  2
  69.00  -9.55  2
  68.94  -9.50  2
  68.84  -9.51  2
  68.79  -9.50  2
  68.75  -9.48  2
  68.70  -9.33  2
  68.65  -9.44  2
  68.58  -9.64  2
  68.52  -9.84  2
  68.47 -10.01  2
  68.40 -10.14  2
  68.33  -9.89  2
  68.28  -9.86  2
  68.23 -10.10  2
  68.20 -10.29  2
  68.15 -10.50  2
  68.16 -10.46  3
  99.00   0.00  3
 1X1 401 905  60  15   0 AN 5MX 3
  70.47 -12.00  3
  70.22 -12.24  2
  69.99 -12.40  2
  69.91 -12.49  2
  69.81 -12.62  2
  69.73 -12.64  2
  69.67 -12.66  2
  69.58 -12.77  2
  69.51 -12.83  2
  69.40 -13.01  2
  69.28 -13.16  2
  68.03 -14.85  3
  68.13 -14.75  2
  68.26 -14.62  2
  68.33 -14.59  2
  68.48 -14.41  2
  68.57 -14.23  2
  68.68 -14.06  2
  68.78 -13.93  2
  68.86 -13.78  2
  68.96 -13.62  2
  70.44 -12.10  3
  70.42 -11.96  2
  70.22 -12.34  3
  70.18 -12.20  2
  69.98 -12.52  3
  69.97 -12.34  2
  69.79 -12.61  3
  69.78 -12.51  2
  69.69 -12.70  3
  69.68 -12.58  2
  69.58 -12.76  3
  69.58 -12.60  2
  69.49 -12.88  3
  69.50 -12.70  2
  69.38 -13.06  3
  69.38 -12.93  2
  69.28 -13.21  3
  69.28 -13.05  2
  69.06 -13.63  3
  69.03 -13.47  2
  68.94 -13.77  3
  68.92 -13.58  2
  68.86 -13.85  3
  68.85 -13.66  2
  68.77 -13.90  3
  68.75 -13.76  2
  68.36 -14.59  3
  68.34 -14.50  2
  68.44 -14.48  3
  68.42 -14.35  2
  68.57 -14.30  3
  68.54 -14.17  2
  68.24 -14.74  3
  68.24 -14.57  2
  68.15 -14.78  3
  68.13 -14.66  2
  68.04 -14.86  3
  68.02 -14.74  2
  68.04 -14.76  3
  99.00   0.00  3
 1X1 401 905  91   9   0 AN 005 1
  67.17 -16.60  3
  67.34 -16.51  2
  67.52 -16.37  2
  67.75 -16.21  2
  67.83 -16.13  2
  67.91 -16.06  2
  68.04 -15.98  2
  68.13 -15.89  2
  68.23 -15.76  2
  68.33 -15.66  2
  68.43 -15.50  2
  68.54 -15.34  2
  68.65 -15.18  2
  68.73 -15.03  2
  68.85 -14.86  2
  68.93 -14.75  2
  69.09 -14.53  2
  69.18 -14.45  2
  69.28 -14.34  2
  69.37 -14.26  2
  69.47 -14.18  2
  69.56 -14.06  2
  69.67 -13.90  2
  69.79 -13.80  2
  69.87 -13.73  2
  69.96 -13.64  2
  70.09 -13.52  2
  70.34 -13.22  2
  70.36 -13.33  3
  70.33 -13.23  2
  70.07 -13.59  3
  70.07 -13.41  2
  69.97 -13.64  3
  69.98 -13.51  2
  69.90 -13.74  3
  69.90 -13.62  2
  69.80 -13.84  3
  69.80 -13.71  2
  69.70 -13.92  3
  69.69 -13.77  2
  69.57 -13.99  3
  69.58 -13.85  2
  69.49 -14.08  3
  69.49 -13.94  2
  69.41 -14.15  3
  69.40 -14.01  2
  69.32 -14.24  3
  69.32 -14.09  2
  69.26 -14.37  3
  69.27 -14.18  2
  69.17 -14.44  3
  69.16 -14.26  2
  69.07 -14.50  3
  69.07 -14.38  2
  68.97 -14.69  3
  68.98 -14.54  2
  68.88 -14.84  3
  68.85 -14.69  2
  68.76 -15.12  3
  68.74 -14.98  2
  68.67 -15.21  3
  68.64 -15.05  2
  68.52 -15.47  3
  68.51 -15.30  2
  68.42 -15.59  3
  68.42 -15.37  2
  68.32 -15.63  3
  68.33 -15.43  2
  68.22 -15.85  3
  68.23 -15.69  2
  68.15 -15.90  3
  68.14 -15.73  2
  68.03 -15.98  3
  68.02 -15.84  2
  67.91 -16.06  3
  67.90 -15.95  2
  67.87 -16.12  3
  67.85 -16.02  2
  67.77 -16.23  3
  67.76 -16.12  2
  67.65 -16.37  3
  67.65 -16.16  2
  67.56 -16.37  3
  67.55 -16.26  2
  67.45 -16.49  3
  67.43 -16.40  2
  67.37 -16.55  3
  67.34 -16.44  2
  67.21 -16.66  3
  67.18 -16.56  2
  67.18 -16.56  3
  99.00   0.00  3
 1X1 403 905  78  20   0 AN 006 7
  70.21 -10.79  3
  70.07 -11.01  2
  69.93 -11.09  2
  69.84 -11.07  2
  69.74 -11.09  2
  69.63 -11.15  2
  69.51 -11.32  2
  69.40 -11.51  2
  69.32 -11.62  2
  69.22 -11.71  2
  69.12 -11.86  2
  69.01 -12.07  2
  68.71 -12.76  2
  68.59 -12.96  2
  68.50 -13.16  2
  68.36 -13.39  2
  68.27 -13.58  2
  68.17 -13.71  2
  68.05 -13.87  2
  67.94 -13.98  2
  67.84 -14.07  2
  67.76 -14.08  2
  67.67 -14.11  2
  67.65 -14.20  3
  67.65 -14.04  2
  67.74 -14.14  3
  67.74 -13.98  2
  67.85 -14.10  3
  67.84 -13.94  2
  68.04 -13.91  3
  68.05 -13.74  2
  68.16 -13.85  3
  68.17 -13.68  2
  68.26 -13.65  3
  68.26 -13.47  2
  68.35 -13.43  3
  68.34 -13.31  2
  68.48 -13.22  3
  68.48 -13.10  2
  68.60 -13.04  3
  68.61 -12.78  2
  68.70 -12.77  3
  68.68 -12.66  2
  68.79 -12.62  3
  68.77 -12.41  2
  68.90 -12.20  3
  68.89 -12.07  2
  69.00 -12.06  3
  68.99 -11.96  2
  69.09 -11.91  3
  69.08 -11.80  2
  69.18 -11.79  3
  69.17 -11.70  2
  69.24 -11.68  3
  69.25 -11.51  2
  69.38 -11.54  3
  69.37 -11.39  2
  69.47 -11.39  3
  69.47 -11.28  2
  69.59 -11.30  3
  69.58 -11.09  2
  69.67 -11.16  3
  69.66 -11.03  2
  69.77 -11.11  3
  69.76 -10.99  2
  69.84 -11.09  3
  69.86 -10.89  2
  69.95 -11.12  3
  69.94 -10.94  2
  70.06 -11.06  3
  70.05 -10.81  2
  70.37 -10.79  3
  70.28 -10.71  2
  70.26 -10.50  2
  70.32 -10.47  2
  70.32 -10.61  2
  70.28 -10.66  2
  70.28 -10.66  3
  99.00   0.00  3
