 9050001 402 137 250   0 BS 000 2
  68.08 130.65  3
  68.09 130.70  2
  68.11 130.74  2
  68.25 131.00  2
  68.39 131.21  2
  68.52 131.42  2
  68.68 131.64  2
  68.86 131.86  2
  69.03 132.06  2
  69.21 132.27  2
  69.46 132.52  2
  69.69 132.71  2
  69.89 132.89  2
  70.09 133.07  2
  70.28 133.21  2
  70.53 133.51  2
  70.70 133.72  2
  70.91 133.94  2
  71.15 134.21  2
  71.34 134.33  2
  71.60 134.55  2
  71.80 134.66  2
  72.02 134.78  2
  72.22 134.84  2
  72.51 134.90  2
  72.81 134.93  2
  73.05 134.90  2
  73.37 134.91  2
  73.70 134.85  2
  73.96 134.80  2
  74.25 134.86  2
  74.53 134.91  2
  74.83 134.96  2
  75.16 135.08  2
  75.42 135.16  2
  75.67 135.23  2
  75.97 135.35  2
  76.33 135.40  2
  76.63 135.51  2
  76.82 135.62  2
  76.93 135.71  2
  76.93 135.71  2
  76.94 135.57  2
  76.96 135.14  2
  76.98 134.39  2
  76.96 133.58  2
  76.96 133.09  2
  76.95 133.10  2
  77.11 133.05  2
  77.23 133.07  2
  77.45 133.20  2
  77.73 133.34  2
  78.03 133.61  2
  78.26 133.89  2
  78.48 134.12  2
  78.84 134.42  2
  79.11 134.63  2
  79.20 134.71  2
  79.41 134.81  2
  79.67 134.94  2
  79.87 134.97  2
  80.12 135.04  2
  80.34 135.13  2
  80.58 135.38  2
  80.77 135.58  2
  81.02 136.10  2
  81.29 136.69  2
  81.51 136.64  2
  81.82 136.17  2
  82.06 135.85  2
  82.32 135.59  2
  82.58 135.38  2
  82.82 135.49  2
  83.07 135.96  2
  83.28 136.33  2
  83.46 136.61  2
  83.73 137.15  2
  84.03 137.67  2
  84.32 137.97  2
  84.33 137.90  2
  84.44 138.16  2
  84.77 138.25  2
  84.94 138.28  2
  85.16 138.21  2
  85.42 137.62  2
  85.66 137.32  2
  85.94 137.16  2
  86.20 136.74  2
  86.43 136.06  2
  86.72 135.56  2
  87.04 134.96  2
  87.30 134.24  2
  87.57 133.81  2
  87.82 133.08  2
  88.04 132.43  2
  88.34 131.46  2
  88.60 131.48  2
  88.88 132.63  2
  89.01 135.26  2
  89.12 143.16  2
  89.21 151.83  2
  89.29 165.45  2
  89.30 177.13  2
  89.32-173.23  2
  89.41-158.88  2
  89.49-138.65  2
  89.48-118.65  2
  89.43-104.09  2
  89.38 -92.20  2
  89.30 -79.84  2
  89.18 -69.81  2
  89.06 -61.98  2
  88.88 -55.10  2
  88.60 -53.63  2
  88.40 -53.39  2
  88.37 -53.39  2
  88.25 -53.71  2
  88.12 -52.65  2
  87.99 -51.92  2
  87.82 -50.67  2
  87.61 -49.54  2
  87.26 -48.26  2
  87.01 -47.33  2
  86.70 -46.53  2
  86.49 -46.70  2
  86.35 -46.89  2
  86.19 -47.34  2
  85.99 -48.23  2
  85.71 -48.91  2
  85.54 -49.32  2
  85.33 -50.36  2
  85.13 -51.11  2
  85.05 -51.42  2
  85.02 -51.43  2
  84.90 -51.41  2
  84.78 -51.36  2
  84.73 -51.33  3
  99.00   0.00  3
 9050002 402  54  56   0 VO 000 2
  84.74 -51.17  3
  84.73 -51.13  2
  84.72 -51.12  2
  84.66 -51.09  2
  84.39 -50.88  2
  84.15 -50.69  2
  83.87 -51.02  2
  83.58 -51.37  2
  83.32 -51.73  2
  83.05 -52.02  2
  82.92 -52.18  2
  82.87 -52.19  2
  82.87 -52.19  3
  84.74 -51.01  3
  84.73 -50.96  2
  84.72 -50.74  2
  84.57 -49.02  2
  84.52 -47.61  2
  84.48 -45.15  2
  84.48 -42.41  2
  84.49 -39.87  2
  84.53 -37.06  2
  84.61 -34.57  2
  84.75 -31.51  2
  84.89 -29.03  2
  85.02 -26.55  2
  85.13 -24.13  2
  85.29 -21.38  2
  85.41 -19.10  2
  85.48 -17.08  2
  85.52 -15.55  2
  85.51 -14.36  2
  85.50 -14.05  3
  82.86 -52.49  3
  82.86 -52.47  2
  82.95 -51.51  2
  83.00 -50.93  2
  83.07 -50.02  2
  83.18 -48.79  2
  83.25 -47.62  2
  83.35 -46.28  2
  83.45 -44.48  2
  83.51 -43.10  2
  83.60 -41.17  2
  83.67 -39.19  2
  83.74 -37.17  2
  83.78 -35.82  2
  83.82 -34.34  2
  83.83 -32.74  2
  83.85 -31.59  2
  83.85 -30.13  2
  83.87 -28.81  2
  83.88 -27.83  2
  83.88 -27.48  2
  83.88 -27.39  3
  99.00   0.00  3
 9050005 402  49  56   0 AN 024 2
  87.59 105.65  3
  87.60 105.69  2
  87.58 105.99  2
  87.50 107.53  2
  87.40 109.35  2
  87.32 110.73  2
  87.21 112.41  2
  87.07 114.18  2
  86.92 115.92  2
  86.75 117.72  2
  86.60 119.56  2
  86.48 121.08  2
  86.37 122.02  3
  86.37 121.95  2
  86.38 121.73  2
  86.40 121.38  2
  86.42 121.24  2
  86.40 121.69  2
  86.40 122.20  2
  86.43 122.55  2
  86.47 122.15  2
  86.31 122.09  3
  86.31 122.02  2
  86.32 122.37  2
  86.32 123.41  2
  86.32 122.98  3
  86.32 122.98  2
  86.35 122.65  2
  86.37 122.38  2
  86.37 122.93  2
  86.38 123.10  2
  86.44 -29.08  3
  86.45 -29.00  2
  86.47 -29.14  2
  86.55 -29.11  2
  86.66 -29.23  2
  86.82 -29.17  2
  86.96 -28.92  2
  87.09 -28.63  2
  87.19 -27.20  2
  87.29 -25.82  2
  87.41 -24.42  2
  87.55 -23.37  2
  87.68 -22.64  2
  87.77 -21.52  2
  87.94 -19.53  2
  88.10 -17.79  2
  88.26 -15.71  2
  88.49 -12.96  2
  88.67 -10.11  2
  88.78  -7.92  2
  88.96  -4.72  2
  89.10  -0.53  2
  89.22   4.21  2
  89.32  10.41  2
  89.42  18.08  2
  86.33 -28.16  3
  86.33 -28.16  2
  86.33 -28.16  2
  86.33 -28.16  2
  86.32 -28.31  2
  86.30 -28.49  2
  86.27 -28.44  2
  86.25 -28.36  2
  86.28 -28.64  2
  86.31 -29.18  2
  86.27 -29.65  2
  86.39 -28.30  3
  86.39 -28.30  2
  86.39 -28.50  2
  86.40 -29.21  2
  86.41 -29.80  2
  86.40 -29.16  3
  86.40 -29.16  2
  86.39 -29.20  2
  86.34 -29.17  2
  86.35 -29.21  2
  86.36 -29.72  2
  86.37 -30.07  2
  86.37 -30.07  3
  99.00   0.00  3
 9050007 402  52  54   0 AN 023 2
  86.56 -24.68  3
  86.56 -24.68  2
  86.57 -24.58  2
  86.64 -24.54  2
  86.77 -24.37  2
  86.89 -24.14  2
  86.99 -23.77  2
  87.08 -23.44  2
  87.17 -22.73  2
  87.27 -21.60  2
  87.37 -19.53  2
  87.50 -17.39  2
  87.62 -15.63  2
  87.71 -13.99  2
  87.83 -11.84  2
  87.96  -9.47  2
  88.06  -7.33  2
  88.18  -4.85  2
  88.30  -1.84  2
  88.39   0.40  2
  88.54   3.47  2
  88.68   6.47  2
  88.80   9.02  2
  88.94  12.63  2
  89.07  17.19  2
  89.16  22.03  2
  89.24  26.75  2
  89.29  30.93  2
  86.40 -23.48  3
  86.41 -23.51  2
  86.41 -23.51  2
  86.39 -23.41  2
  86.38 -23.53  2
  86.34 -23.72  2
  86.30 -23.80  2
  86.32 -23.97  2
  86.39 -24.31  2
  86.40 -24.80  2
  86.38 -25.32  2
  86.34 -25.52  2
  86.49 -25.55  3
  86.48 -25.52  2
  86.49 -25.47  2
  86.51 -25.14  2
  86.52 -24.78  2
  86.48 -24.40  2
  86.47 -24.53  2
  86.50 -24.19  2
  86.51 -23.62  2
  86.48 -23.41  2
  86.44 -23.48  2
  86.44 -23.56  3
  99.00   0.00  3
 9050008 402  29  50   0 AN 021 2
  86.93 104.05  3
  86.93 104.05  2
  86.92 104.32  2
  86.87 105.21  2
  86.75 106.26  2
  86.66 107.24  2
  86.53 108.48  2
  86.43 109.72  2
  86.31 111.28  2
  86.20 112.50  2
  86.02 114.19  2
  85.88 115.63  2
  85.70 117.42  2
  85.58 118.82  2
  85.50 119.96  2
  85.28 120.98  3
  85.28 120.98  2
  85.28 120.98  2
  85.35 120.27  2
  85.33 120.62  2
  85.32 121.09  2
  85.33 121.40  2
  85.38 121.66  2
  85.43 121.30  2
  85.25 121.49  3
  85.25 121.49  2
  85.26 121.56  2
  85.32 122.56  2
  85.32 122.56  3
  99.00   0.00  3
 9050009 402  41  46   0 AN 020 2
  86.28 -13.88  3
  86.28 -13.88  2
  86.31 -14.10  2
  86.44 -13.80  2
  86.61 -13.17  2
  86.73 -12.64  2
  86.86 -11.55  2
  87.00 -10.06  2
  87.15  -7.57  2
  87.31  -4.74  2
  87.43  -1.89  2
  87.50   0.94  2
  87.62   4.82  2
  87.66   8.55  2
  87.72  10.72  2
  87.81  12.05  2
  87.87  16.24  2
  87.93  19.40  2
  87.98  21.30  2
  88.10  24.75  2
  88.22  28.11  2
  88.32  32.31  2
  88.43  36.32  2
  88.51  39.59  2
  86.10 -13.58  3
  86.10 -13.58  2
  86.05 -13.82  2
  86.02 -13.88  2
  86.06 -13.91  2
  86.12 -14.30  2
  86.13 -14.60  2
  86.08 -15.23  2
  86.18 -13.35  3
  86.17 -13.33  2
  86.15 -13.85  2
  86.17 -14.82  2
  86.21 -15.09  2
  86.24 -14.75  2
  86.24 -14.06  2
  86.20 -13.52  2
  86.17 -13.41  3
  99.00   0.00  3
 9050011 402  31  43   0 VO 000 1
  85.49 -13.43  3
  85.49 -13.43  2
  85.47 -13.72  2
  85.28 -15.51  2
  85.05 -17.56  2
  84.81 -19.50  2
  84.58 -21.24  2
  84.37 -23.04  2
  84.22 -24.37  2
  84.08 -25.54  2
  83.94 -26.61  2
  83.90 -27.03  2
  83.90 -27.03  3
  85.51 -13.58  3
  85.51 -13.56  2
  85.49 -13.30  2
  85.37 -12.53  2
  85.18 -12.98  2
  84.96 -14.52  2
  84.77 -15.97  2
  84.62 -17.02  2
  84.47 -18.08  2
  84.31 -19.32  2
  84.13 -20.97  2
  84.00 -22.42  2
  83.91 -23.90  2
  83.87 -24.76  2
  83.86 -25.66  2
  83.86 -26.59  2
  83.89 -27.32  2
  83.89 -27.32  3
  99.00   0.00  3
 9050013 402  41  36   0 AN 013 1
  86.08  -5.47  3
  86.08  -5.47  2
  86.09  -5.48  2
  86.14  -4.82  2
  86.24  -3.94  2
  86.36  -2.68  2
  86.44  -1.60  2
  86.53  -0.19  2
  86.59   1.19  2
  86.67   3.02  2
  86.75   5.12  2
  86.84   8.27  2
  86.92  10.46  2
  87.01  11.97  2
  87.11  14.51  2
  87.18  16.70  2
  87.22  18.89  2
  87.30  22.17  2
  87.40  25.95  2
  87.50  28.80  2
  87.59  31.85  2
  87.65  35.32  2
  87.70  37.86  2
  87.77  40.34  2
  87.82  42.99  2
  87.85  45.02  2
  85.94  -6.13  3
  85.93  -6.13  2
  85.94  -6.13  2
  85.97  -6.34  2
  86.02  -6.81  2
  85.97  -5.25  3
  85.97  -5.18  2
  86.01  -4.99  2
  86.05  -5.35  2
  86.04  -5.89  2
  86.03  -5.96  2
  86.10  -5.82  2
  86.10  -6.14  2
  86.06  -6.49  2
  86.06  -6.56  3
  99.00   0.00  3
 9050014 402  27  26   0 AN 007 1
  85.84  -1.69  3
  85.84  -1.69  2
  85.91  -1.18  2
  86.01  -0.34  2
  86.13   0.79  2
  86.22   1.72  2
  86.33   2.38  2
  86.47   3.46  2
  86.56   4.74  2
  86.65   7.52  2
  86.71  10.36  2
  86.80  14.35  2
  86.91  18.73  2
  87.03  22.36  2
  87.17  25.59  2
  87.32  29.31  2
  87.40  32.80  2
  87.45  36.54  2
  87.57  40.51  2
  87.69  43.76  2
  85.71  -2.09  3
  85.71  -2.09  2
  85.75  -2.18  2
  85.82  -2.66  2
  85.83  -2.74  2
  85.76  -3.37  2
  85.74  -3.57  3
  99.00   0.00  3
 9050015 402  39  10   0 AN 005 1
  85.66  98.43  3
  85.66  98.51  2
  85.65  98.64  2
  85.56 100.11  2
  85.45 101.68  2
  85.35 102.79  2
  85.21 104.42  2
  85.05 106.19  2
  84.93 107.13  2
  84.79 108.36  2
  84.63 109.84  2
  84.53 110.73  2
  84.43 111.82  2
  84.27 113.25  2
  84.18 113.83  2
  84.06 114.73  2
  83.91 115.57  2
  83.76 116.36  2
  83.62 116.86  2
  83.48 117.26  2
  83.32 117.76  2
  83.21 118.01  2
  83.08 118.40  2
  82.93 118.70  2
  82.79 118.85  2
  82.64 119.19  2
  82.48 119.62  2
  82.31 119.99  2
  82.15 120.48  2
  82.06 120.68  2
  81.99 120.89  2
  81.95 121.04  2
  81.85 120.85  3
  81.85 120.85  2
  81.82 120.87  2
  81.77 121.10  2
  81.77 121.27  2
  81.80 121.41  2
  81.85 121.38  2
  81.87 121.27  2
  81.88 121.66  2
  81.87 121.71  2
  81.80 122.07  2
  85.52   4.58  3
  85.52   4.65  2
  85.53   4.65  2
  85.59   5.22  2
  85.65   6.10  2
  85.73   7.48  2
  85.80   8.66  2
  85.88  10.60  2
  85.97  12.51  2
  86.04  14.20  2
  86.11  15.88  2
  86.18  17.42  2
  86.27  18.89  2
  86.33  20.03  2
  86.36  21.17  2
  86.39  23.23  2
  86.43  25.40  2
  86.47  27.33  2
  86.52  28.83  2
  86.58  30.27  2
  86.65  31.87  2
  86.73  33.61  2
  86.80  34.94  2
  86.85  36.82  2
  86.91  38.70  2
  86.96  39.99  2
  87.06  41.87  2
  87.15  44.19  2
  85.39   3.35  3
  85.39   3.35  2
  85.39   3.35  2
  85.39   3.35  2
  85.44   4.28  2
  85.48   4.05  2
  85.47   3.48  2
  85.46   2.92  2
  85.49   2.46  2
  85.55   2.98  2
  85.58   3.50  3
  99.00   0.00  3
 9050017 402 133   1   0 RI 005 1
  68.73 131.52  3
  68.76 131.56  2
  68.86 131.60  2
  68.98 131.68  2
  69.10 131.76  2
  69.23 131.81  2
  69.37 131.92  2
  69.55 132.05  2
  69.72 132.15  2
  69.89 132.28  2
  70.09 132.40  2
  70.32 132.48  2
  70.48 132.54  2
  70.60 132.61  2
  70.76 132.64  2
  70.98 132.71  2
  71.24 132.75  2
  71.57 132.75  2
  71.87 132.74  2
  72.21 132.70  2
  72.48 132.69  2
  72.76 132.71  2
  73.03 132.66  2
  73.25 132.57  2
  73.44 132.38  2
  73.66 132.31  2
  74.02 132.21  2
  74.20 132.19  2
  74.46 132.13  2
  74.72 132.00  2
  74.94 131.88  2
  75.21 131.71  2
  75.48 131.52  2
  75.75 131.38  2
  75.96 131.29  2
  76.17 131.30  2
  76.42 131.32  2
  76.68 131.33  2
  76.88 131.41  2
  76.96 131.51  2
  76.96 131.02  2
  76.93 130.23  2
  76.92 128.88  2
  76.88 128.02  2
  76.87 127.58  2
  76.88 127.63  2
  76.95 127.47  2
  77.13 127.24  2
  77.50 126.76  2
  77.75 126.43  2
  78.09 126.12  2
  78.30 126.02  2
  78.62 125.55  2
  78.96 125.05  2
  79.29 124.52  2
  79.58 124.14  2
  79.82 123.68  2
  80.07 123.24  2
  80.39 122.59  2
  80.71 121.94  2
  80.89 121.31  2
  81.21 120.38  2
  81.49 119.64  2
  81.79 119.31  2
  82.07 118.71  2
  82.35 117.97  2
  82.61 117.23  2
  82.91 116.34  2
  83.18 115.60  2
  83.50 114.52  2
  83.78 113.38  2
  84.04 111.84  2
  84.27 109.91  2
  84.41 108.51  2
  84.56 106.35  2
  84.78 104.24  2
  84.96 101.90  2
  85.09  99.43  2
  85.19  96.87  2
  85.31  93.89  2
  85.43  90.22  2
  85.57  86.06  2
  85.69  82.59  2
  85.76  80.83  2
  85.85  79.11  2
  85.97  77.12  2
  86.21  73.11  2
  86.37  70.29  2
  86.48  69.47  2
  86.56  69.50  2
  86.67  66.70  2
  86.72  66.45  2
  86.80  65.48  2
  86.85  62.31  2
  86.88  62.21  2
  86.94  61.19  2
  86.93  57.03  2
  86.90  53.35  2
  86.84  49.51  2
  86.74  46.65  2
  86.66  45.81  2
  86.61  44.23  2
  86.49  40.45  2
  86.40  37.40  2
  86.27  34.18  2
  86.14  32.13  2
  86.09  31.19  2
  86.01  31.34  2
  86.01  31.30  2
  86.01  29.82  2
  86.00  26.97  2
  85.96  23.85  2
  85.85  19.92  2
  85.64  16.20  2
  85.39  12.83  2
  85.11  10.26  2
  85.05   9.68  2
  85.11   9.29  2
  85.10   8.48  2
  84.75   5.14  2
  84.74   4.77  2
  84.76   4.18  2
  84.68   3.41  2
  84.38   1.26  2
  84.19   0.03  2
  83.88  -1.88  2
  83.80  -1.85  2
  83.75  -2.34  2
  83.47  -4.17  2
  83.19  -5.48  2
  82.98  -6.58  2
  82.86  -7.00  2
  82.85  -6.99  3
  99.00   0.00  3
 9030001 402 101 250   0 BS 000 7
  75.58-175.60  3
  75.58-175.77  2
  75.60-176.42  2
  75.63-177.30  2
  75.76-178.28  2
  75.92-179.26  2
  76.07 179.99  2
  76.20 179.16  2
  76.33 178.15  2
  76.50 177.29  2
  76.71 177.16  2
  76.96 176.65  2
  77.02 175.72  2
  77.07 174.86  2
  77.22 173.99  2
  77.48 172.91  2
  77.72 171.75  2
  78.00 170.27  2
  78.22 168.93  2
  78.38 167.40  2
  78.51 165.84  2
  78.61 164.31  2
  78.80 163.22  2
  79.04 162.37  2
  79.31 161.27  2
  79.52 160.16  2
  79.73 158.85  2
  79.89 157.32  2
  80.07 155.08  2
  80.29 152.43  2
  80.41 150.72  2
  80.49 149.08  2
  80.61 147.43  2
  80.82 145.97  2
  80.91 145.67  2
  81.17 145.14  2
  81.45 144.99  2
  81.71 145.15  2
  81.87 145.47  2
  82.13 145.99  2
  82.42 146.46  2
  82.66 146.98  2
  82.96 147.53  2
  83.32 148.44  2
  83.63 149.25  2
  83.81 149.76  2
  84.07 150.32  2
  84.31 150.31  2
  84.50 149.68  2
  84.63 148.91  2
  84.88 147.69  2
  85.09 146.44  2
  85.32 145.29  2
  85.63 144.65  2
  85.87 144.46  2
  86.17 144.81  2
  86.44 145.39  2
  86.69 145.99  2
  86.93 147.12  2
  87.22 148.10  2
  87.58 149.18  2
  87.89 149.46  2
  88.18 149.47  2
  88.45 149.89  2
  88.73 151.81  2
  88.83 159.51  2
  88.88 168.56  2
  88.91 179.24  2
  88.92-172.02  2
  88.99-165.47  2
  89.12-152.03  2
  89.08-142.43  2
  88.95-133.07  2
  88.95-132.24  2
  88.86-126.56  2
  88.79-120.70  2
  88.66-111.94  2
  88.49-101.25  2
  88.30 -91.66  2
  88.12 -84.18  2
  88.01 -80.23  2
  87.91 -77.46  2
  87.79 -74.49  2
  87.59 -71.09  2
  87.28 -66.46  2
  87.12 -64.84  2
  86.89 -63.76  2
  86.68 -63.33  2
  86.44 -63.15  2
  86.24 -63.73  2
  85.99 -64.81  2
  85.83 -66.18  2
  85.72 -67.75  2
  85.53 -69.49  2
  85.38 -70.74  2
  85.23 -72.17  2
  85.05 -73.63  2
  84.76 -75.24  2
  84.59 -76.21  2
  84.54 -76.76  2
  84.54 -76.76  3
  99.00   0.00  3
 40X 111 402 990 600   0 CS 000 7
  75.84 139.92 3
  75.82 139.95 2
  75.79 139.96 2
  75.82 140.05 2
  75.81 140.17 2
  75.80 140.34 2
  75.76 140.31 2
  75.74 140.34 2
  75.72 140.27 2
  75.68 140.22 2
  75.68 140.26 2
  75.65 140.24 2
  75.62 140.27 2
  75.63 140.41 2
  75.60 140.51 2
  75.62 140.61 2
  75.61 140.70 2
  75.61 140.79 2
  75.62 140.84 2
  75.65 140.83 2
  75.73 140.83 2
  75.76 140.92 2
  75.78 140.90 2
  75.81 140.79 2
  75.88 140.79 2
  75.95 140.77 2
  76.01 140.78 2
  76.03 140.83 2
  76.06 140.95 2
  76.08 141.09 2
  76.06 141.24 2
  76.03 141.37 2
  76.01 141.55 2
  75.96 141.67 2
  75.92 141.80 2
  75.87 141.91 2
  75.82 141.96 2
  75.79 142.02 2
  75.74 142.10 2
  75.73 142.28 2
  75.71 142.41 2
  75.65 142.42 2
  75.60 142.34 2
  75.54 142.31 2
  75.49 142.23 2
  75.46 142.13 2
  75.40 142.08 2
  75.36 142.08 2
  75.31 142.11 2
  75.23 142.21 2
  75.16 142.31 2
  75.11 142.47 2
  75.07 142.56 2
  75.06 142.76 2
  75.05 142.95 2
  75.01 143.14 2
  74.98 143.27 2
  74.95 143.33 2
  74.93 143.30 2
  74.91 143.10 2
  74.90 142.93 2
  74.93 142.69 2
  74.96 142.47 2
  74.91 142.42 2
  74.87 142.41 2
  74.85 142.22 2
  74.88 142.13 2
  74.95 141.91 2
  74.98 141.81 2
  74.98 141.92 2
  75.03 141.95 2
  75.07 141.77 2
  75.03 141.63 2
  74.98 141.51 2
  74.96 141.22 2
  74.95 141.01 2
  74.91 140.78 2
  74.85 140.52 2
  74.83 140.24 2
  74.80 140.01 2
  74.80 139.85 2
  74.84 139.67 2
  74.83 139.82 2
  74.87 139.95 2
  74.90 139.77 2
  74.96 139.64 2
  75.02 139.64 2
  75.06 139.63 2
  75.05 139.56 2
  75.02 139.39 2
  74.98 139.38 2
  74.96 139.37 2
  74.91 139.33 2
  74.92 139.50 2
  74.86 139.41 2
  74.75 139.33 2
  74.70 139.22 2
  74.69 139.05 2
  74.72 138.88 2
  74.74 138.74 2
  74.74 138.57 2
  74.75 138.31 2
  74.79 138.13 2
  74.82 137.94 2
  74.90 137.80 2
  74.94 137.77 2
  74.98 137.72 2
  75.04 137.66 2
  75.03 137.44 2
  75.05 137.28 2
  75.08 137.19 2
  75.09 137.09 2
  75.13 136.95 2
  75.21 136.86 2
  75.26 136.77 2
  75.32 136.71 2
  75.34 136.68 2
  75.37 136.86 2
  75.34 137.04 2
  75.37 137.26 2
  75.42 137.17 2
  75.41 136.99 2
  75.43 136.95 2
  75.45 136.99 2
  75.45 137.15 2
  75.50 137.13 2
  75.54 136.92 2
  75.58 136.82 2
  75.59 136.80 2
  75.60 136.83 2
  75.57 136.92 2
  75.55 136.99 2
  75.58 137.05 2
  75.60 137.06 2
  75.63 137.08 2
  75.68 136.98 2
  75.75 136.98 2
  75.78 137.14 2
  75.76 137.39 2
  75.79 137.47 2
  75.81 137.42 2
  75.85 137.37 2
  75.83 137.29 2
  75.86 137.23 2
  75.92 137.14 2
  75.95 137.18 2
  75.99 137.33 2
  75.97 137.42 2
  75.99 137.58 2
  76.00 137.74 2
  76.03 137.91 2
  76.08 137.99 2
  76.14 138.09 2
  76.12 138.14 2
  76.14 138.23 2
  76.17 138.34 2
  76.20 138.56 2
  76.20 138.67 2
  76.22 138.85 2
  76.21 138.91 2
  76.16 138.81 2
  76.11 138.85 2
  76.08 138.97 2
  76.03 139.16 2
  75.98 139.33 2
  75.97 139.43 2
  75.98 139.60 2
  75.95 139.63 2
  75.92 139.77 2
  75.87 139.66 2
  75.83 139.75 2
  75.83 139.84 2
  75.84 139.92 2
  76.14 141.33 3
  76.14 141.37 2
  76.13 141.46 2
  76.10 141.62 2
  76.06 141.75 2
  76.01 141.91 2
  75.97 142.10 2
  75.92 142.22 2
  75.88 142.34 2
  75.85 142.50 2
  75.85 142.70 2
  75.83 142.94 2
  75.85 143.12 2
  75.88 143.27 2
  75.89 143.45 2
  75.87 143.63 2
  75.86 143.84 2
  75.79 143.96 2
  75.74 144.09 2
  75.72 144.22 2
  75.71 144.39 2
  75.68 144.52 2
  75.65 144.65 2
  75.63 144.84 2
  75.61 144.98 2
  75.57 145.13 2
  75.53 145.26 2
  75.53 145.38 2
  75.50 145.41 2
  75.49 145.34 2
  75.50 145.20 2
  75.51 145.08 2
  75.49 144.91 2
  75.45 144.85 2
  75.44 144.64 2
  75.42 144.69 2
  75.38 144.66 2
  75.32 144.66 2
  75.27 144.76 2
  75.24 144.67 2
  75.16 144.62 2
  75.12 144.37 2
  75.09 144.30 2
  75.05 144.02 2
  75.02 143.84 2
  75.05 143.67 2
  75.06 143.34 2
  75.08 142.99 2
  75.14 142.73 2
  75.24 142.58 2
  75.32 142.43 2
  75.40 142.32 2
  75.48 142.35 2
  75.54 142.43 2
  75.60 142.50 2
  75.66 142.59 2
  75.73 142.63 2
  75.77 142.65 2
  75.77 142.50 2
  75.82 142.43 2
  75.84 142.31 2
  75.88 142.19 2
  75.92 142.08 2
  75.96 141.97 2
  76.00 141.84 2
  76.03 141.73 2
  76.06 141.63 2
  76.09 141.47 2
  76.13 141.37 2
  76.14 141.35 2
  76.14 141.34 2
  76.14 141.33 2
  75.56 146.29 3
  75.55 146.30 2
  75.53 146.40 2
  75.51 146.57 2
  75.49 146.67 2
  75.45 146.72 2
  75.42 146.89 2
  75.40 147.16 2
  75.40 147.44 2
  75.41 147.57 2
  75.40 147.76 2
  75.39 147.99 2
  75.38 148.22 2
  75.38 148.37 2
  75.37 148.55 2
  75.33 148.60 2
  75.33 148.45 2
  75.30 148.43 2
  75.25 148.22 2
  75.25 148.34 2
  75.26 148.63 2
  75.26 148.92 2
  75.25 149.05 2
  75.28 149.20 2
  75.28 149.38 2
  75.25 149.56 2
  75.19 149.67 2
  75.20 149.89 2
  75.21 150.01 2
  75.19 150.22 2
  75.14 150.35 2
  75.11 150.63 2
  75.11 150.85 2
  75.10 151.09 2
  75.06 150.90 2
  75.01 150.90 2
  74.93 150.92 2
  74.84 150.69 2
  74.78 150.31 2
  74.75 150.15 2
  74.73 150.03 2
  74.72 149.84 2
  74.76 149.72 2
  74.73 149.62 2
  74.74 149.48 2
  74.79 149.39 2
  74.74 149.35 2
  74.74 149.15 2
  74.77 148.86 2
  74.83 148.66 2
  74.83 148.38 2
  74.85 148.12 2
  74.91 147.96 2
  74.93 147.78 2
  74.99 147.62 2
  75.00 147.44 2
  75.01 147.27 2
  75.05 147.06 2
  75.12 147.06 2
  75.18 147.04 2
  75.25 146.81 2
  75.34 146.72 2
  75.40 146.51 2
  75.46 146.32 2
  75.52 146.26 2
  75.54 146.25 2
  75.55 146.26 2
  75.56 146.29 2
  74.14 140.95 3
  74.22 140.98 2
  74.27 140.81 2
  74.31 140.52 2
  74.27 140.25 2
  74.20 140.10 2
  74.16 140.08 2
  74.11 140.09 2
  74.06 140.13 2
  74.00 140.15 2
  73.95 140.15 2
  73.92 140.28 2
  73.89 140.48 2
  73.89 140.55 2
  73.92 140.44 2
  73.95 140.39 2
  73.96 140.49 2
  73.95 140.67 2
  73.99 140.70 2
  74.00 140.80 2
  74.02 140.87 2
  74.03 140.90 2
  74.07 140.97 2
  74.08 141.05 2
  74.10 140.92 2
  74.14 140.95 2
  73.89 141.33 3
  73.89 141.34 2
  73.89 141.41 2
  73.90 141.52 2
  73.92 141.64 2
  73.93 141.77 2
  73.92 141.95 2
  73.90 142.13 2
  73.85 142.33 2
  73.84 142.50 2
  73.74 142.73 2
  73.70 142.87 2
  73.67 143.06 2
  73.59 143.20 2
  73.53 143.35 2
  73.45 143.42 2
  73.35 143.42 2
  73.28 143.50 2
  73.23 143.51 2
  73.24 143.33 2
  73.23 143.18 2
  73.23 142.94 2
  73.27 142.70 2
  73.27 142.58 2
  73.28 142.40 2
  73.27 142.19 2
  73.31 141.88 2
  73.35 141.75 2
  73.34 141.51 2
  73.36 141.21 2
  73.42 140.89 2
  73.44 140.54 2
  73.40 140.28 2
  73.41 139.71 3
  73.44 139.65 2
  73.47 139.79 2
  73.47 140.05 2
  73.48 140.31 2
  73.52 140.40 2
  73.61 140.54 2
  73.69 140.63 2
  73.77 140.74 2
  73.83 140.76 2
  73.88 140.84 2
  73.89 140.95 2
  73.88 141.12 2
  73.89 141.25 2
  73.89 141.33 2
  74.06 136.01 3
  74.04 136.01 2
  74.02 136.07 2
  74.00 136.18 2
  73.95 136.26 2
  73.89 136.22 2
  73.88 136.21 2
  73.89 136.08 2
  73.96 135.97 2
  74.03 135.75 2
  74.09 135.67 2
  74.15 135.50 2
  74.17 135.42 2
  74.24 135.43 2
  74.24 135.54 2
  74.15 135.68 2
  74.09 135.85 2
  74.05 135.98 2
  74.06 136.01 2
  75.55 135.85 3
  75.51 135.81 2
  75.49 135.79 2
  75.47 135.73 2
  75.42 135.78 2
  75.38 135.80 2
  75.35 135.72 2
  75.35 135.63 2
  75.38 135.48 2
  75.43 135.42 2
  75.47 135.46 2
  75.50 135.41 2
  75.54 135.46 2
  75.62 135.50 2
  75.69 135.46 2
  75.74 135.50 2
  75.80 135.51 2
  75.85 135.51 2
  75.82 135.52 2
  75.79 135.56 2
  75.76 135.65 2
  75.67 135.72 2
  75.63 135.86 2
  75.62 135.98 2
  75.60 135.95 2
  75.57 135.89 2
  75.55 135.85 2
  73.36 140.03 3
  73.37 139.84 2
  72.37 147.87 3
  72.36 148.03 2
  72.34 148.12 3
  72.34 148.13 2
  72.35 148.21 2
  72.36 148.38 2
  72.36 148.49 2
  72.34 148.64 2
  72.31 148.85 2
  72.28 148.96 2
  72.27 149.05 2
  72.26 149.24 2
  72.22 149.45 2
  72.19 149.61 2
  72.15 149.79 2
  73.05 129.34 3
  73.02 129.45 2
  72.99 129.46 2
  72.97 129.52 2
  72.94 129.47 2
  72.90 129.46 2
  72.88 129.43 2
  72.88 129.31 2
  72.83 129.34 2
  72.74 129.42 3
  72.38 129.63 3
  70.90 130.47 3
  70.90 130.60 2
  70.85 130.71 2
  70.86 130.84 2
  70.94 130.86 2
  70.92 130.94 2
  70.85 131.00 2
  70.81 131.05 2
  70.73 131.12 2
  70.71 131.22 2
  70.69 131.34 2
  70.78 131.40 2
  70.86 131.58 2
  70.97 131.64 2
  71.01 131.73 2
  71.14 131.90 2
  71.17 132.03 2
  71.24 132.02 2
  71.37 132.01 2
  71.44 132.05 2
  71.54 132.08 2
  71.63 132.22 2
  71.73 132.35 2
  71.81 132.44 2
  71.87 132.52 2
  71.95 132.63 2
  71.97 132.73 2
  71.95 132.76 2
  71.87 132.78 2
  71.81 132.84 2
  71.75 132.90 2
  71.72 133.01 2
  71.69 133.09 2
  71.65 133.16 2
  71.61 133.21 2
  71.56 133.27 2
  71.52 133.42 2
  71.47 133.57 2
  71.41 133.68 2
  71.40 133.84 2
  71.42 134.05 2
  71.41 134.23 2
  71.41 134.36 2
  71.40 134.55 2
  71.42 134.63 2
  71.38 134.72 2
  71.34 134.82 2
  71.38 134.83 2
  71.45 134.78 2
  71.51 134.82 2
  71.57 134.91 2
  71.62 135.02 2
  71.63 135.19 2
  71.63 135.36 2
  71.64 135.58 2
  71.60 135.79 2
  71.59 135.96 2
  71.54 136.06 2
  71.53 136.27 2
  71.51 136.37 2
  71.52 136.51 2
  71.52 136.60 2
  71.51 136.62 2
  71.49 136.73 2
  71.46 136.86 2
  71.40 137.12 2
  71.40 137.25 2
  71.36 137.41 2
  71.30 137.48 2
  71.28 137.63 2
  71.23 137.63 2
  71.20 137.72 2
  71.18 137.86 2
  71.14 137.97 2
  71.18 138.06 2
  71.18 138.27 2
  71.24 138.33 2
  71.28 138.49 2
  71.33 138.58 2
  71.37 138.72 2
  71.38 138.74 2
  71.38 138.76 2
  71.40 138.85 2
  71.42 138.94 2
  71.40 138.98 2
  71.44 139.07 2
  71.42 139.21 2
  71.40 139.33 2
  71.42 139.34 2
  71.49 139.43 2
  71.51 139.45 2
  71.47 139.64 2
  71.44 139.82 2
  71.44 139.98 2
  71.49 140.04 2
  71.56 140.03 2
  71.60 139.98 2
  71.66 139.82 2
  71.74 139.73 2
  71.81 139.72 2
  71.85 139.71 2
  71.85 139.88 2
  71.91 139.86 2
  71.95 139.80 2
  71.98 139.75 2
  72.02 139.77 2
  72.10 139.91 2
  72.13 140.01 2
  72.17 140.15 2
  72.18 140.37 2
  72.24 140.51 2
  72.31 140.65 2
  72.40 140.69 2
  72.45 140.72 2
  72.50 140.82 2
  72.56 141.01 2
  72.58 141.16 2
  72.61 141.12 2
  72.64 141.01 2
  72.69 141.00 2
  72.74 140.81 2
  72.78 140.83 2
  72.83 140.98 2
  72.83 141.12 2
  72.82 141.28 2
  72.81 141.35 2
  72.79 141.47 2
  72.75 141.55 2
  72.72 141.70 2
  72.72 141.86 2
  72.71 141.98 2
  72.71 142.02 2
  72.71 142.07 2
  72.70 142.20 2
  72.70 142.48 2
  72.68 142.70 2
  72.69 142.90 2
  72.69 143.10 2
  72.69 143.29 2
  72.69 143.53 2
  72.66 143.77 2
  72.66 144.01 2
  72.66 144.25 2
  72.65 144.53 2
  72.62 144.67 2
  72.59 144.83 2
  72.57 144.97 2
  72.57 145.24 2
  72.55 145.52 2
  72.54 145.71 2
  72.55 145.82 2
  72.52 145.91 2
  72.48 146.09 2
  72.44 146.21 2
  72.43 146.35 2
  72.44 146.50 2
  72.41 146.62 2
  72.37 146.74 2
  72.34 147.17 2
  72.37 147.36 2
  72.37 147.54 2
  72.36 147.67 2
  72.33 148.11 3
  72.09 149.85 3
  72.02 149.96 2
  71.96 150.03 2
  71.90 150.05 2
  71.84 150.04 2
  71.83 149.93 2
  71.80 149.80 2
  71.85 149.69 2
  71.88 149.58 2
  71.90 149.47 2
  71.87 149.35 2
  71.81 149.24 2
  71.75 149.12 2
  71.71 149.00 2
  71.67 149.00 2
  71.69 149.10 2
  71.67 149.24 2
  71.67 149.38 2
  71.64 149.48 2
  71.65 149.67 2
  71.69 149.77 2
  71.65 149.92 2
  71.63 150.10 2
  71.62 150.24 2
  71.55 150.33 2
  71.51 150.47 2
  71.48 150.66 2
  71.44 150.66 2
  71.39 150.73 2
  71.38 150.90 2
  71.42 151.21 2
  71.43 151.42 2
  71.44 151.62 2
  71.39 151.65 2
  71.35 151.73 2
  71.29 151.88 2
  71.26 152.00 2
  71.20 152.21 2
  71.16 152.37 2
  71.08 152.34 2
  71.01 152.20 2
  70.98 151.97 2
  70.97 151.78 2
  70.94 151.89 2
  70.94 152.13 2
  70.89 152.30 2
  70.84 152.48 2
  70.79 152.59 2
  70.83 152.73 2
  70.83 152.94 2
  70.87 153.13 2
  70.88 153.18 2
  70.87 153.23 2
  70.89 153.31 2
  70.91 153.38 2
  70.89 153.53 2
  70.91 153.66 2
  70.92 153.86 2
  70.92 154.04 2
  70.89 154.21 2
  70.90 154.34 2
  70.91 154.45 2
  70.94 154.56 2
  70.96 154.62 2
  70.97 154.74 2
  70.95 154.97 2
  70.93 155.22 2
  70.94 155.42 2
  70.98 155.56 2
  70.98 155.77 2
  70.96 155.95 2
  70.99 156.05 2
  71.01 156.28 2
  71.01 156.53 2
  71.00 156.75 2
  71.01 156.95 2
  71.02 157.15 2
  71.01 157.36 2
  71.01 157.65 2
  70.98 157.88 2
  70.98 158.09 2
  70.97 158.36 2
  70.96 158.62 2
  70.94 158.84 2
  70.87 159.00 2
  70.84 159.16 2
  70.78 159.28 2
  70.74 159.35 2
  70.71 159.47 2
  70.63 159.63 2
  70.60 159.72 2
  70.56 159.81 2
  70.53 159.81 2
  70.45 159.92 2
  70.41 160.00 2
  70.37 160.00 2
  70.30 160.04 2
  70.23 160.04 2
  70.17 159.98 2
  70.09 159.92 2
  70.00 159.83 2
  69.92 159.75 2
  69.85 159.68 2
  69.80 159.69 2
  69.79 159.88 2
  69.78 159.99 2
  69.72 160.08 2
  69.72 160.21 2
  69.72 160.47 2
  69.68 160.68 2
  69.63 160.84 2
  69.55 160.99 2
  69.54 161.08 2
  71.61 137.04 3
  71.61 137.05 2
  71.60 137.08 2
  71.57 137.19 2
  71.56 137.30 2
  71.59 137.37 2
  71.58 137.51 2
  71.58 137.73 2
  71.57 137.91 2
  71.53 137.98 2
  71.48 137.86 2
  71.43 137.78 2
  71.46 137.62 2
  71.43 137.49 2
  71.45 137.35 2
  71.47 137.20 2
  71.51 136.96 2
  71.54 136.77 2
  71.56 136.74 2
  71.57 136.79 2
  71.57 136.91 2
  71.60 136.95 2
  71.61 137.02 2
  71.61 137.04 2
  71.53 138.04 3
  71.54 138.06 2
  71.56 138.16 2
  71.58 138.25 2
  71.58 138.35 2
  71.54 138.46 2
  71.58 138.52 2
  71.64 138.53 2
  71.65 138.64 2
  71.62 138.80 2
  71.57 138.94 2
  71.52 138.96 2
  71.49 138.96 2
  71.46 138.95 2
  71.44 138.90 2
  71.41 138.83 2
  71.38 138.73 2
  71.34 138.56 2
  71.35 138.44 2
  71.35 138.32 2
  71.34 138.24 2
  71.33 138.11 2
  71.36 138.00 2
  71.35 137.88 2
  71.40 137.87 2
  71.44 137.99 2
  71.47 138.05 2
  71.51 138.03 2
  71.52 138.03 2
  71.54 138.03 2
  71.53 138.04 2
  72.47 139.97 3
  72.48 140.01 2
  72.46 140.06 2
  72.46 140.18 2
  72.46 140.37 2
  72.48 140.54 2
  72.49 140.68 2
  72.48 140.71 2
  72.43 140.69 2
  72.36 140.59 2
  72.31 140.56 2
  72.26 140.47 2
  72.29 140.45 2
  72.35 140.45 2
  72.36 140.45 2
  72.27 140.35 2
  72.23 140.28 2
  72.24 140.14 2
  72.28 139.96 2
  72.22 139.81 2
  72.23 139.60 2
  72.23 139.53 2
  72.20 139.49 2
  72.18 139.39 2
  72.21 139.27 2
  72.25 139.16 2
  72.29 139.23 2
  72.31 139.37 2
  72.35 139.33 2
  72.39 139.38 2
  72.40 139.51 2
  72.44 139.51 2
  72.49 139.47 2
  72.51 139.61 2
  72.50 139.77 2
  72.50 139.90 2
  72.49 139.96 2
  72.47 139.97 2
  60.72 160.75 3
  60.71 160.57 2
  60.60 160.34 2
  60.57 160.20 2
  60.66 160.18 2
  60.80 160.24 2
  60.92 160.34 2
  61.01 160.44 2
  60.99 160.22 2
  60.93 159.95 2
  60.96 159.87 2
  61.02 159.90 2
  61.05 159.94 2
  61.07 159.99 2
  61.14 160.02 2
  61.20 159.91 2
  61.32 159.91 2
  61.40 160.02 2
  61.49 160.10 2
  61.69 159.86 3
  61.69 159.70 2
  61.68 159.58 2
  61.78 159.51 2
  61.85 159.40 2
  61.92 159.15 2
  61.93 159.03 2
  61.87 158.96 2
  61.84 158.85 2
  61.83 158.70 2
  61.80 158.49 2
  61.79 158.32 2
  61.76 158.11 2
  61.78 157.86 2
  61.78 157.61 2
  61.72 157.45 2
  61.68 157.25 2
  61.57 157.04 2
  61.52 156.92 2
  61.45 156.73 2
  61.32 156.68 2
  61.22 156.63 2
  61.15 156.46 2
  61.03 156.25 2
  60.92 156.05 2
  60.84 155.97 2
  60.76 155.96 2
  60.68 155.80 2
  60.59 155.62 2
  60.53 155.48 2
  60.45 155.32 2
  60.40 155.09 2
  60.32 154.92 2
  60.29 154.85 2
  60.20 154.80 2
  60.09 154.67 2
  59.94 154.55 2
  59.82 154.42 2
  59.82 154.38 2
  59.86 154.27 2
  59.82 154.19 2
  59.71 154.28 2
  59.60 154.36 2
  59.54 154.24 2
  59.47 154.22 2
  59.48 154.41 2
  59.50 154.60 2
  59.46 154.78 2
  59.42 154.99 2
  59.32 155.11 2
  59.23 155.16 2
  59.15 155.14 2
  59.15 154.95 2
  59.11 154.89 2
  59.15 154.78 2
  59.15 154.63 2
  59.16 154.50 2
  59.08 154.45 2
  59.04 154.22 2
  59.05 154.06 2
  59.14 153.92 2
  59.19 153.64 2
  59.13 153.42 2
  59.07 153.39 2
  59.04 153.14 2
  58.95 153.03 2
  58.89 152.89 2
  58.94 152.67 2
  59.01 152.54 2
  58.97 152.36 2
  58.87 152.24 2
  58.83 151.99 2
  58.82 151.74 2
  58.84 151.45 2
  58.90 151.35 2
  59.02 151.19 2
  59.08 151.17 2
  59.13 151.38 2
  59.13 151.59 2
  59.12 151.79 2
  59.14 152.07 2
  59.18 152.28 2
  59.25 152.22 2
  59.26 152.09 2
  59.29 151.86 2
  59.39 151.79 2
  59.48 151.61 2
  59.54 151.44 2
  59.57 151.19 2
  59.55 151.02 2
  59.43 150.94 2
  59.46 150.76 2
  59.50 150.75 2
  59.52 150.66 2
  59.59 150.50 2
  59.58 150.32 2
  59.62 150.17 2
  59.66 149.91 2
  59.70 149.73 2
  59.72 149.48 2
  59.71 149.27 2
  59.64 149.06 2
  59.58 149.04 2
  59.51 149.14 2
  59.46 149.15 2
  59.45 148.91 2
  59.41 148.75 2
  59.33 148.84 2
  59.33 148.91 2
  59.24 148.90 2
  59.22 148.75 2
  59.21 148.66 2
  59.22 148.56 2
  59.29 148.50 2
  59.37 148.37 2
  59.37 148.01 2
  59.33 147.84 2
  59.25 147.84 2
  59.23 147.72 2
  59.23 147.53 2
  59.26 147.39 2
  59.31 147.18 2
  59.35 146.89 2
  59.41 146.70 2
  59.44 146.50 2
  59.41 146.40 2
  59.22 146.38 2
  59.18 146.32 2
  59.14 146.12 2
  59.16 146.00 2
  59.24 145.91 2
  59.36 145.91 2
  59.37 145.88 2
  59.36 145.78 2
  59.39 145.55 2
  59.39 145.35 2
  59.40 145.19 2
  59.37 144.84 2
  59.37 144.45 2
  59.37 144.18 2
  59.35 143.80 2
  59.33 143.43 2
  59.33 143.17 2
  59.29 142.98 2
  59.25 142.86 2
  59.19 142.63 2
  59.07 142.32 2
  99.00   0.00 3
 9XX   1 402  24 250   0 MA 000 2
  85.06 -53.08  3
  85.67 -51.57  2
  86.64 -48.37  2
  87.69 -51.21  2
  88.48 -55.12  2
  89.07 -68.70  2
  89.49-129.46  2
  89.16-169.18  2
  89.07 161.98  2
  88.68 131.33  2
  87.64 132.99  2
  86.69 135.14  2
  85.89 137.69  2
  84.86 138.94  2
  84.08 139.31  2
  83.05 139.81  2
  82.20 139.95  2
  81.46 140.24  2
  80.69 140.27  2
  79.86 139.32  2
  79.01 138.45  2
  78.56 137.30  2
  78.09 136.76  2
  78.48 137.96  3
  99.00   0.00  3
 9XX   1 402  32 250   0 MA 000 5
  84.61 -71.95  3
  85.39 -73.94  2
  86.05 -68.09  2
  86.94 -65.63  2
  87.60 -72.27  2
  88.37 -89.16  2
  88.92-116.43  2
  89.12-145.34  2
  88.79-167.85  2
  88.42 165.41  2
  87.69 153.43  2
  86.81 148.27  2
  85.99 145.53  2
  85.49 145.70  2
  84.93 146.31  2
  84.55 147.37  2
  84.17 147.05  2
  83.43 147.46  2
  82.57 146.63  2
  81.65 146.41  2
  81.00 146.30  2
  80.61 147.48  2
  80.43 148.68  2
  99.00   0.00  3
 91X 503 402 169 200   0 BA 100 5
  84.66 -74.26  3
  84.65 -73.57  2
  84.66 -73.00  2
  84.67 -72.26  2
  84.67 -71.30  2
  84.66 -70.28  2
  84.64 -68.91  2
  84.66 -67.97  2
  84.72 -65.48  2
  84.78 -64.32  2
  84.83 -62.73  2
  84.83 -63.45  3
  84.78 -63.35  2
  84.85 -62.71  3
  84.84 -63.03  2
  84.81 -62.91  2
  84.81 -62.70  2
  84.83 -62.65  2
  84.85 -62.81  2
  84.84 -63.07  2
  84.87 -62.23  3
  84.85 -62.37  2
  84.83 -62.31  2
  84.82 -62.10  2
  84.86 -61.98  2
  84.87 -62.19  2
  84.88 -61.63  3
  84.87 -61.95  2
  84.84 -61.88  2
  84.84 -61.58  2
  84.87 -61.57  2
  84.88 -61.78  2
  84.86 -61.34  3
  84.89 -60.53  2
  84.91 -59.56  2
  84.94 -58.80  2
  84.96 -57.86  2
  85.03 -56.64  2
  85.07 -56.23  2
  85.12 -55.67  2
  85.24 -55.07  2
  85.34 -54.68  2
  85.48 -54.45  2
  85.58 -54.18  2
  85.65 -53.97  2
  85.72 -53.40  2
  85.79 -53.25  2
  85.89 -53.31  2
  85.96 -53.37  2
  86.03 -53.03  2
  86.12 -52.03  2
  86.19 -52.43  2
  86.27 -52.71  2
  86.36 -52.75  2
  86.46 -52.66  2
  86.57 -52.89  2
  86.66 -53.19  2
  86.71 -53.54  2
  86.77 -53.63  2
  86.85 -53.84  2
  86.90 -54.25  2
  86.91 -54.91  2
  86.86 -55.89  2
  86.81 -56.60  2
  86.77 -57.79  2
  86.71 -58.94  2
  86.64 -59.57  2
  86.55 -59.75  2
  86.40 -59.25  2
  86.27 -59.23  2
  86.17 -59.47  2
  86.05 -60.16  2
  85.93 -61.00  2
  85.82 -62.15  2
  85.75 -63.21  2
  85.72 -64.11  2
  85.72 -65.13  2
  85.79 -66.01  2
  85.82 -66.71  2
  85.81 -67.41  2
  85.73 -68.12  2
  85.59 -68.61  2
  85.48 -69.05  2
  85.42 -69.35  2
  85.36 -70.25  2
  85.32 -70.68  2
  85.28 -71.43  2
  85.23 -71.98  2
  85.17 -72.60  2
  85.13 -72.85  2
  85.07 -72.87  2
  84.98 -72.80  2
  84.89 -72.78  2
  84.84 -73.12  2
  84.80 -73.22  2
  84.75 -73.43  2
  84.72 -73.87  2
  84.68 -74.08  2
  84.66 -73.96  2
  88.87 147.92  3
  88.88 147.20  2
  88.87 145.51  2
  88.84 144.17  2
  88.79 143.05  2
  88.74 142.14  2
  88.72 142.30  2
  88.75 143.86  2
  88.79 145.19  2
  88.82 146.10  2
  88.85 147.17  2
  88.87 147.62  2
  87.23 142.60  3
  87.26 142.06  2
  87.29 141.56  2
  87.33 141.27  2
  87.39 141.41  2
  87.43 142.27  2
  87.45 143.65  2
  87.46 144.37  2
  87.45 145.76  2
  87.40 146.99  2
  87.31 147.56  2
  87.25 147.20  2
  87.21 146.50  2
  87.18 145.31  2
  87.18 143.94  2
  87.19 143.30  2
  86.48 151.75  3
  86.56 151.08  2
  86.62 149.94  2
  86.70 148.77  2
  86.73 147.38  2
  86.74 145.95  2
  86.70 144.65  2
  86.64 143.27  2
  86.57 142.06  2
  86.45 141.47  2
  86.33 141.58  2
  86.24 142.10  2
  86.15 143.02  2
  86.11 144.19  2
  86.07 145.71  2
  86.09 146.98  2
  86.13 148.45  2
  86.18 150.00  2
  86.28 151.01  2
  86.38 151.45  2
  86.47 151.47  2
  86.50 151.46  2
  81.50 141.52  3
  81.56 141.49  2
  81.60 141.36  2
  81.56 141.11  2
  81.46 141.12  2
  81.37 141.19  2
  81.30 141.34  2
  81.29 141.51  2
  81.33 141.59  2
  81.44 143.08  3
  81.51 142.92  2
  81.59 142.78  2
  81.58 142.50  2
  81.50 142.46  2
  81.40 142.48  2
  81.33 142.55  2
  81.26 142.63  2
  81.23 142.82  2
  81.29 143.02  2
  81.43 142.05  3
  99.00   0.00  3
 91X 503 402 200 200   0 BA 200 6
  84.54 -59.96  3
  84.62 -58.84  2
  84.64 -58.12  2
  84.70 -57.12  2
  84.72 -56.41  2
  84.73 -56.35  2
  84.78 -55.35  2
  84.82 -54.89  2
  84.90 -54.11  2
  84.97 -53.75  2
  85.06 -53.39  2
  85.17 -52.57  2
  85.25 -51.85  2
  85.34 -51.36  2
  85.41 -51.12  2
  85.47 -50.96  2
  85.56 -51.03  2
  85.68 -51.23  2
  85.79 -51.85  2
  85.87 -52.18  2
  85.96 -52.11  2
  85.99 -51.33  2
  86.07 -50.48  2
  86.17 -50.47  2
  86.32 -50.72  2
  86.44 -50.76  2
  86.57 -50.60  2
  86.68 -50.88  2
  86.75 -51.43  2
  86.81 -50.88  2
  86.90 -50.36  2
  86.97 -50.61  2
  87.03 -51.24  2
  87.10 -51.97  2
  87.19 -51.62  2
  87.28 -51.50  2
  87.34 -51.97  2
  87.38 -52.21  2
  87.46 -51.45  2
  87.54 -51.17  2
  87.64 -51.70  2
  87.76 -53.29  2
  87.86 -54.05  2
  87.95 -54.72  2
  88.03 -54.99  2
  88.13 -54.83  2
  88.22 -54.26  2
  88.28 -54.97  2
  88.34 -55.97  2
  88.39 -57.05  2
  88.44 -58.37  2
  88.48 -59.48  2
  88.49 -60.23  2
  88.52 -60.47  2
  88.56 -62.05  2
  88.63 -64.44  2
  88.67 -67.44  2
  88.75 -71.01  2
  88.83 -73.80  2
  88.90 -72.85  2
  88.99 -73.39  2
  89.05 -78.42  2
  89.11 -82.94  2
  89.19 -89.84  2
  89.21 -94.48  2
  89.16 -94.82  2
  89.15 -98.86  2
  89.23-103.94  2
  89.25-105.67  2
  89.30-105.24  2
  89.30-108.99  2
  89.25-112.61  2
  89.25-116.72  2
  89.25-118.92  2
  89.30-126.75  2
  89.32-131.63  2
  89.29-137.38  2
  89.23-138.15  2
  89.21-138.50  2
  89.17-142.39  2
  89.17-150.19  2
  89.14-161.29  2
  89.10-168.65  2
  89.06-174.71  2
  89.04-177.62  2
  89.00-177.26  2
  88.96-176.42  2
  88.92-176.81  2
  88.88 177.36  2
  88.82 171.84  2
  88.74 166.99  2
  88.67 163.33  2
  88.64 160.67  2
  88.57 156.38  2
  88.49 152.56  2
  88.42 149.52  2
  88.35 148.13  2
  88.36 150.39  2
  88.43 154.11  2
  88.52 160.44  2
  88.62 166.43  2
  88.63 170.04  2
  88.64 173.95  2
  88.66 177.90  2
  88.70-179.12  2
  88.77-174.45  2
  88.84-169.80  2
  88.88-165.88  2
  88.91-158.52  2
  88.95-151.68  2
  88.99-144.20  2
  88.99-138.87  2
  88.99-131.83  2
  88.96-124.33  2
  88.91-119.63  2
  88.85-114.90  2
  88.79-109.91  2
  88.74-103.58  2
  88.70 -98.57  2
  88.66 -94.65  2
  88.58 -89.92  2
  88.51 -85.17  2
  88.45 -82.34  2
  88.34 -78.55  2
  88.23 -75.47  2
  88.12 -72.79  2
  88.03 -71.30  2
  87.92 -72.19  2
  87.82 -73.57  2
  87.71 -73.70  2
  87.57 -72.36  2
  87.44 -70.74  2
  87.30 -69.28  2
  87.13 -68.01  2
  86.97 -66.78  2
  86.96 -67.10  2
  86.84 -66.28  2
  86.70 -65.74  2
  86.60 -65.52  2
  86.49 -65.54  2
  86.41 -66.26  2
  86.39 -66.85  2
  86.27 -67.43  2
  86.20 -68.35  2
  86.12 -69.93  2
  86.03 -72.09  2
  85.96 -73.43  2
  85.93 -75.33  2
  85.81 -76.44  2
  85.76 -77.54  2
  85.65 -78.81  2
  85.61 -80.45  2
  85.57 -81.55  2
  85.42 -82.00  2
  85.38 -81.98  2
  85.19 -81.08  2
  85.10 -80.38  2
  85.01 -79.76  2
  84.92 -79.81  2
  84.87 -80.02  2
  86.65 -70.25  3
  86.71 -70.52  2
  86.82 -71.45  2
  86.91 -72.31  2
  87.01 -73.30  2
  87.17 -74.62  2
  87.36 -76.27  2
  87.50 -77.57  2
  87.66 -79.17  2
  87.85 -82.20  2
  87.98 -85.34  2
  88.12 -89.27  2
  88.27 -94.55  2
  88.32-100.27  2
  88.33-103.31  2
  88.23-100.75  2
  88.12 -97.91  2
  87.96 -95.26  2
  87.82 -94.26  2
  87.63 -93.45  2
  87.51 -91.33  2
  87.43 -89.01  2
  87.35 -86.84  2
  87.34 -84.45  2
  87.31 -81.67  2
  87.23 -78.96  2
  87.13 -76.57  2
  87.01 -74.40  2
  86.85 -72.30  2
  86.75 -71.22  2
  86.66 -70.27  2
  86.64 -70.00  2
  88.99 157.03  3
  89.01 154.99  2
  89.00 150.79  2
  88.96 146.98  2
  88.90 143.71  2
  88.84 141.46  2
  88.77 140.08  2
  88.71 138.73  2
  99.00   0.00  3
 91X 503 402 200 200   0 BA 200 6
  88.65 138.17  3
  88.59 138.37  2
  88.58 140.68  2
  88.63 143.69  2
  88.68 147.16  2
  88.75 149.40  2
  88.81 151.79  2
  88.88 154.66  2
  88.96 157.32  2
  88.98 157.31  2
  89.00 156.17  2
  80.46 147.60  3
  80.48 147.44  2
  80.54 147.17  2
  80.63 146.87  2
  80.70 146.78  2
  80.80 146.60  2
  80.92 146.42  2
  81.00 146.25  2
  81.06 145.88  2
  81.18 145.74  2
  81.32 145.63  2
  81.46 145.66  2
  81.58 145.60  2
  81.67 145.16  2
  81.73 144.96  2
  81.82 144.71  2
  81.88 144.48  2
  81.95 144.31  2
  82.12 144.23  2
  82.20 144.22  2
  82.30 143.48  2
  82.43 143.28  2
  82.48 143.04  2
  82.60 143.10  2
  82.75 143.29  2
  82.85 143.41  2
  82.94 143.38  2
  83.02 143.20  2
  83.07 142.86  2
  83.09 143.57  2
  83.14 144.56  2
  83.21 145.29  2
  83.36 145.76  2
  83.48 145.95  2
  83.52 146.38  2
  83.59 146.62  2
  83.69 146.76  2
  83.75 146.88  2
  83.77 147.86  2
  83.82 148.82  2
  83.96 149.72  2
  84.11 150.37  2
  84.24 150.84  2
  84.34 151.17  2
  84.55 152.11  2
  84.77 153.16  2
  84.93 153.99  2
  85.13 154.75  2
  85.35 155.07  2
  85.56 155.31  2
  85.73 155.36  2
  85.82 155.46  2
  85.95 155.92  2
  86.02 156.25  2
  86.11 156.66  2
  86.20 156.69  2
  86.37 156.71  2
  86.53 156.63  2
  86.69 155.87  2
  86.74 154.84  2
  86.80 154.02  2
  86.88 154.36  2
  86.99 154.92  2
  87.10 154.24  2
  87.12 153.68  2
  87.16 152.37  2
  87.27 151.38  2
  87.42 150.65  2
  87.58 149.81  2
  87.66 149.33  2
  87.73 148.39  2
  87.78 147.34  2
  87.82 145.71  2
  87.83 143.70  2
  87.81 140.50  2
  87.74 138.09  2
  87.69 136.96  2
  87.58 136.14  2
  87.49 136.08  2
  87.39 136.95  2
  87.19 139.19  3
  87.16 139.51  2
  87.17 138.80  2
  87.17 138.42  2
  87.15 138.40  2
  87.14 138.81  2
  87.21 139.16  3
  87.22 138.62  2
  87.22 138.11  2
  87.20 138.03  2
  87.20 138.27  2
  87.20 138.77  2
  87.20 138.97  2
  87.22 138.98  2
  87.26 138.61  3
  87.27 138.12  2
  87.27 137.54  2
  87.26 137.40  2
  87.24 137.77  2
  87.24 138.14  2
  87.25 138.46  2
  87.27 138.56  2
  87.31 138.17  3
  87.31 137.66  2
  87.31 137.07  2
  87.28 137.05  2
  87.29 137.69  2
  87.29 137.95  2
  87.31 138.04  2
  87.14 139.05  3
  87.04 139.54  2
  87.01 139.90  2
  86.93 140.05  2
  86.85 139.85  2
  86.74 139.03  2
  86.63 138.32  2
  86.55 138.12  2
  86.46 138.14  2
  86.35 138.46  2
  86.24 139.13  2
  86.09 140.37  2
  85.98 141.30  2
  85.91 141.79  2
  85.85 142.70  2
  85.80 143.97  2
  85.75 145.15  2
  85.68 145.17  2
  85.62 144.34  2
  85.58 143.59  2
  85.53 143.59  2
  85.46 144.38  2
  85.43 144.96  2
  85.36 145.12  2
  85.29 144.67  2
  85.22 144.51  2
  85.12 145.16  2
  85.06 145.74  2
  85.01 146.70  2
  84.89 146.84  2
  84.80 146.61  2
  84.64 146.04  2
  84.64 145.12  2
  84.59 144.18  2
  84.51 143.30  2
  84.39 142.64  2
  84.27 142.42  2
  84.17 142.37  2
  84.06 142.67  2
  83.97 142.96  2
  83.92 142.71  2
  83.91 141.92  2
  83.88 140.74  2
  83.80 139.74  2
  83.68 138.65  2
  83.57 138.39  2
  83.49 138.42  2
  83.38 138.80  2
  83.23 139.35  2
  83.17 139.59  2
  83.06 138.80  2
  82.96 138.45  2
  82.83 137.94  2
  82.67 137.94  2
  82.57 138.24  2
  82.46 138.49  2
  82.38 138.77  2
  82.32 139.14  2
  82.27 139.88  2
  82.22 140.46  2
  82.13 140.16  2
  82.05 139.79  2
  81.88 139.34  2
  81.81 139.45  2
  81.69 139.27  2
  81.57 139.26  2
  81.51 139.23  2
  81.43 138.99  2
  81.29 139.13  2
  81.17 139.51  2
  81.04 139.82  2
  80.93 139.78  2
  80.77 139.65  2
  80.64 139.26  2
  80.54 139.22  2
  80.39 139.35  2
  80.25 139.71  2
  80.18 140.08  2
  80.12 140.47  2
  80.04 140.75  2
  99.00   0.00  3
 1X1 400 402 200   9   0 AN 005 1
  83.00  -9.91  3
  83.09  -9.86  2
  83.17  -9.79  2
  83.24  -9.70  2
  83.32  -9.55  2
  83.39  -9.55  2
  83.47  -9.44  2
  83.57  -9.28  2
  83.63  -9.18  2
  83.69  -8.86  2
  83.75  -8.75  2
  83.83  -8.35  2
  83.90  -8.08  2
  83.97  -7.61  2
  84.04  -7.06  2
  84.09  -6.54  2
  84.19  -5.79  2
  84.25  -5.36  2
  84.32  -4.76  2
  84.38  -4.42  2
  84.45  -3.92  2
  84.54  -3.18  2
  84.60  -2.64  2
  84.65  -2.19  2
  84.70  -1.98  2
  84.76  -1.47  2
  84.82  -1.06  2
  84.87  -0.59  2
  84.96   0.08  2
  85.02   0.71  2
  85.09   1.16  2
  85.15   1.82  2
  85.23   2.71  2
  85.31   3.48  2
  85.49   5.36  3
  85.56   6.36  2
  85.64   8.00  2
  85.71   9.16  2
  85.74   9.89  2
  85.78  10.43  2
  85.88  11.46  2
  86.01  13.12  2
  86.09  15.15  2
  86.68  32.89  3
  86.80  36.63  2
  86.90  39.17  2
  86.94  40.98  2
  86.99  42.39  2
  87.03  43.40  2
  87.06  44.89  2
  87.11  46.57  2
  87.15  47.84  2
  87.17  49.51  2
  87.15  48.15  3
  87.09  47.79  2
  87.09  46.26  3
  87.04  46.17  2
  87.06  44.82  3
  86.99  44.53  2
  87.04  43.62  3
  86.98  43.21  2
  86.98  42.11  3
  86.95  41.85  2
  86.95  40.25  3
  86.92  40.29  2
  86.93  38.82  3
  86.87  39.01  2
  86.87  37.66  3
  86.81  37.67  2
  86.82  37.08  3
  86.77  37.20  2
  86.69  32.83  3
  86.64  33.49  2
  86.44  28.18  3
  86.41  28.20  2
  86.42  26.33  3
  86.40  26.33  2
  86.38  23.73  3
  86.34  23.92  2
  86.30  21.28  3
  86.27  21.48  2
  86.28  19.16  3
  86.23  19.34  2
  86.20  16.41  3
  86.15  16.80  2
  86.12  14.66  3
  86.06  15.18  2
  86.01  12.55  3
  85.95  13.01  2
  85.91  11.23  3
  85.88  11.77  2
  85.86  10.56  3
  85.82  11.23  2
  85.80   9.72  3
  85.77  10.26  2
  85.73   8.84  3
  85.70   8.92  2
  85.69   7.65  3
  85.65   8.01  2
  85.63   6.89  3
  85.59   7.25  2
  85.57   6.38  3
  85.54   6.68  2
  85.51   5.38  3
  85.47   5.88  2
  85.36   3.59  3
  85.33   4.04  2
  85.31   2.88  3
  85.27   3.26  2
  85.25   2.58  3
  85.23   2.97  2
  85.22   2.11  3
  85.16   2.80  2
  85.13   1.11  3
  85.10   1.49  2
  85.08   0.78  3
  85.05   0.91  2
  85.01   0.08  3
  84.97   0.40  2
  84.95  -0.16  3
  84.93   0.08  2
  84.91  -0.78  3
  84.90  -0.41  2
  84.87  -1.14  3
  84.84  -0.76  2
  84.82  -1.49  3
  84.76  -0.93  2
  84.76  -1.88  3
  84.75  -1.64  2
  84.71  -2.28  3
  84.69  -1.92  2
  84.67  -2.61  3
  84.65  -2.25  2
  84.60  -3.10  3
  84.58  -2.62  2
  84.54  -3.30  3
  84.54  -3.01  2
  84.49  -3.72  3
  84.48  -3.37  2
  84.46  -4.15  3
  84.39  -3.54  2
  84.37  -4.47  3
  84.35  -4.18  2
  84.33  -4.88  3
  84.30  -4.53  2
  84.25  -5.36  3
  84.22  -4.95  2
  83.96  -8.22  3
  83.92  -8.01  2
  83.91  -8.52  3
  83.87  -8.36  2
  83.84  -8.94  3
  83.81  -8.43  2
  83.79  -9.06  3
  83.75  -8.70  2
  83.73  -9.38  3
  83.71  -9.09  2
  83.68  -9.60  3
  83.63  -9.03  2
  83.63  -9.52  3
  83.61  -9.09  2
  83.58  -9.64  3
  83.56  -9.32  2
  83.51  -9.94  3
  83.49  -9.45  2
  83.43  -9.95  3
  83.39  -9.50  2
  83.35 -10.11  3
  83.33  -9.69  2
  83.27 -10.36  3
  83.24  -9.89  2
  83.20 -10.35  2
  83.20  -9.93  3
  83.14 -10.26  2
  83.11  -9.83  3
  83.04 -10.38  2
  83.01  -9.88  3
  79.26 125.09  3
  79.46 124.73  2
  79.70 124.37  2
  79.91 124.00  2
  80.20 123.41  2
  80.45 123.05  2
  80.79 122.51  2
  81.06 122.00  2
  81.17 121.76  2
  82.57 119.74  3
  82.95 118.81  2
  83.29 117.65  2
  83.55 116.42  2
  83.83 114.88  2
  83.91 114.32  2
  84.77 105.02  3
  84.89 102.95  2
  85.10  99.72  2
  85.29  96.34  2
  85.40  93.82  2
  85.57  90.13  2
  85.70  87.13  2
  85.81  84.42  2
  99.00   0.00  3
 1X1 400 402   2   9   0 AN 005 1
  85.88  82.55  3
  86.00  81.36  3
  99.00   0.00  3
 1X1 401 402 153  15   0 AN 5MX 3
  83.84 -10.69  3
  83.92 -10.16  2
  84.04  -9.35  2
  84.12  -8.74  2
  84.31  -6.92  3
  84.43  -6.22  2
  84.53  -5.59  2
  84.64  -4.89  2
  84.71  -4.36  2
  84.79  -3.70  2
  84.86  -2.97  2
  84.92  -2.45  2
  85.05  -1.32  2
  85.19  -0.51  2
  85.31   0.61  2
  85.36   1.15  2
  85.65   3.59  3
  85.70   4.28  2
  85.77   5.63  2
  85.82   6.36  2
  85.85   7.10  2
  85.90   8.18  2
  85.95   9.07  2
  86.01   9.68  2
  86.10  11.12  2
  86.26  14.00  2
  86.30  14.92  2
  86.38  17.72  2
  86.45  20.02  2
  86.50  22.46  2
  86.57  24.54  2
  86.61  27.17  2
  86.79  31.74  2
  86.93  35.40  2
  87.15  41.22  3
  87.18  42.36  2
  87.21  44.39  2
  87.24  46.08  2
  87.28  47.72  2
  87.34  49.69  2
  87.43  52.28  3
  87.37  51.54  2
  87.35  52.31  2
  87.31  51.39  2
  87.33  51.19  2
  87.42  53.40  3
  87.35  53.00  2
  87.35  54.51  2
  87.39  54.15  2
  87.38  53.62  2
  87.39  54.41  2
  87.43  54.48  2
  87.43  53.43  2
  87.36  48.80  3
  87.32  49.08  2
  87.35  47.28  3
  87.27  47.87  2
  87.30  45.93  3
  87.23  46.23  2
  87.26  44.14  3
  87.19  44.17  2
  87.23  42.47  3
  87.16  42.69  2
  87.19  40.69  3
  87.13  40.86  2
  86.99  35.35  3
  86.94  35.36  2
  86.84  31.64  3
  86.80  32.03  2
  86.72  28.67  3
  86.69  28.83  2
  86.66  27.09  3
  86.60  27.21  2
  86.61  24.31  3
  86.57  24.59  2
  86.57  22.29  3
  86.52  22.44  2
  86.50  20.04  3
  86.46  19.97  2
  86.42  17.46  3
  86.39  17.66  2
  86.34  14.64  3
  86.29  15.07  2
  86.25  12.94  3
  86.22  13.08  2
  86.14  11.05  3
  86.11  11.80  2
  86.04   9.67  3
  86.00  10.04  2
  85.97   8.71  3
  85.92   9.39  2
  85.92   7.98  3
  85.85   8.46  2
  85.86   6.95  3
  85.83   7.21  2
  85.82   5.83  3
  85.79   6.32  2
  85.77   5.03  3
  85.74   5.44  2
  85.72   4.24  3
  85.70   4.36  2
  85.67   3.32  3
  85.65   4.02  2
  85.32   0.20  3
  85.29   0.60  2
  85.27   0.00  3
  85.24   0.47  2
  85.22  -0.52  3
  85.20  -0.19  2
  85.17  -1.29  3
  85.14  -0.76  2
  85.10  -1.72  3
  85.06  -1.06  2
  85.05  -1.82  3
  85.01  -2.24  3
  84.99  -1.79  2
  84.97  -2.66  3
  84.93  -2.08  2
  84.90  -2.99  3
  84.88  -2.55  2
  84.86  -3.27  3
  84.84  -2.95  2
  84.80  -3.84  3
  84.79  -3.46  2
  84.75  -4.28  3
  84.71  -3.76  2
  84.68  -4.75  3
  84.67  -4.21  2
  84.64  -5.18  3
  84.61  -4.69  2
  84.59  -5.36  3
  84.57  -4.99  2
  84.54  -5.66  3
  84.52  -5.29  2
  84.47  -6.33  3
  84.45  -5.91  2
  84.42  -6.55  3
  84.40  -6.19  2
  84.36  -7.03  3
  84.34  -6.39  2
  84.30  -7.07  3
  84.29  -6.61  2
  84.09  -9.17  3
  84.08  -8.78  2
  84.04  -9.47  3
  84.03  -9.17  2
  83.97  -9.99  3
  83.96  -9.64  2
  83.91 -10.61  3
  83.91 -10.09  2
  83.86 -10.89  3
  83.85 -10.50  2
  83.85 -10.56  3
  99.00   0.00  3
 1X1 402 402 169  20   0 AN 006 7
  87.47  49.67  3
  87.46  47.20  2
  87.44  45.10  2
  87.41  43.64  2
  87.36  41.31  2
  87.32  39.96  2
  87.28  38.23  2
  87.24  37.12  2
  87.19  35.76  2
  87.13  34.23  2
  87.01  30.26  2
  86.90  27.83  2
  86.83  25.73  2
  86.78  23.18  2
  86.71  20.55  2
  86.66  18.02  2
  86.60  15.61  2
  86.51  12.67  2
  86.38  11.34  2
  86.30   8.95  2
  86.13   6.13  3
  86.07   4.83  2
  86.02   4.22  2
  85.96   3.38  2
  85.89   2.71  2
  85.83   2.00  2
  85.77   1.16  2
  85.59  -0.01  3
  85.46  -1.46  2
  85.39  -2.45  2
  85.26  -3.44  2
  85.12  -4.36  2
  84.93  -5.43  2
  84.79  -6.44  2
  84.65  -7.43  2
  84.48  -9.26  2
  84.36 -10.35  2
  84.23 -11.17  2
  84.07 -11.93  2
  83.88 -12.55  2
  83.72 -13.23  2
  83.60 -13.69  2
  83.63 -13.77  3
  83.62 -13.62  2
  83.68 -13.62  3
  83.66 -13.21  2
  83.76 -13.27  3
  83.73 -13.01  2
  83.80 -13.21  3
  83.80 -12.78  2
  83.88 -12.92  3
  83.86 -12.45  2
  83.93 -12.71  3
  83.92 -12.26  2
  84.01 -12.45  3
  83.98 -12.02  2
  84.08 -12.18  3
  84.06 -11.82  2
  84.14 -11.92  3
  84.13 -11.62  2
  84.22 -11.54  3
  84.20 -11.27  2
  84.27 -11.24  3
  84.25 -10.77  2
  84.33 -10.93  3
  84.31 -10.33  2
  84.39 -10.36  3
  84.37  -9.92  2
  84.43  -9.81  3
  84.42  -9.44  2
  84.49  -9.40  3
  84.47  -9.01  2
  84.52  -8.76  3
  84.51  -8.51  2
  84.59  -8.40  3
  84.57  -8.08  2
  84.63  -7.88  3
  84.62  -7.39  2
  84.68  -7.30  3
  84.66  -7.04  2
  84.73  -7.07  3
  84.72  -6.63  2
  84.79  -6.55  3
  84.77  -6.10  2
  84.86  -6.22  3
  84.83  -5.81  2
  84.90  -6.08  3
  84.89  -5.76  2
  84.96  -5.59  3
  84.94  -5.19  2
  85.04  -5.18  3
  85.01  -4.71  2
  85.10  -4.73  3
  85.07  -4.32  2
  85.15  -4.39  3
  85.12  -3.92  2
  85.19  -4.04  3
  85.19  -3.58  2
  85.27  -3.58  3
  85.25  -2.97  2
  85.46  -1.94  3
  85.44  -1.52  2
  85.50  -1.33  3
  85.48  -0.84  2
  85.54  -1.07  3
  85.52  -0.85  2
  85.61  -0.52  3
  85.57  -0.08  2
  85.81   0.50  3
  85.78   0.79  2
  85.87   1.64  3
  85.85   1.86  2
  85.91   2.03  3
  85.88   2.56  2
  85.96   2.99  3
  85.93   3.59  2
  86.01   4.05  3
  86.00   4.35  2
  86.10   4.94  3
  86.07   5.39  2
  86.16   5.76  3
  86.13   6.28  2
  86.21   6.42  3
  86.19   7.20  2
  86.32   8.22  3
  86.25   9.02  2
  86.38  10.92  3
  86.35  11.34  2
  86.52  11.99  3
  86.48  12.84  2
  86.60  15.23  3
  86.58  15.57  2
  86.67  17.21  3
  86.62  17.74  2
  86.74  19.89  3
  86.68  20.83  2
  86.78  24.39  3
  86.84  23.86  2
  86.80  22.62  2
  86.76  23.19  2
  86.81  23.71  2
  86.82  22.99  2
  86.87  25.85  3
  86.83  25.86  2
  86.91  27.29  3
  86.88  27.65  2
  87.02  29.81  3
  86.97  30.31  2
  87.14  33.38  3
  87.10  33.78  2
  87.20  35.14  3
  87.17  35.50  2
  87.26  36.64  3
  87.21  36.96  2
  87.31  37.91  3
  87.26  38.45  2
  87.34  39.43  3
  87.31  39.82  2
  87.38  40.78  3
  87.34  41.43  2
  87.43  42.42  3
  87.39  43.06  2
  87.47  44.39  3
  87.42  44.93  2
  87.49  46.33  3
  87.44  46.74  2
  87.51  48.48  3
  87.47  48.78  2
  87.47  50.01  3
  99.00   0.00  3
 1X1 403 402 166  32   0 AN 012 3
  84.68 -13.35  3
  84.74 -13.04  2
  84.79 -12.80  2
  84.87 -12.30  2
  84.92 -12.36  2
  84.97 -11.99  2
  85.03 -11.76  2
  85.10 -11.47  2
  85.18 -10.87  2
  85.28 -10.17  2
  85.28  -9.15  3
  85.35  -8.68  2
  85.41  -8.38  2
  85.48  -7.95  2
  85.53  -7.55  2
  85.59  -7.22  2
  85.62  -7.06  2
  85.67  -6.78  2
  85.75  -6.25  2
  85.80  -5.86  2
  85.85  -5.64  2
  86.01  -4.45  2
  86.12  -3.94  2
  86.18  -3.43  2
  86.27  -2.68  2
  86.34  -2.04  2
  86.39  -1.12  2
  86.46  -0.26  2
  86.50   0.81  2
  86.60   2.76  2
  86.69   5.31  2
  86.76   7.74  2
  86.84  11.46  2
  86.90  14.70  2
  87.01  19.50  3
  87.09  22.53  2
  87.17  25.10  2
  87.25  28.37  2
  87.37  32.24  2
  87.42  33.49  2
  87.47  35.23  2
  87.53  37.17  2
  87.56  38.15  2
  87.61  40.81  2
  87.67  42.22  2
  87.71  43.92  2
  87.75  45.27  2
  87.84  47.73  2
  87.90  53.55  3
  87.90  49.93  2
  87.83  54.01  3
  87.79  53.94  2
  87.84  51.25  2
  87.78  51.17  2
  83.21 120.58  3
  83.38 120.27  2
  83.67 119.07  2
  84.00 117.82  2
  84.35 115.74  2
  84.64 113.01  2
  84.96 109.83  2
  85.15 107.56  2
  85.35 104.32  2
  85.57 100.39  2
  85.68  97.86  2
  85.90  93.57  2
  86.12  89.38  2
  86.38  85.23  2
  86.64  81.36  2
  86.91  78.40  2
  87.25  76.10  2
  87.51  71.24  2
  87.74  64.83  2
  87.88  57.07  2
  87.84  47.43  3
  87.79  47.58  2
  87.80  45.57  3
  87.72  45.47  2
  87.74  44.19  3
  87.69  44.21  2
  87.68  42.11  3
  87.61  42.39  2
  87.65  40.35  3
  87.56  40.16  2
  87.57  37.86  3
  87.53  38.26  2
  87.53  36.50  3
  87.47  36.64  2
  87.48  34.89  3
  87.43  35.21  2
  87.44  33.04  3
  87.37  33.70  2
  87.39  31.73  3
  87.33  32.00  2
  87.29  27.82  3
  87.24  28.31  2
  87.19  24.54  3
  87.13  25.08  2
  87.12  22.60  3
  87.07  23.38  2
  87.06  19.85  3
  87.01  20.10  2
  86.93  13.27  3
  86.88  13.97  2
  86.88  11.19  3
  86.85  11.89  2
  86.78   7.12  3
  86.73   7.69  2
  86.71   4.95  3
  86.67   5.36  2
  86.60   2.21  3
  86.57   2.56  2
  86.53   0.54  3
  86.48   0.98  2
  86.48  -0.89  3
  86.44   0.01  2
  86.40  -1.73  3
  86.37  -0.94  2
  86.32  -2.55  3
  86.27  -2.76  3
  86.25  -2.24  2
  86.20  -3.78  3
  86.16  -2.92  2
  86.13  -4.19  3
  86.10  -3.52  2
  86.06  -4.60  3
  86.01  -3.66  2
  85.88  -5.83  3
  85.83  -5.16  2
  85.81  -6.04  3
  85.78  -5.46  2
  85.75  -6.68  3
  85.70  -6.38  2
  85.67  -7.29  3
  85.62  -6.55  2
  85.58  -7.70  3
  85.55  -7.02  2
  85.51  -7.79  3
  85.47  -7.38  2
  85.33  -8.98  3
  85.32  -8.35  2
  85.30  -9.19  3
  85.29  -8.56  2
  85.24 -10.87  3
  85.23 -10.51  2
  85.19 -11.30  3
  85.16 -10.48  2
  85.14 -11.56  3
  85.09 -10.99  2
  85.06 -11.89  3
  85.04 -11.26  2
  85.00 -12.38  3
  84.98 -11.69  2
  84.93 -12.78  3
  84.90 -11.94  2
  84.87 -12.88  3
  84.86 -12.27  2
  84.82 -13.05  3
  84.79 -12.48  2
  84.75 -13.36  3
  84.71 -12.66  2
  84.70 -13.59  3
  84.69 -13.08  2
  84.65 -13.84  3
  84.64 -13.38  2
  84.64 -13.38  3
  99.00   0.00  3
 1X1 404 402 136  42   0 AN 018 1
  85.74 -11.44  3
  85.80 -10.56  2
  85.87  -9.73  2
  85.91  -9.60  2
  85.95  -9.23  2
  86.02  -8.83  2
  86.19  -8.66  3
  86.29  -8.57  2
  86.37  -7.88  2
  86.44  -7.07  2
  86.52  -6.42  2
  86.59  -5.44  2
  86.66  -4.71  2
  86.71  -4.13  2
  86.80  -2.58  2
  86.92  -0.14  2
  87.02   3.12  3
  87.12   6.38  2
  87.21   9.88  2
  87.28  12.24  2
  87.33  15.47  2
  87.38  18.82  2
  87.45  21.27  2
  87.54  25.01  2
  87.70  28.73  2
  87.79  30.26  2
  87.88  32.15  2
  87.96  34.64  2
  88.01  37.20  2
  88.11  40.46  2
  88.13  41.35  2
  88.19  43.68  2
  88.25  47.30  2
  88.32  53.62  3
  88.32  49.63  2
  88.22  53.26  3
  88.24  52.36  2
  88.19  51.29  2
  88.20  49.46  2
  88.23  49.92  2
  88.20  50.96  2
  88.17  52.34  2
  88.23  52.80  2
  88.19  59.04  3
  88.10  67.12  2
  87.91  73.83  2
  87.70  77.89  2
  87.57  79.47  2
  81.82 124.59  3
  82.12 124.67  2
  82.43 124.37  2
  82.78 123.73  2
  83.22 123.01  2
  83.69 121.73  2
  83.98 120.55  2
  84.33 119.16  2
  84.58 118.23  2
  84.92 115.84  2
  85.17 113.52  2
  85.39 110.73  2
  85.63 107.62  2
  85.85 103.61  2
  85.96 101.12  2
  86.18  96.61  2
  86.38  93.74  2
  86.64  89.15  2
  86.83  86.01  2
  88.21  46.39  3
  88.17  46.37  2
  88.20  43.30  3
  88.09  44.57  2
  88.13  41.71  3
  88.07  41.47  2
  88.08  39.72  3
  88.03  39.85  2
  88.01  37.33  3
  87.96  37.17  2
  87.95  34.94  3
  87.91  35.46  2
  87.91  33.42  3
  87.83  33.84  2
  87.84  31.98  3
  87.79  31.99  2
  87.79  29.82  3
  87.74  30.50  2
  87.71  28.55  3
  87.66  29.23  2
  87.56  24.77  3
  87.49  25.33  2
  87.43  21.10  3
  87.38  21.85  2
  87.36  18.67  3
  87.33  19.19  2
  87.31  15.64  3
  87.28  16.15  2
  87.25  12.12  3
  87.23  12.60  2
  87.20   8.72  3
  87.15   9.66  2
  87.13   5.52  3
  87.09   6.32  2
  87.03   2.60  3
  86.98   3.28  2
  86.94  -0.45  3
  86.90   0.57  2
  86.82  -3.09  3
  86.79  -2.27  2
  86.72  -4.52  3
  86.69  -3.90  2
  86.65  -5.64  3
  86.61  -4.64  2
  86.57  -5.88  3
  86.55  -5.38  2
  86.51  -6.67  3
  86.48  -5.98  2
  86.42  -7.39  3
  86.40  -6.64  2
  86.36  -7.87  3
  86.33  -7.01  2
  86.28  -8.64  3
  86.26  -7.72  2
  86.21  -8.97  3
  86.18  -7.89  2
  86.01  -9.28  3
  85.95  -8.59  2
  85.94  -9.43  3
  85.92  -8.84  2
  85.89  -9.87  3
  85.87  -9.42  2
  85.83 -10.63  3
  85.82  -9.83  2
  85.80 -10.79  3
  85.78 -10.13  2
  85.78 -11.10  3
  85.75 -10.49  2
  85.75 -10.50  3
  99.00   0.00  3
 1X1 405 402 121  45   0 AN 020 3
  85.96 -15.05  3
  86.05 -14.27  2
  86.12 -14.12  2
  86.19 -14.31  2
  86.32 -14.14  2
  86.44 -14.17  2
  86.52 -14.03  2
  86.60 -13.34  2
  86.68 -12.89  2
  86.78 -11.71  2
  86.83 -11.19  2
  86.88 -10.37  2
  87.00  -8.76  2
  87.15  -6.46  2
  87.24  -3.94  2
  87.34  -1.03  2
  87.42   2.59  2
  87.53   6.50  2
  87.62   9.41  2
  87.70  13.18  2
  87.76  16.04  2
  87.88  19.55  2
  88.01  23.59  2
  88.07  25.45  2
  88.14  27.14  2
  88.20  28.55  2
  88.29  30.45  2
  88.35  32.54  2
  88.41  35.05  2
  88.46  37.75  2
  88.53  40.29  2
  88.56  44.04  2
  88.67  49.95  3
  88.63  50.61  2
  88.62  48.98  2
  88.67  45.94  2
  88.61  46.39  2
  88.51  51.84  3
  88.53  49.67  2
  88.48  48.77  2
  88.48  51.13  2
  88.52  50.98  2
  88.51  62.67  3
  88.41  70.96  2
  88.25  79.28  2
  88.04  84.82  2
  87.98  85.61  2
  83.30 124.96  3
  83.53 124.47  2
  83.86 123.78  2
  84.31 122.17  2
  84.69 120.88  2
  84.96 119.17  2
  85.27 116.72  2
  85.54 113.65  2
  85.71 112.02  2
  88.55  43.58  3
  88.50  43.49  2
  88.51  40.80  3
  88.47  41.50  2
  88.47  38.58  3
  88.41  38.68  2
  88.40  35.81  3
  88.35  36.23  2
  88.33  33.49  3
  88.29  33.91  2
  88.26  30.80  3
  88.21  31.08  2
  88.21  29.34  3
  88.17  30.06  2
  88.15  27.59  3
  88.11  27.95  2
  88.08  25.96  3
  88.00  26.62  2
  88.01  23.80  3
  87.98  24.41  2
  87.88  19.41  3
  87.81  20.74  2
  87.77  15.81  3
  87.73  16.22  2
  87.70  13.48  3
  87.68  13.65  2
  87.62   9.54  3
  87.60   9.99  2
  87.55   6.82  3
  87.52   7.24  2
  87.44   2.97  3
  87.41   3.67  2
  87.37   0.03  3
  87.33   0.62  2
  87.27  -2.95  3
  87.24  -2.46  2
  87.16  -6.14  3
  87.13  -5.20  2
  87.01  -8.48  3
  86.98  -7.87  2
  86.92 -10.38  3
  86.89  -9.66  2
  86.84 -11.45  3
  86.81 -10.31  2
  86.77 -11.86  3
  86.74 -11.38  2
  86.69 -12.94  3
  86.67 -12.17  2
  86.61 -13.18  3
  86.59 -12.63  2
  86.55 -13.96  3
  86.52 -13.39  2
  86.45 -13.94  3
  86.43 -13.68  2
  86.38 -13.83  3
  86.35 -13.37  2
  86.18 -13.85  3
  86.15 -13.15  2
  86.13 -14.32  3
  86.11 -13.57  2
  86.06 -14.56  3
  86.02 -13.77  2
  86.01 -14.51  3
  85.99 -13.88  2
  86.00 -13.92  3
  99.00   0.00  3
 1X1 406 402 119  49   0 AN 021 4
  86.41 -18.30  3
  86.52 -17.96  2
  86.55 -17.93  2
  86.65 -17.25  2
  86.69 -17.15  2
  86.76 -16.85  2
  86.84 -16.25  2
  86.93 -15.03  2
  87.00 -14.10  2
  87.11 -12.76  2
  87.26 -10.21  2
  87.39  -7.45  2
  87.52  -4.80  2
  87.61  -2.36  2
  87.71   0.41  2
  87.83   3.74  2
  87.92   6.16  2
  88.01   9.32  2
  88.16  13.52  2
  88.30  16.90  2
  88.37  19.25  2
  88.44  21.96  2
  88.50  23.55  2
  88.57  25.86  2
  88.61  28.14  2
  88.68  31.52  2
  88.73  34.58  2
  88.77  37.50  2
  88.80  43.05  2
  88.91  48.73  3
  88.87  50.00  2
  88.90  43.66  2
  88.85  44.50  2
  88.80  50.26  3
  88.79  43.99  2
  88.84  42.58  3
  88.80  42.68  2
  88.79  37.19  3
  88.75  38.34  2
  88.75  34.93  3
  88.69  35.36  2
  88.69  32.30  3
  88.66  32.72  2
  88.64  28.49  3
  88.59  28.93  2
  88.58  26.84  3
  88.54  27.22  2
  88.51  23.72  3
  88.48  24.25  2
  88.45  21.58  3
  88.41  22.07  2
  88.38  19.26  3
  88.35  20.45  2
  88.33  17.04  3
  88.29  18.18  2
  88.17  12.89  3
  88.15  13.07  2
  88.04   9.42  3
  88.01   9.78  2
  87.94   5.92  3
  87.91   6.74  2
  87.85   3.20  3
  87.81   4.14  2
  87.76   0.83  3
  87.71   1.09  2
  87.64  -3.06  3
  87.60  -2.35  2
  87.52  -5.57  3
  87.50  -4.64  2
  87.41  -8.37  3
  87.38  -7.67  2
  87.27 -10.84  3
  87.25  -9.72  2
  87.12 -13.16  3
  87.10 -12.19  2
  87.02 -14.76  3
  87.01 -14.05  2
  86.94 -15.76  3
  86.93 -14.93  2
  86.85 -16.62  3
  86.85 -15.67  2
  86.78 -16.96  3
  86.77 -16.29  2
  86.72 -17.53  3
  86.70 -16.72  2
  86.67 -17.93  3
  86.68 -17.12  2
  86.62 -18.08  3
  86.62 -17.26  2
  86.57 -18.37  3
  86.54 -17.62  2
  86.51 -18.51  3
  86.47 -17.55  2
  86.44 -18.50  3
  86.43 -17.44  2
  82.81 127.79  3
  83.05 127.69  2
  83.31 127.08  2
  83.60 126.47  2
  83.86 126.17  2
  84.11 125.47  2
  84.40 124.55  2
  84.76 123.11  2
  85.04 121.65  2
  85.30 119.70  2
  85.44 118.93  2
  85.69 116.05  2
  85.94 113.62  2
  86.20 110.43  2
  86.36 107.89  2
  86.59 104.42  2
  86.81 100.85  2
  87.05  97.74  2
  87.32  95.42  2
  87.56  94.39  2
  87.80  93.56  2
  88.07  91.90  2
  88.26  88.46  2
  88.32  87.47  3
  99.00   0.00  3
 1X1 407 402  80  52   0 AN 022 5
  86.08 -22.96  3
  86.25 -22.03  2
  86.32 -21.59  2
  86.39 -21.35  2
  86.47 -21.28  2
  86.58 -20.75  2
  86.66 -20.60  2
  86.73 -20.35  2
  86.80 -20.31  2
  87.80  -4.29  3
  87.94  -0.80  2
  88.04   1.88  2
  88.16   4.72  2
  88.33   7.42  2
  88.46  10.90  2
  88.52  13.33  2
  88.61  16.56  2
  88.65  18.19  2
  88.71  20.71  2
  88.77  24.55  2
  88.82  27.67  2
  88.86  31.04  2
  88.93  34.85  2
  88.97  38.79  2
  89.01  38.53  3
  88.95  39.12  2
  88.95  35.53  3
  88.92  35.17  2
  88.92  30.99  3
  88.86  31.90  2
  88.85  28.66  3
  88.80  28.59  2
  88.80  25.08  3
  88.77  25.81  2
  88.74  21.47  3
  88.71  22.16  2
  88.68  19.23  3
  88.65  19.66  2
  88.62  16.12  3
  88.57  16.76  2
  88.56  14.84  3
  88.51  15.17  2
  88.51  11.91  3
  88.47  12.47  2
  88.31   7.74  3
  88.30   8.43  2
  88.20   3.93  3
  88.13   5.66  2
  88.07   2.22  3
  88.04   2.84  2
  87.95  -0.34  3
  87.95   0.12  2
  87.82  -4.06  3
  87.80  -3.59  2
  86.70 -21.44  3
  86.65 -20.54  2
  86.57 -21.91  3
  86.55 -20.67  2
  86.51 -21.50  3
  86.46 -20.58  2
  86.37 -22.46  3
  86.36 -21.27  2
  86.32 -22.05  3
  86.29 -21.33  2
  86.28 -22.06  3
  86.25 -21.08  2
  83.14 128.89  3
  83.56 128.44  2
  83.78 128.23  2
  84.04 127.88  2
  84.24 127.31  2
  85.02 124.38  3
  85.47 121.42  2
  85.70 119.84  2
  85.96 117.91  2
  86.52 109.76  3
  86.79 106.20  2
  87.10 103.36  2
  87.42 101.05  2
  87.43 101.10  3
  99.00   0.00  3
 1X1 408 402 116  54   0 AN 023 6
  85.88 -26.87  3
  86.03 -26.58  2
  86.30 -25.46  2
  86.35 -25.06  2
  86.40 -24.93  2
  86.44 -24.79  2
  86.53 -24.68  2
  86.62 -24.47  2
  86.67 -24.31  2
  86.71 -24.12  2
  86.79 -23.84  2
  86.86 -23.70  2
  86.97 -23.47  2
  87.01 -23.05  2
  87.10 -22.13  2
  87.23 -20.10  2
  87.38 -16.65  2
  87.49 -14.52  2
  87.65 -11.82  2
  87.75  -9.83  2
  87.90  -7.23  2
  88.03  -5.17  2
  88.16  -3.66  2
  88.29  -1.93  2
  88.47   1.50  2
  88.64   5.34  2
  88.71   6.88  2
  88.78   8.80  2
  88.83  10.79  2
  88.91  13.61  2
  88.98  16.56  2
  89.05  19.54  2
  89.13  24.09  2
  89.21  28.25  2
  89.26  35.26  2
  89.29  58.55  3
  89.17  80.75  2
  88.86  97.16  2
  83.99 131.65  3
  84.36 130.67  2
  84.84 128.15  2
  85.16 126.98  2
  85.60 124.36  2
  86.08 119.63  2
  86.42 114.76  2
  86.66 110.94  2
  86.87 108.61  2
  89.28  30.94  3
  89.23  32.49  2
  89.24  26.28  3
  89.19  27.53  2
  89.15  22.69  3
  89.10  23.10  2
  89.08  18.71  3
  89.04  20.06  2
  89.02  15.47  3
  88.96  17.09  2
  88.93  12.67  3
  88.89  14.58  2
  88.87  10.87  3
  88.81  12.77  2
  88.79   8.84  3
  88.75  10.10  2
  88.73   6.47  3
  88.69   8.67  2
  88.67   5.01  3
  88.61   6.84  2
  88.48   0.48  3
  88.44   1.68  2
  88.34  -2.37  3
  88.30  -0.65  2
  88.21  -4.29  3
  88.15  -2.27  2
  88.07  -5.42  3
  88.04  -4.37  2
  87.95  -7.25  3
  87.89  -6.00  2
  87.77  -9.77  3
  87.74  -9.08  2
  87.65 -12.40  3
  87.63 -10.68  2
  87.51 -14.10  3
  87.48 -13.28  2
  87.37 -17.45  3
  87.36 -16.25  2
  87.24 -20.39  3
  87.21 -19.63  2
  87.10 -22.52  3
  87.07 -21.73  2
  87.03 -23.60  3
  87.01 -22.45  2
  86.94 -23.86  3
  86.93 -23.05  2
  86.87 -24.32  3
  86.85 -23.44  2
  86.78 -24.55  3
  86.77 -23.82  2
  86.69 -24.90  3
  86.70 -23.95  2
  86.64 -24.92  3
  86.62 -23.97  2
  86.58 -25.15  3
  86.55 -24.22  2
  86.47 -25.26  3
  86.45 -24.47  2
  86.39 -25.56  3
  86.36 -24.64  2
  86.33 -25.80  3
  86.30 -25.08  2
  86.23 -26.03  3
  86.21 -25.33  2
  86.03 -27.11  3
  86.02 -26.47  2
  85.94 -27.37  3
  85.92 -26.57  2
  85.92 -26.64  3
  99.00   0.00  3
 1X1 409 402 107  56   0 AN 024 7
  86.07 -30.52  3
  86.20 -29.29  2
  86.46 -28.16  2
  86.56 -28.09  2
  86.60 -28.24  2
  86.67 -28.23  2
  86.75 -28.37  2
  86.82 -28.37  2
  86.88 -28.41  2
  86.93 -28.26  2
  87.01 -27.80  2
  87.07 -27.35  2
  87.13 -26.34  2
  87.17 -25.60  2
  87.27 -24.50  2
  87.42 -22.82  2
  87.60 -20.61  2
  87.77 -18.65  2
  88.06 -15.96  2
  88.17 -14.85  2
  88.35 -13.17  2
  88.49 -10.59  2
  88.61  -7.64  2
  88.78  -4.11  2
  88.86  -0.83  2
  88.91   0.56  2
  89.00   4.04  2
  89.07   7.06  2
  89.14  10.58  2
  89.21  13.83  2
  89.28  18.84  2
  89.34  23.41  2
  89.42  32.62  2
  87.15 109.61  3
  86.82 114.58  2
  86.54 118.50  2
  86.31 120.94  2
  86.13 123.08  2
  89.57  47.32  3
  89.53  47.15  2
  89.54  35.65  2
  89.49  40.08  2
  89.39  44.55  3
  89.42  53.73  2
  89.45  46.47  2
  89.40  48.59  2
  89.43  29.06  3
  89.39  30.97  2
  89.39  22.26  3
  89.34  24.28  2
  89.31  17.84  3
  89.27  19.11  2
  89.23  12.14  3
  89.19  14.68  2
  89.16   9.24  3
  89.12  12.07  2
  89.09   5.81  3
  89.06   6.61  2
  89.02   1.87  3
  89.00   3.71  2
  88.96  -0.34  3
  88.93   1.44  2
  88.88  -2.54  3
  88.87  -0.01  2
  88.83  -4.56  3
  88.80  -2.34  2
  88.66  -9.15  3
  88.64  -6.45  2
  88.51 -11.57  3
  88.46  -9.80  2
  88.36 -13.86  3
  88.34 -12.34  2
  88.21 -15.51  3
  88.18 -13.47  2
  88.05 -17.40  3
  88.03 -15.54  2
  87.74 -20.32  3
  87.73 -19.22  2
  87.62 -21.63  3
  87.59 -20.10  2
  87.48 -22.78  3
  87.46 -21.49  2
  87.28 -24.54  3
  87.29 -23.34  2
  87.18 -26.19  3
  87.16 -24.86  2
  87.11 -27.27  3
  87.10 -26.00  2
  86.99 -28.30  3
  87.02 -27.19  2
  86.94 -28.95  3
  86.93 -28.08  2
  86.84 -29.09  3
  86.82 -28.59  2
  86.75 -28.89  3
  86.74 -28.28  2
  86.66 -28.82  3
  86.66 -28.52  2
  86.56 -28.70  3
  86.56 -27.93  2
  86.46 -28.64  3
  86.47 -27.96  2
  86.42 -29.31  3
  86.37 -28.23  2
  86.24 -29.55  3
  86.25 -29.10  2
  86.25 -29.07  3
  99.00   0.00  3
