 93X5012 304 154 200   0 BA 100 5
  54.89 -17.72  3
  54.88 -17.71  2
  54.87 -17.66  2
  54.84 -17.60  2
  54.84 -17.51  2
  54.89 -17.41  2
  54.97 -17.25  2
  55.02 -17.13  2
  55.13 -16.94  2
  55.20 -16.78  2
  55.24 -16.66  2
  55.28 -16.45  2
  55.32 -16.26  2
  55.38 -16.02  2
  55.43 -15.78  2
  55.47 -15.62  2
  55.53 -15.34  2
  55.57 -15.22  2
  55.65 -15.02  2
  55.71 -14.85  2
  55.74 -14.79  2
  55.81 -14.73  2
  55.90 -14.71  2
  56.01 -14.53  2
  56.05 -14.45  2
  56.14 -14.36  2
  56.24 -14.17  2
  56.33 -14.09  2
  56.37 -14.01  2
  56.44 -13.87  2
  56.52 -13.76  2
  56.61 -13.59  2
  56.68 -13.51  2
  56.78 -13.42  2
  56.85 -13.36  2
  56.95 -13.26  2
  57.05 -13.14  2
  57.14 -13.03  2
  57.20 -12.97  2
  57.26 -12.90  2
  57.36 -12.89  2
  57.47 -12.85  2
  57.56 -12.80  2
  57.57 -12.80  2
  57.67 -12.81  2
  57.72 -12.84  2
  57.81 -12.91  2
  57.91 -12.97  2
  57.98 -13.10  2
  58.02 -13.14  2
  58.10 -13.24  2
  58.17 -13.37  2
  58.31 -13.56  2
  58.35 -13.74  2
  58.41 -13.97  2
  58.44 -14.20  2
  58.45 -14.36  2
  58.46 -14.53  2
  58.44 -14.70  2
  58.43 -14.87  2
  58.44 -15.14  2
  58.44 -15.22  2
  58.36 -15.29  2
  58.31 -15.41  2
  58.20 -15.59  2
  58.11 -15.63  2
  58.04 -15.65  2
  57.95 -15.61  2
  57.87 -15.59  2
  57.77 -15.57  2
  57.71 -15.51  2
  57.62 -15.39  2
  57.55 -15.33  2
  57.44 -15.35  2
  57.35 -15.40  2
  57.25 -15.51  2
  57.17 -15.59  2
  57.08 -15.70  2
  56.99 -15.81  2
  56.93 -15.87  2
  56.85 -15.99  2
  56.81 -16.07  2
  56.81 -16.21  2
  56.81 -16.30  2
  56.82 -16.39  2
  56.78 -16.48  2
  56.84 -16.58  2
  56.92 -16.51  2
  57.01 -16.41  2
  57.11 -16.37  2
  57.14 -16.41  2
  57.20 -16.36  2
  57.19 -16.49  2
  57.16 -16.58  2
  57.12 -16.63  2
  57.05 -16.68  2
  56.99 -16.87  2
  56.96 -17.01  2
  56.91 -17.18  2
  56.87 -17.28  2
  56.81 -17.44  2
  56.75 -17.50  2
  56.68 -17.53  2
  56.59 -17.51  2
  56.48 -17.56  2
  56.40 -17.58  2
  56.30 -17.57  2
  56.18 -17.60  2
  56.09 -17.64  2
  56.01 -17.65  2
  55.93 -17.65  2
  55.86 -17.62  2
  55.76 -17.68  2
  55.67 -17.74  2
  55.62 -17.75  2
  55.56 -17.78  2
  55.47 -17.92  2
  55.43 -18.02  2
  55.34 -18.09  2
  55.23 -18.15  2
  55.14 -18.22  2
  55.06 -18.27  2
  54.99 -18.28  2
  54.93 -18.27  2
  54.88 -18.35  2
  54.84 -18.46  2
  54.76 -18.53  2
  54.76 -18.40  2
  54.79 -18.26  2
  54.80 -18.16  2
  54.81 -18.11  3
  54.74 -18.10  2
  54.83 -18.02  3
  54.79 -18.07  2
  54.77 -18.03  2
  54.79 -18.00  2
  54.81 -17.98  2
  54.83 -18.00  2
  54.83 -18.04  2
  54.86 -17.92  3
  54.84 -17.95  2
  54.82 -17.94  2
  54.81 -17.91  2
  54.83 -17.89  2
  54.85 -17.90  2
  54.85 -17.94  2
  54.90 -17.81  3
  54.88 -17.86  2
  54.85 -17.85  2
  54.84 -17.81  2
  54.85 -17.80  2
  54.89 -17.77  2
  54.90 -17.81  2
  54.89 -17.81  3
  99.00   0.00  3
 93X5012 304 137 200   0 BA 200 6
  58.22 -10.66  3
  58.21 -10.72  2
  58.17 -10.77  2
  58.11 -10.81  2
  58.06 -10.91  2
  58.01 -11.01  2
  57.97 -11.06  2
  57.94 -11.08  2
  57.89 -10.97  2
  57.82 -10.92  2
  57.79 -10.93  2
  57.79 -11.01  2
  57.75 -11.08  2
  57.73 -11.18  2
  57.75 -11.29  2
  57.67 -11.39  2
  57.62 -11.41  2
  57.55 -11.51  2
  57.48 -11.50  2
  57.42 -11.50  2
  57.38 -11.57  2
  57.33 -11.62  2
  57.26 -11.58  2
  57.17 -11.67  2
  57.11 -11.75  2
  57.07 -11.90  2
  57.06 -12.06  2
  57.07 -12.20  2
  57.05 -12.36  2
  56.98 -12.50  2
  56.94 -12.66  2
  56.86 -12.79  2
  56.79 -12.85  2
  56.70 -13.05  2
  56.60 -13.26  2
  56.50 -13.38  2
  56.40 -13.55  2
  56.30 -13.68  2
  56.22 -13.80  2
  56.13 -13.87  2
  56.06 -13.88  2
  55.96 -14.00  2
  55.84 -14.18  2
  55.80 -14.29  2
  55.73 -14.42  2
  55.67 -14.54  2
  55.59 -14.70  2
  55.53 -14.83  2
  55.47 -14.95  2
  55.38 -15.14  2
  55.33 -15.24  2
  55.27 -15.42  2
  55.24 -15.51  2
  55.20 -15.65  2
  55.16 -15.80  2
  55.12 -15.95  2
  55.09 -16.09  2
  55.08 -16.17  2
  55.06 -16.33  2
  55.02 -16.49  2
  55.00 -16.59  2
  54.94 -16.72  2
  54.89 -16.83  2
  54.82 -16.92  2
  54.75 -17.02  2
  54.72 -17.11  2
  54.67 -17.21  2
  54.58 -17.24  2
  54.49 -17.39  2
  54.46 -17.45  2
  54.41 -17.61  2
  54.36 -17.64  2
  54.27 -17.75  2
  54.25 -17.83  2
  54.22 -17.90  2
  54.18 -18.08  2
  54.17 -18.18  2
  54.17 -18.28  2
  54.18 -18.39  2
  54.16 -18.53  2
  54.16 -18.60  2
  54.13 -18.67  2
  54.08 -18.73  2
  54.05 -18.81  2
  53.96 -18.89  2
  53.91 -18.93  2
  53.87 -19.03  2
  53.82 -19.18  2
  53.79 -19.26  2
  53.77 -19.41  2
  53.73 -19.55  2
  53.70 -19.68  2
  53.64 -19.80  2
  53.61 -19.93  2
  53.66 -20.03  2
  53.71 -20.05  2
  53.80 -20.09  2
  53.88 -20.10  2
  53.95 -20.13  2
  54.01 -20.21  2
  54.10 -20.26  2
  54.22 -20.32  2
  54.31 -20.32  2
  54.32 -20.32  2
  54.40 -20.33  2
  54.48 -20.36  2
  54.55 -20.36  2
  54.63 -20.32  2
  54.70 -20.30  2
  54.71 -20.30  2
  54.73 -20.38  2
  54.77 -20.36  2
  54.82 -20.30  2
  54.87 -20.27  2
  54.88 -20.35  2
  54.94 -20.35  2
  54.99 -20.30  2
  55.02 -20.32  2
  55.07 -20.28  2
  55.14 -20.27  2
  55.16 -20.38  2
  55.15 -20.48  2
  55.18 -20.59  2
  55.18 -20.59  2
  55.27 -20.64  2
  55.32 -20.71  2
  55.38 -20.81  2
  55.43 -20.89  2
  55.44 -20.96  2
  55.50 -20.86  2
  55.57 -20.76  2
  55.63 -20.74  2
  55.67 -20.66  2
  55.69 -20.60  2
  55.74 -20.52  2
  55.77 -20.56  2
  55.77 -20.55  3
  99.00   0.00  3
 91X  81 304  50 200   0 MA 000 2
  58.49 -13.51  3
  58.48 -13.68  2
  58.48 -13.85  2
  58.44 -14.20  2
  58.43 -14.50  2
  58.42 -14.82  2
  58.40 -15.20  2
  58.39 -15.43  2
  58.22 -15.53  2
  58.06 -15.55  2
  57.86 -15.67  2
  57.71 -15.71  2
  57.60 -15.74  2
  57.55 -15.75  2
  57.54 -15.80  2
  57.55 -15.64  2
  57.57 -15.31  2
  57.57 -15.17  2
  57.40 -15.30  2
  57.26 -15.51  2
  57.07 -15.70  2
  56.94 -15.82  2
  56.81 -15.98  2
  56.78 -16.18  2
  56.77 -16.40  2
  56.76 -16.62  2
  56.89 -16.48  2
  57.11 -16.25  2
  57.25 -16.10  2
  57.38 -16.31  2
  57.25 -16.64  2
  57.09 -17.04  2
  56.93 -17.26  2
  56.78 -17.48  2
  56.53 -17.55  2
  56.30 -17.59  2
  56.00 -17.74  2
  55.73 -17.84  2
  55.54 -17.96  2
  55.38 -18.09  2
  55.34 -18.18  2
  55.16 -18.45  2
  54.98 -18.68  2
  54.76 -18.97  2
  54.59 -19.25  2
  54.41 -19.53  2
  54.23 -19.79  2
  54.08 -19.97  2
  53.98 -19.99  2
  57.02 -10.83  3
  99.00   0.00  3
 91X 140 304  33 200   0 MA 000 3
  58.43 -13.50  3
  58.37 -13.44  2
  58.25 -13.25  2
  58.07 -13.08  2
  57.88 -12.87  2
  57.66 -12.85  2
  57.40 -13.01  2
  57.15 -13.16  2
  56.98 -13.25  2
  56.81 -13.47  2
  56.65 -13.60  2
  56.38 -13.96  2
  56.14 -14.39  2
  55.96 -14.69  2
  55.72 -15.19  2
  55.48 -15.70  2
  55.30 -16.05  2
  55.12 -16.48  2
  54.96 -16.84  2
  54.80 -17.17  2
  54.66 -17.47  2
  54.50 -17.85  2
  54.39 -18.09  2
  54.25 -18.41  2
  54.11 -18.73  2
  54.02 -18.95  2
  53.92 -19.21  2
  53.83 -19.46  2
  53.80 -19.68  2
  53.84 -19.77  2
  53.89 -19.91  2
  53.95 -19.93  2
  49.33 -21.35  3
  99.00   0.00  3
 91X 141 304  54 100   0 MA 000 3
  57.45 -12.00  3
  57.38 -12.06  2
  57.33 -12.12  2
  57.11 -12.32  2
  56.90 -12.52  2
  56.72 -12.71  2
  56.45 -12.90  2
  56.17 -13.13  2
  55.97 -13.36  2
  55.68 -13.59  2
  55.42 -13.87  2
  55.23 -14.03  2
  55.03 -14.23  2
  54.90 -14.37  2
  54.77 -14.53  2
  54.73 -14.60  2
  54.78 -14.76  2
  54.86 -15.01  2
  54.91 -15.17  2
  54.82 -15.29  2
  54.71 -15.43  2
  54.60 -15.58  2
  54.53 -15.64  2
  54.61 -15.90  2
  54.65 -16.05  2
  54.68 -16.15  2
  54.55 -16.32  2
  54.45 -16.41  2
  54.34 -16.56  2
  54.21 -16.70  2
  54.05 -16.87  2
  54.00 -16.93  2
  54.05 -17.06  2
  54.08 -17.15  2
  53.99 -17.24  2
  53.90 -17.32  2
  53.82 -17.42  2
  53.79 -17.45  2
  53.83 -17.60  2
  53.85 -17.66  2
  53.69 -17.79  2
  53.54 -17.85  2
  53.34 -18.01  2
  53.20 -18.09  2
  53.04 -18.23  2
  52.89 -18.41  2
  52.70 -18.53  2
  52.61 -18.58  2
  52.50 -18.67  2
  52.37 -18.74  2
  52.28 -18.80  2
  52.19 -18.85  2
  52.15 -18.88  2
  52.14 -18.88  3
  99.00   0.00  3
