 9XX   1 306  16 250   0 MA 000 2
  79.28   8.04  3
  78.91   8.99  2
  78.57   9.81  2
  78.23  11.03  2
  77.85  11.31  2
  77.41  11.99  2
  76.87  13.39  2
  76.52  14.63  2
  76.15  15.07  2
  75.40  15.55  2
  74.91  16.02  2
  74.48  16.56  2
  74.18  16.37  2
  73.97  16.25  2
  73.58  16.24  2
  73.59  16.33  3
  99.00   0.00  3
 30X 100 306 900 600 000 CS 000 7
  79.74  14.75 3
  79.72  14.94 2
  79.72  14.97 2
  79.72  15.02 2
  79.71  15.04 2
  79.69  15.05 2
  79.68  15.11 2
  79.66  15.16 2
  79.64  15.20 2
  79.62  15.22 2
  79.60  15.26 2
  79.56  15.27 2
  79.53  15.28 2
  79.51  15.29 2
  79.48  15.32 2
  79.45  15.33 2
  79.42  15.37 2
  79.42  15.37 2
  79.42  15.37 2
  79.41  15.37 2
  79.39  15.37 2
  79.36  15.39 2
  79.32  15.44 2
  79.29  15.49 2
  79.25  15.49 2
  79.22  15.48 2
  79.20  15.49 2
  79.17  15.43 2
  79.15  15.39 2
  79.13  15.41 2
  79.14  15.47 2
  79.16  15.49 2
  79.16  15.55 2
  79.16  15.63 2
  79.14  15.71 2
  79.09  15.83 2
  79.06  15.89 2
  79.03  15.96 2
  79.00  16.03 2
  78.96  16.08 2
  78.93  16.19 2
  78.91  16.30 2
  78.90  16.46 2
  78.92  16.48 2
  78.96  16.40 2
  79.01  16.28 2
  79.05  16.22 2
  79.09  16.12 2
  79.11  16.06 2
  79.15  16.01 2
  79.18  16.00 2
  79.23  15.97 2
  79.26  15.91 2
  79.31  15.89 2
  79.36  15.87 2
  79.39  15.84 2
  79.41  15.83 2
  79.46  15.83 2
  79.50  15.83 2
  79.55  15.83 2
  79.57  15.79 2
  79.61  15.77 2
  79.65  15.75 2
  79.69  15.75 2
  79.70  15.74 2
  79.69  15.68 2
  79.72  15.66 2
  79.75  15.66 2
  79.78  15.73 2
  79.82  15.73 2
  79.86  15.76 2
  79.85  15.87 2
  79.87  16.03 2
  79.89  16.00 2
  79.91  15.93 2
  79.93  15.96 2
  79.96  15.98 2
  80.00  16.00 2
  80.01  16.09 2
  80.05  16.18 2
  80.06  16.30 2
  80.04  16.40 2
  80.03  16.51 2
  80.02  16.56 2
  80.01  16.56 2
  79.99  16.56 2
  79.96  16.58 2
  79.94  16.58 2
  79.91  16.58 2
  79.89  16.58 2
  79.87  16.58 2
  79.87  16.68 2
  79.86  16.73 2
  79.85  16.86 2
  79.88  16.87 2
  79.91  16.82 2
  79.92  16.95 2
  79.93  17.07 2
  79.91  17.14 2
  79.90  17.25 2
  79.87  17.41 2
  79.84  17.54 2
  79.81  17.68 2
  79.77  17.78 2
  79.74  17.91 2
  79.70  17.87 2
  79.67  17.86 2
  79.66  17.78 2
  79.63  17.75 2
  79.59  17.73 2
  79.56  17.69 2
  79.54  17.57 2
  79.51  17.53 2
  79.52  17.58 2
  79.50  17.65 2
  79.47  17.67 2
  79.44  17.72 2
  79.42  17.70 2
  79.39  17.65 2
  79.37  17.56 2
  79.33  17.57 2
  79.36  17.65 2
  79.38  17.73 2
  79.39  17.76 2
  79.41  17.80 2
  79.43  17.94 2
  79.46  18.05 2
  79.46  18.06 2
  79.49  17.97 2
  79.53  17.98 2
  79.55  18.00 2
  79.57  18.06 2
  79.59  18.11 2
  79.60  18.20 2
  79.57  18.28 2
  79.57  18.45 2
  79.55  18.51 2
  79.51  18.60 2
  79.48  18.65 2
  79.44  18.69 2
  79.42  18.73 2
  79.39  18.79 2
  79.37  18.84 2
  79.33  18.83 2
  79.31  18.79 2
  79.29  18.79 2
  79.24  18.72 2
  79.21  18.73 2
  79.17  18.76 2
  79.17  18.92 2
  79.16  19.05 2
  79.17  19.19 2
  79.16  19.37 2
  79.13  19.50 2
  79.12  19.63 2
  79.11  19.65 2
  79.09  19.68 2
  79.06  19.70 2
  79.03  19.77 2
  78.99  19.84 2
  78.97  19.99 2
  78.96  20.23 2
  78.93  20.31 2
  78.91  20.35 2
  78.90  20.48 2
  78.88  20.63 2
  78.88  20.86 2
  78.86  21.07 2
  78.87  21.21 2
  78.86  21.36 2
  78.85  21.42 2
  78.82  21.41 2
  78.79  21.42 2
  78.76  21.44 2
  78.73  21.40 2
  78.70  21.38 2
  78.68  21.34 2
  78.66  21.28 2
  78.66  21.16 2
  78.66  21.07 2
  78.67  20.94 2
  78.68  20.74 2
  78.67  20.65 2
  78.65  20.52 2
  78.64  20.45 2
  78.64  20.25 2
  78.64  20.16 2
  78.61  20.12 2
  78.59  20.02 2
  78.57  19.93 2
  78.57  19.82 2
  78.58  19.76 2
  78.57  19.69 2
  78.56  19.51 2
  78.54  19.59 2
  78.51  19.56 2
  78.46  19.52 2
  78.46  19.36 2
  78.43  19.29 2
  78.43  19.15 2
  78.41  19.02 2
  78.37  19.06 2
  78.32  19.06 2
  78.28  19.04 2
  78.25  19.07 2
  78.25  19.01 2
  78.23  19.02 2
  78.21  19.05 2
  78.17  18.97 2
  78.14  18.97 2
  78.10  18.97 2
  78.05  19.00 2
  78.01  18.97 2
  78.00  18.91 2
  78.01  18.82 2
  78.02  18.69 2
  78.02  18.58 2
  78.00  18.42 2
  77.98  18.42 2
  77.96  18.45 2
  77.92  18.45 2
  77.88  18.43 2
  77.83  18.45 2
  77.81  18.49 2
  77.78  18.47 2
  77.73  18.41 2
  77.71  18.41 2
  77.67  18.39 2
  77.67  18.43 2
  77.64  18.42 2
  77.60  18.39 2
  77.57  18.36 2
  77.57  18.33 2
  77.55  18.33 2
  77.53  18.33 2
  77.50  18.28 2
  77.47  18.28 2
  77.46  18.21 2
  77.48  18.07 2
  77.47  17.95 2
  77.46  17.76 2
  77.44  17.58 2
  77.40  17.61 2
  77.41  17.74 2
  77.39  17.78 2
  77.36  17.82 2
  77.36  17.75 2
  77.36  17.63 2
  77.31  17.47 2
  77.28  17.41 2
  77.24  17.37 2
  77.22  17.38 2
  77.19  17.37 2
  77.15  17.37 2
  77.14  17.40 2
  77.12  17.41 2
  77.09  17.40 2
  77.06  17.35 2
  77.03  17.31 2
  77.02  17.34 2
  77.00  17.38 2
  76.96  17.32 2
  76.96  17.37 2
  76.93  17.35 2
  76.90  17.29 2
  76.87  17.18 2
  76.85  17.09 2
  76.82  17.04 2
  76.80  17.08 2
  76.79  17.07 2
  76.76  17.02 2
  76.71  17.10 2
  76.68  17.12 2
  76.66  17.07 2
  76.64  17.05 2
  76.60  17.04 2
  76.58  16.95 2
  76.56  16.84 2
  76.55  16.68 2
  76.59  16.56 2
  76.61  16.56 2
  76.61  16.54 2
  76.59  16.49 2
  76.56  16.43 2
  76.56  16.34 2
  76.60  16.35 2
  76.63  16.33 2
  76.66  16.34 2
  76.69  16.30 2
  76.73  16.15 2
  76.76  15.96 2
  76.80  15.73 2
  76.84  15.60 2
  76.88  15.60 2
  76.90  15.68 2
  76.91  15.76 2
  76.92  15.92 2
  76.92  16.05 2
  76.92  16.18 2
  76.89  16.22 2
  76.95  16.37 2
  76.98  16.37 2
  76.98  16.26 2
  77.01  16.14 2
  77.01  16.06 2
  77.01  15.91 2
  76.99  15.83 2
  77.00  15.73 2
  76.98  15.61 2
  76.98  15.47 2
  76.99  15.30 2
  77.00  15.20 2
  77.05  15.20 2
  77.10  15.06 2
  77.09  14.97 2
  77.11  14.78 2
  77.14  14.62 2
  77.15  14.42 2
  77.19  14.37 2
  77.23  14.31 2
  77.24  14.23 2
  77.27  14.18 2
  77.31  14.14 2
  77.33  14.09 2
  77.37  14.02 2
  77.39  14.05 2
  77.43  14.10 2
  77.50  14.01 2
  77.51  14.12 2
  77.56  14.27 2
  77.55  14.42 2
  77.55  14.53 2
  77.51  14.55 2
  77.46  14.58 2
  77.46  14.73 2
  77.49  14.77 2
  77.52  14.78 2
  77.52  14.97 2
  77.51  15.02 2
  77.50  15.16 2
  77.51  15.28 2
  77.52  15.38 2
  77.51  15.38 2
  77.50  15.41 2
  77.50  15.58 2
  77.49  15.74 2
  77.47  15.97 2
  77.50  16.00 2
  77.55  15.89 2
  77.55  15.76 2
  77.57  15.58 2
  77.58  15.39 2
  77.58  15.25 2
  77.59  15.05 2
  77.62  14.89 2
  77.65  14.85 2
  77.66  14.89 2
  77.65  15.00 2
  77.66  15.11 2
  77.68  15.25 2
  77.68  15.32 2
  77.69  15.49 2
  77.71  15.60 2
  77.71  15.70 2
  77.72  15.80 2
  77.71  15.90 2
  77.72  15.91 2
  77.73  16.07 2
  77.75  16.08 2
  77.75  16.15 2
  77.75  16.29 2
  77.78  16.30 2
  77.80  16.34 2
  77.76  16.44 2
  77.77  16.51 2
  77.78  16.56 2
  77.78  16.71 2
  77.77  16.83 2
  77.78  16.93 2
  77.84  16.88 2
  77.87  16.79 2
  77.86  16.88 2
  77.90  16.86 2
  77.90  16.81 2
  77.89  16.67 2
  77.85  16.63 2
  77.84  16.54 2
  77.82  16.40 2
  77.83  16.26 2
  77.82  16.07 2
  77.80  15.93 2
  77.80  15.85 2
  77.80  15.80 2
  77.82  15.71 2
  77.83  15.61 2
  77.83  15.54 2
  77.82  15.41 2
  77.80  15.33 2
  77.78  15.25 2
  77.77  15.25 2
  77.77  15.18 2
  77.76  15.09 2
  77.76  15.00 2
  77.75  14.96 2
  77.77  14.89 2
  77.74  14.84 2
  77.73  14.73 2
  77.77  14.69 2
  77.76  14.61 2
  77.74  14.61 2
  77.74  14.52 2
  77.73  14.45 2
  77.73  14.33 2
  77.76  14.24 2
  77.74  14.16 2
  77.71  14.07 2
  77.71  13.89 2
  77.72  13.76 2
  77.75  13.76 2
  77.78  13.80 2
  77.81  13.75 2
  77.83  13.72 2
  77.86  13.70 2
  77.88  13.67 2
  77.90  13.67 2
  77.95  13.65 2
  77.98  13.66 2
  78.01  13.65 2
  78.03  13.72 2
  78.04  13.86 2
  78.04  13.93 2
  78.01  14.02 2
  77.96  14.09 2
  77.95  14.22 2
  77.98  14.27 2
  78.02  14.18 2
  78.05  14.20 2
  78.07  14.37 2
  78.07  14.55 2
  78.08  14.76 2
  78.07  14.87 2
  78.08  15.05 2
  78.14  15.04 2
  78.14  15.11 2
  78.18  15.17 2
  78.19  15.29 2
  78.23  15.36 2
  78.23  15.49 2
  78.20  15.63 2
  78.23  15.69 2
  78.29  15.57 2
  78.29  15.63 2
  78.31  15.73 2
  78.34  15.85 2
  78.34  15.93 2
  78.34  16.06 2
  78.35  16.14 2
  78.35  16.26 2
  78.34  16.28 2
  78.33  16.35 2
  78.32  16.43 2
  78.32  16.61 2
  78.32  16.77 2
  78.34  16.80 2
  78.34  16.89 2
  78.36  16.99 2
  78.38  17.05 2
  78.38  17.11 2
  78.39  17.29 2
  78.41  17.36 2
  78.43  17.31 2
  78.41  17.15 2
  78.39  16.95 2
  78.39  16.90 2
  78.38  16.90 2
  78.39  16.78 2
  78.43  16.66 2
  78.46  16.60 2
  78.42  16.55 2
  78.43  16.43 2
  78.46  16.38 2
  78.50  16.40 2
  78.52  16.47 2
  78.56  16.50 2
  78.58  16.63 2
  78.62  16.70 2
  78.65  16.79 2
  78.66  16.69 2
  78.71  16.67 2
  78.72  16.61 2
  78.69  16.54 2
  78.67  16.38 2
  78.62  16.40 2
  78.56  16.38 2
  78.52  16.27 2
  78.51  16.11 2
  78.47  16.07 2
  78.46  15.89 2
  78.45  15.73 2
  78.43  15.60 2
  78.46  15.50 2
  78.49  15.36 2
  78.56  15.30 2
  78.57  15.29 2
  78.63  15.40 2
  78.67  15.48 2
  78.72  15.54 2
  78.77  15.52 2
  78.82  15.43 2
  78.76  15.26 2
  78.70  15.21 2
  78.65  15.21 2
  78.63  15.11 2
  78.59  15.06 2
  78.59  14.96 2
  78.63  14.86 2
  78.67  14.88 2
  78.72  14.86 2
  78.72  14.76 2
  78.70  14.63 2
  78.67  14.57 2
  78.60  14.53 2
  78.56  14.52 2
  78.49  14.51 2
  78.45  14.42 2
  78.44  14.54 2
  78.41  14.64 2
  78.37  14.69 2
  78.35  14.59 2
  78.37  14.45 2
  78.36  14.37 2
  78.37  14.27 2
  78.30  14.18 2
  78.28  14.19 2
  78.23  14.14 2
  78.23  14.04 2
  78.23  14.00 2
  78.23  13.90 2
  78.19  13.83 2
  78.19  13.70 2
  78.21  13.58 2
  78.19  13.56 2
  78.19  13.51 2
  78.22  13.45 2
  78.20  13.39 2
  78.19  13.36 2
  78.21  13.25 2
  78.20  13.21 2
  78.22  13.07 2
  78.21  13.03 2
  78.26  12.94 2
  78.28  13.04 2
  78.31  13.02 2
  78.35  13.00 2
  78.34  12.87 2
  78.35  12.80 2
  78.36  12.64 2
  78.37  12.62 2
  78.40  12.60 2
  78.45  12.44 2
  78.47  12.48 2
  78.47  12.69 2
  78.49  12.82 2
  78.48  12.97 2
  78.50  13.16 2
  78.55  13.19 2
  78.52  13.00 2
  78.53  12.85 2
  78.53  12.69 2
  78.54  12.57 2
  78.55  12.40 2
  78.58  12.22 2
  78.60  12.04 2
  78.62  12.00 2
  78.65  11.88 2
  78.68  11.91 2
  78.70  11.80 2
  78.72  11.66 2
  78.74  11.67 2
  78.79  11.75 2
  78.80  11.87 2
  78.80  11.91 2
  78.82  11.97 2
  78.83  11.94 2
  78.84  11.79 2
  78.89  11.59 2
  78.91  11.46 2
  78.95  11.35 2
  78.95  11.56 2
  78.92  11.68 2
  78.91  11.94 2
  78.89  12.14 2
  78.88  12.38 2
  78.92  12.42 2
  78.93  12.40 2
  78.97  12.32 2
  78.94  12.12 2
  78.96  11.97 2
  79.00  11.95 2
  79.01  11.85 2
  79.03  11.66 2
  79.08  11.71 2
  79.10  11.86 2
  79.13  11.80 2
  79.17  11.86 2
  79.19  12.00 2
  79.22  11.98 2
  79.26  12.03 2
  79.27  12.03 2
  79.26  11.88 2
  79.23  11.78 2
  79.22  11.77 2
  79.25  11.67 2
  79.26  11.47 2
  79.26  11.36 2
  79.23  11.51 2
  79.20  11.63 2
  79.11  11.45 2
  79.09  11.28 2
  79.10  11.18 2
  79.16  11.16 2
  79.19  11.12 2
  79.22  11.11 2
  79.28  11.00 2
  79.23  11.00 2
  79.29  10.98 2
  79.32  10.93 2
  79.30  10.89 2
  79.30  10.89 2
  79.29  10.83 2
  79.34  10.81 2
  79.39  10.81 2
  79.43  10.81 2
  79.47  10.78 2
  79.49  10.69 2
  79.52  10.67 2
  79.53  10.81 2
  79.51  10.96 2
  79.54  11.01 2
  79.58  10.90 2
  79.62  10.80 2
  79.66  10.78 2
  79.68  10.79 2
  79.68  10.91 2
  79.65  10.99 2
  79.61  11.05 2
  79.61  11.28 2
  79.63  11.31 2
  79.68  11.21 2
  79.71  11.13 2
  79.74  11.14 2
  79.76  11.21 2
  79.74  11.30 2
  79.72  11.41 2
  79.76  11.50 2
  79.77  11.46 2
  79.79  11.46 2
  79.80  11.52 2
  79.80  11.54 2
  79.82  11.64 2
  79.79  11.71 2
  79.76  11.75 2
  79.72  11.85 2
  79.70  11.95 2
  79.67  12.01 2
  79.69  12.08 2
  79.66  12.16 2
  79.67  12.21 2
  79.70  12.20 2
  79.77  12.16 2
  79.80  12.14 2
  79.82  12.14 2
  79.83  12.29 2
  79.80  12.32 2
  79.77  12.32 2
  79.75  12.47 2
  79.74  12.49 2
  79.74  12.62 2
  79.75  12.73 2
  79.76  12.90 2
  79.77  12.97 2
  79.79  13.15 2
  79.82  13.26 2
  79.82  13.48 2
  79.84  13.59 2
  79.83  13.76 2
  79.79  13.80 2
  79.76  13.87 2
  79.72  13.86 2
  79.69  13.77 2
  79.67  13.67 2
  79.66  13.46 2
  79.69  13.34 2
  79.67  13.28 2
  79.67  13.02 2
  79.64  12.96 2
  79.59  12.73 2
  79.57  12.63 2
  79.56  12.43 2
  79.53  12.37 2
  79.52  12.47 2
  79.52  12.60 2
  79.54  12.73 2
  79.55  12.94 2
  79.56  13.11 2
  79.56  13.26 2
  79.55  13.45 2
  79.53  13.39 2
  79.51  13.36 2
  79.48  13.21 2
  79.45  13.27 2
  79.41  13.24 2
  79.37  13.32 2
  79.42  13.43 2
  79.46  13.46 2
  79.40  13.66 2
  79.33  13.75 2
  79.27  13.88 2
  79.21  14.10 2
  79.20  14.23 2
  79.24  14.12 2
  79.29  14.03 2
  79.32  14.01 2
  79.39  13.94 2
  79.45  13.88 2
  79.49  13.88 2
  79.53  13.84 2
  79.57  13.90 2
  79.61  14.09 2
  79.64  14.10 2
  79.67  14.26 2
  79.72  14.31 2
  79.74  14.34 2
  79.78  14.45 2
  79.77  14.52 2
  79.76  14.64 2
  79.74  14.75 2
  78.88  10.51 3
  78.88  10.51 2
  78.87  10.62 2
  78.85  10.76 2
  78.83  10.86 2
  78.80  10.87 2
  78.76  10.99 2
  78.73  11.14 2
  78.70  11.16 2
  78.67  11.16 2
  78.62  11.20 2
  78.58  11.22 2
  78.57  11.29 2
  78.56  11.34 2
  78.52  11.30 2
  78.52  11.36 2
  78.51  11.43 2
  78.49  11.44 2
  78.45  11.63 2
  78.42  11.74 2
  78.42  11.84 2
  78.40  11.87 2
  78.39  11.86 2
  78.35  11.88 2
  78.31  11.94 2
  78.29  12.05 2
  78.27  12.09 2
  78.25  12.07 2
  78.22  12.10 2
  78.20  12.14 2
  78.20  12.03 2
  78.20  11.91 2
  78.22  11.86 2
  78.26  11.82 2
  78.29  11.80 2
  78.32  11.77 2
  78.34  11.65 2
  78.34  11.61 2
  78.37  11.59 2
  78.40  11.44 2
  78.41  11.41 2
  78.44  11.34 2
  78.43  11.26 2
  78.44  11.16 2
  78.46  11.08 2
  78.46  11.02 2
  78.53  10.89 2
  78.56  10.88 2
  78.62  10.83 2
  78.67  10.76 2
  78.72  10.67 2
  78.73  10.57 2
  78.76  10.50 2
  78.80  10.51 2
  78.85  10.51 2
  78.88  10.51 2
  78.61  21.39 3
  78.62  21.44 2
  78.61  21.45 2
  78.58  21.40 2
  78.57  21.31 2
  78.57  21.40 2
  78.57  21.62 2
  78.59  21.81 2
  78.59  21.92 2
  78.59  22.13 2
  78.57  22.14 2
  78.54  22.22 2
  78.50  22.34 2
  78.48  22.48 2
  78.46  22.39 2
  78.43  22.22 2
  78.40  22.19 2
  78.36  22.16 2
  78.32  22.13 2
  78.30  22.14 2
  78.26  22.09 2
  78.25  21.94 2
  78.25  21.79 2
  78.26  21.66 2
  78.23  21.55 2
  78.21  21.39 2
  78.21  21.19 2
  78.18  21.15 2
  78.19  21.04 2
  78.20  20.89 2
  78.23  20.79 2
  78.26  20.76 2
  78.29  20.66 2
  78.31  20.65 2
  78.35  20.62 2
  78.38  20.64 2
  78.42  20.64 2
  78.43  20.41 2
  78.45  20.32 2
  78.47  20.19 2
  78.48  20.27 2
  78.50  20.44 2
  78.51  20.68 2
  78.54  20.77 2
  78.52  20.89 2
  78.54  21.01 2
  78.58  21.06 2
  78.60  21.11 2
  78.61  21.28 2
  78.61  21.39 2
  78.28  22.89 3
  78.26  22.93 2
  78.25  22.93 2
  78.25  22.92 2
  78.24  22.92 2
  78.23  22.93 2
  78.22  22.98 2
  78.21  23.00 2
  78.19  23.02 2
  78.20  23.08 2
  78.21  23.13 2
  78.21  23.16 2
  78.21  23.16 2
  78.20  23.22 2
  78.19  23.23 2
  78.17  23.25 2
  78.16  23.32 2
  78.14  23.35 2
  78.14  23.35 2
  78.13  23.30 2
  78.12  23.29 2
  78.12  23.29 2
  78.08  23.29 2
  78.10  23.30 2
  78.08  23.31 2
  78.09  23.24 2
  78.09  23.13 2
  78.07  23.10 2
  78.05  23.08 2
  78.04  23.04 2
  78.02  23.04 2
  78.00  23.03 2
  77.98  23.09 2
  77.96  23.11 2
  77.95  23.16 2
  77.95  23.23 2
  77.92  23.27 2
  77.91  23.35 2
  77.89  23.38 2
  77.88  23.49 2
  77.85  23.57 2
  77.84  23.63 2
  77.84  23.72 2
  77.81  23.80 2
  77.82  23.92 2
  77.85  24.04 2
  77.85  24.10 2
  77.88  24.13 2
  77.89  24.20 2
  77.87  24.24 2
  77.85  24.32 2
  77.84  24.42 2
  77.82  24.47 2
  77.81  24.51 2
  77.80  24.52 2
  77.78  24.51 2
  77.78  24.53 2
  77.78  24.61 2
  77.76  24.64 2
  77.75  24.64 2
  77.75  24.69 2
  77.74  24.74 2
  77.74  24.82 2
  77.73  24.88 2
  77.72  24.91 2
  77.71  24.90 2
  77.70  24.83 2
  77.71  24.76 2
  77.71  24.71 2
  77.70  24.69 2
  77.70  24.64 2
  77.71  24.58 2
  77.69  24.49 2
  77.68  24.41 2
  77.67  24.31 2
  77.66  24.20 2
  77.66  24.15 2
  77.64  24.12 2
  77.62  24.12 2
  77.61  24.07 2
  77.60  24.02 2
  77.59  24.00 2
  77.58  23.94 2
  77.56  23.91 2
  77.55  23.86 2
  77.52  23.85 2
  77.51  23.86 2
  77.50  23.81 2
  77.49  23.77 2
  77.47  23.75 2
  77.46  23.72 2
  77.46  23.63 2
  77.45  23.59 2
  77.42  23.60 2
  77.42  23.60 2
  77.42  23.52 2
  77.40  23.46 2
  77.38  23.45 2
  77.38  23.40 2
  77.38  23.36 2
  77.38  23.35 2
  77.37  23.30 2
  77.36  23.27 2
  77.37  23.20 2
  77.39  23.19 2
  77.39  23.15 2
  77.39  23.13 2
  77.37  23.13 2
  77.36  23.05 2
  77.35  22.97 2
  77.33  22.92 2
  77.33  22.88 2
  77.31  22.84 2
  77.30  22.84 2
  77.29  22.87 2
  77.28  22.87 2
  77.27  22.79 2
  77.26  22.76 2
  77.25  22.69 2
  77.28  22.66 2
  77.28  22.66 2
  77.27  22.59 2
  77.26  22.58 2
  77.26  22.55 2
  77.26  22.50 2
  77.27  22.48 2
  77.29  22.44 2
  77.31  22.39 2
  77.33  22.46 2
  77.34  22.50 2
  77.36  22.59 2
  77.38  22.61 2
  77.41  22.58 2
  77.43  22.57 2
  77.45  22.61 2
  77.46  22.67 2
  77.47  22.72 2
  77.48  22.80 2
  77.50  22.80 2
  77.51  22.83 2
  77.54  22.87 2
  77.54  22.83 2
  77.54  22.72 2
  77.52  22.68 2
  77.49  22.66 2
  77.48  22.63 2
  77.50  22.59 2
  77.52  22.58 2
  77.53  22.60 2
  77.54  22.63 2
  77.55  22.61 2
  77.56  22.54 2
  77.56  22.45 2
  77.55  22.38 2
  77.53  22.29 2
  77.50  22.27 2
  77.49  22.26 2
  77.48  22.19 2
  77.49  22.14 2
  77.48  22.07 2
  77.46  22.05 2
  77.46  21.98 2
  77.47  21.88 2
  77.47  21.80 2
  77.47  21.71 2
  77.46  21.65 2
  77.46  21.56 2
  77.46  21.51 2
  77.46  21.42 2
  77.45  21.38 2
  77.43  21.31 2
  77.43  21.24 2
  77.44  21.19 2
  77.45  21.16 2
  77.44  21.11 2
  77.44  21.06 2
  77.43  20.99 2
  77.45  20.93 2
  77.46  20.85 2
  77.47  20.85 2
  77.50  20.87 2
  77.52  20.85 2
  77.53  20.84 2
  77.53  20.90 2
  77.55  20.94 2
  77.57  20.93 2
  77.57  20.95 2
  77.58  21.05 2
  77.59  21.15 2
  77.61  21.21 2
  77.63  21.23 2
  77.65  21.21 2
  77.66  21.23 2
  77.69  21.24 2
  77.71  21.23 2
  77.73  21.26 2
  77.75  21.33 2
  77.78  21.33 2
  77.79  21.37 2
  77.80  21.41 2
  77.83  21.48 2
  77.87  21.50 2
  77.89  21.53 2
  77.90  21.56 2
  77.91  21.55 2
  77.92  21.48 2
  77.93  21.39 2
  77.95  21.30 2
  77.95  21.20 2
  77.96  21.13 2
  77.99  21.15 2
  78.00  21.13 2
  78.00  21.06 2
  78.02  20.99 2
  78.04  20.96 2
  78.05  20.85 2
  78.05  20.84 2
  78.06  20.88 2
  78.07  20.88 2
  78.09  20.89 2
  78.11  20.99 2
  78.12  21.08 2
  78.13  21.16 2
  78.14  21.24 2
  78.16  21.37 2
  78.17  21.50 2
  78.18  21.64 2
  78.18  21.73 2
  78.19  21.77 2
  78.19  21.84 2
  78.18  21.97 2
  78.17  22.06 2
  78.18  22.13 2
  78.19  22.19 2
  78.19  22.30 2
  78.18  22.37 2
  78.19  22.45 2
  78.21  22.54 2
  78.21  22.55 2
  78.22  22.55 2
  78.22  22.58 2
  78.22  22.69 2
  78.22  22.72 2
  78.23  22.71 2
  78.23  22.76 2
  78.23  22.78 2
  78.24  22.81 2
  78.26  22.83 2
  78.28  22.86 2
  78.28  22.89 2
  80.21  33.46 3
  80.21  33.50 2
  80.21  33.50 2
  80.20  33.50 2
  80.18  33.54 2
  80.18  33.51 2
  80.18  33.42 2
  80.18  33.35 2
  80.17  33.31 2
  80.17  33.20 2
  80.15  33.12 2
  80.14  33.02 2
  80.13  32.95 2
  80.12  32.90 2
  80.12  32.82 2
  80.12  32.70 2
  80.11  32.59 2
  80.10  32.56 2
  80.09  32.43 2
  80.08  32.39 2
  80.07  32.35 2
  80.08  32.28 2
  80.07  32.26 2
  80.07  32.20 2
  80.08  32.10 2
  80.08  32.09 2
  80.08  32.09 2
  80.07  32.06 2
  80.07  32.04 2
  80.05  32.04 2
  80.05  32.01 2
  80.05  31.98 2
  80.04  31.96 2
  80.04  31.95 2
  80.04  31.88 2
  80.05  31.82 2
  80.03  31.70 2
  80.04  31.64 2
  80.04  31.61 2
  80.04  31.56 2
  80.03  31.50 2
  80.03  31.44 2
  80.05  31.44 2
  80.06  31.44 2
  80.06  31.44 2
  80.07  31.37 2
  80.07  31.32 2
  80.08  31.37 2
  80.08  31.45 2
  80.10  31.51 2
  80.09  31.56 2
  80.10  31.67 2
  80.11  31.74 2
  80.11  31.82 2
  80.11  31.93 2
  80.13  32.06 2
  80.13  32.10 2
  80.13  32.17 2
  80.14  32.26 2
  80.15  32.34 2
  80.16  32.37 2
  80.16  32.43 2
  80.16  32.47 2
  80.17  32.54 2
  80.17  32.64 2
  80.17  32.70 2
  80.17  32.76 2
  80.19  32.80 2
  80.19  32.81 2
  80.19  32.88 2
  80.20  32.95 2
  80.22  32.96 2
  80.22  32.98 2
  80.22  33.06 2
  80.22  33.11 2
  80.22  33.18 2
  80.22  33.24 2
  80.21  33.32 2
  80.22  33.42 2
  80.22  33.45 2
  80.21  33.46 2
  78.70  26.43 3
  78.70  26.46 2
  78.70  26.46 2
  78.69  26.46 2
  78.69  26.51 2
  78.66  26.54 2
  78.65  26.54 2
  78.65  26.59 2
  78.63  26.67 2
  78.63  26.74 2
  78.63  26.81 2
  78.64  26.87 2
  78.67  26.89 2
  78.68  26.94 2
  78.69  26.94 2
  78.69  26.88 2
  78.72  26.80 2
  78.73  26.77 2
  78.74  26.67 2
  78.76  26.64 2
  78.77  26.63 2
  78.77  26.62 2
  78.79  26.56 2
  78.81  26.48 2
  78.81  26.44 2
  78.80  26.42 2
  78.78  26.42 2
  78.78  26.40 2
  78.77  26.35 2
  78.76  26.36 2
  78.75  26.37 2
  78.73  26.40 2
  78.73  26.40 2
  78.72  26.41 2
  78.71  26.42 2
  78.70  26.43 2
  78.84  28.98 3
  78.84  29.01 2
  78.84  29.01 2
  78.84  29.02 2
  78.84  29.09 2
  78.83  29.13 2
  78.82  29.21 2
  78.82  29.27 2
  78.84  29.28 2
  78.85  29.31 2
  78.86  29.41 2
  78.86  29.44 2
  78.87  29.51 2
  78.87  29.55 2
  78.88  29.56 2
  78.89  29.55 2
  78.90  29.53 2
  78.90  29.48 2
  78.89  29.48 2
  78.89  29.47 2
  78.88  29.38 2
  78.88  29.31 2
  78.87  29.23 2
  78.88  29.16 2
  78.89  29.10 2
  78.89  29.03 2
  78.90  28.98 2
  78.90  28.96 2
  78.91  29.01 2
  78.92  29.02 2
  78.92  28.98 2
  78.93  28.88 2
  78.94  28.79 2
  78.93  28.69 2
  78.94  28.66 2
  78.95  28.62 2
  78.95  28.60 2
  78.95  28.56 2
  78.95  28.48 2
  78.94  28.45 2
  78.93  28.45 2
  78.92  28.46 2
  78.92  28.46 2
  78.92  28.46 2
  78.92  28.45 2
  78.91  28.39 2
  78.91  28.38 2
  78.89  28.34 2
  78.89  28.29 2
  78.90  28.24 2
  78.90  28.19 2
  78.90  28.15 2
  78.87  28.02 2
  78.87  28.01 2
  78.88  28.01 2
  78.87  28.01 2
  78.84  27.99 2
  78.84  27.98 2
  78.85  27.92 2
  78.86  27.85 2
  78.86  27.80 2
  78.85  27.80 2
  78.83  27.80 2
  78.82  27.81 2
  78.82  27.80 2
  78.81  27.80 2
  78.81  27.85 2
  78.81  27.93 2
  78.80  28.01 2
  78.81  28.04 2
  78.83  28.04 2
  78.83  28.10 2
  78.84  28.15 2
  78.85  28.18 2
  78.85  28.27 2
  78.86  28.34 2
  78.86  28.35 2
  78.87  28.36 2
  78.86  28.35 2
  78.87  28.35 2
  78.87  28.40 2
  78.86  28.48 2
  78.87  28.56 2
  78.88  28.55 2
  78.88  28.53 2
  78.89  28.56 2
  78.89  28.61 2
  78.88  28.71 2
  78.89  28.81 2
  78.88  28.85 2
  78.86  28.90 2
  78.85  28.94 2
  78.84  28.98 2
  74.45  18.88 3
  74.45  18.90 2
  74.45  18.90 2
  74.44  18.90 2
  74.42  18.91 2
  74.40  18.96 2
  74.40  19.03 2
  74.37  19.02 2
  74.35  18.97 2
  74.34  19.02 2
  74.34  19.07 2
  74.36  19.14 2
  74.37  19.20 2
  74.40  19.22 2
  74.42  19.22 2
  74.43  19.24 2
  74.46  19.27 2
  74.47  19.27 2
  74.48  19.23 2
  74.50  19.17 2
  74.52  19.09 2
  74.52  19.05 2
  74.50  19.04 2
  74.49  19.03 2
  74.49  18.96 2
  74.49  18.92 2
  74.48  18.87 2
  74.47  18.87 2
  74.45  18.88 2
  80.51  22.78 3
  80.51  22.77 2
  80.51  22.77 2
  80.50  22.81 2
  80.48  22.83 2
  80.47  22.91 2
  80.47  23.03 2
  80.47  23.11 2
  80.46  23.19 2
  80.45  23.22 2
  80.44  23.23 2
  80.42  23.21 2
  80.41  23.21 2
  80.39  23.19 2
  80.39  23.09 2
  80.38  23.08 2
  80.37  23.12 2
  80.35  23.14 2
  80.34  23.16 2
  80.33  23.21 2
  80.32  23.24 2
  80.31  23.21 2
  80.29  23.19 2
  80.27  23.17 2
  80.26  23.16 2
  80.24  23.10 2
  80.23  23.04 2
  80.22  23.03 2
  80.20  23.03 2
  80.19  23.01 2
  80.17  22.97 2
  80.16  22.95 2
  80.15  22.93 2
  80.14  22.92 2
  80.13  22.94 2
  80.11  22.98 2
  80.10  23.02 2
  80.10  23.06 2
  80.10  23.08 2
  80.10  23.08 2
  80.11  23.11 2
  80.12  23.15 2
  80.13  23.15 2
  80.14  23.15 2
  80.14  23.19 2
  80.14  23.24 2
  80.16  23.25 2
  80.17  23.26 2
  80.16  23.29 2
  80.15  23.29 2
  80.13  23.30 2
  80.13  23.32 2
  80.13  23.36 2
  80.16  23.38 2
  80.18  23.38 2
  80.18  23.41 2
  80.16  23.44 2
  80.14  23.47 2
  80.13  23.48 2
  80.13  23.48 2
  80.11  23.47 2
  80.10  23.51 2
  80.10  23.56 2
  80.12  23.60 2
  80.12  23.59 2
  80.13  23.58 2
  80.13  23.65 2
  80.13  23.70 2
  80.14  23.73 2
  80.15  23.72 2
  80.16  23.68 2
  80.17  23.66 2
  80.17  23.70 2
  80.17  23.76 2
  80.18  23.81 2
  80.19  23.81 2
  80.20  23.77 2
  80.22  23.73 2
  80.23  23.73 2
  80.23  23.77 2
  80.23  23.83 2
  80.23  23.86 2
  80.24  23.85 2
  80.25  23.78 2
  80.26  23.74 2
  80.27  23.74 2
  80.27  23.78 2
  80.26  23.83 2
  80.25  23.88 2
  80.24  23.96 2
  80.24  24.02 2
  80.25  24.04 2
  80.26  24.04 2
  80.27  23.99 2
  80.28  23.98 2
  80.28  24.00 2
  80.26  24.07 2
  80.25  24.12 2
  80.24  24.19 2
  80.24  24.21 2
  80.26  24.21 2
  80.27  24.16 2
  80.28  24.12 2
  80.29  24.13 2
  80.28  24.18 2
  80.27  24.22 2
  80.26  24.30 2
  80.26  24.38 2
  80.24  24.42 2
  80.24  24.48 2
  80.25  24.53 2
  80.25  24.58 2
  80.26  24.60 2
  80.27  24.65 2
  80.26  24.70 2
  80.27  24.73 2
  80.29  24.77 2
  80.32  24.81 2
  80.33  24.82 2
  80.33  24.82 2
  80.33  24.84 2
  80.34  24.88 2
  80.32  24.90 2
  80.30  24.90 2
  80.29  24.88 2
  80.27  24.86 2
  80.26  24.86 2
  80.24  24.86 2
  80.23  24.86 2
  80.22  24.78 2
  80.21  24.73 2
  80.20  24.66 2
  80.19  24.62 2
  80.18  24.62 2
  80.16  24.62 2
  80.15  24.60 2
  80.14  24.55 2
  80.13  24.53 2
  80.11  24.49 2
  80.12  24.49 2
  80.13  24.53 2
  80.14  24.61 2
  80.15  24.70 2
  80.17  24.73 2
  80.19  24.76 2
  80.20  24.80 2
  80.20  24.84 2
  80.21  24.91 2
  80.20  24.93 2
  80.20  24.95 2
  80.19  25.02 2
  80.20  25.07 2
  80.22  25.09 2
  80.23  25.12 2
  80.24  25.17 2
  80.24  25.29 2
  80.24  25.36 2
  80.24  25.39 2
  80.23  25.37 2
  80.23  25.30 2
  80.22  25.25 2
  80.21  25.23 2
  80.20  25.26 2
  80.20  25.31 2
  80.19  25.35 2
  80.17  25.36 2
  80.17  25.42 2
  80.18  25.45 2
  80.20  25.45 2
  80.21  25.46 2
  80.20  25.51 2
  80.19  25.53 2
  80.17  25.55 2
  80.16  25.57 2
  80.17  25.61 2
  80.18  25.67 2
  80.20  25.70 2
  80.19  25.73 2
  80.18  25.77 2
  80.18  25.79 2
  80.18  25.80 2
  80.17  25.82 2
  80.17  25.81 2
  80.17  25.81 2
  80.15  25.81 2
  80.14  25.79 2
  80.14  25.79 2
  80.14  25.85 2
  80.14  25.90 2
  80.15  25.93 2
  80.16  25.98 2
  80.16  26.02 2
  80.15  26.03 2
  80.15  26.17 2
  80.15  26.27 2
  80.15  26.36 2
  80.15  26.46 2
  80.15  26.54 2
  80.14  26.60 2
  80.13  26.65 2
  80.13  26.67 2
  80.14  26.74 2
  80.13  26.80 2
  80.12  26.85 2
  80.10  26.83 2
  80.10  26.83 2
  80.09  26.88 2
  80.07  26.91 2
  80.07  26.96 2
  80.06  26.96 2
  80.05  26.96 2
  80.06  26.98 2
  80.06  27.05 2
  80.06  27.11 2
  80.05  27.12 2
  80.05  27.13 2
  80.04  27.13 2
  80.02  27.12 2
  80.01  27.11 2
  79.99  27.10 2
  79.97  27.12 2
  79.94  27.03 2
  79.92  27.05 2
  79.91  27.02 2
  79.91  27.07 2
  79.90  27.13 2
  79.89  27.18 2
  79.86  27.17 2
  79.84  27.12 2
  79.82  27.09 2
  79.82  27.03 2
  79.82  26.96 2
  79.82  26.85 2
  79.81  26.77 2
  79.79  26.75 2
  79.78  26.69 2
  79.75  26.58 2
  79.73  26.58 2
  79.72  26.62 2
  79.72  26.58 2
  79.72  26.51 2
  79.70  26.46 2
  79.68  26.44 2
  79.67  26.38 2
  79.69  26.36 2
  79.68  26.32 2
  79.67  26.30 2
  79.66  26.25 2
  79.64  26.22 2
  79.64  26.16 2
  79.66  26.11 2
  79.65  26.05 2
  79.63  26.03 2
  79.63  25.99 2
  79.63  25.95 2
  79.61  25.87 2
  79.60  25.82 2
  79.57  25.82 2
  79.54  25.83 2
  79.54  25.92 2
  79.52  25.94 2
  79.51  25.90 2
  79.50  25.91 2
  79.49  25.90 2
  79.48  25.89 2
  79.47  25.88 2
  79.47  25.81 2
  79.47  25.78 2
  79.46  25.74 2
  79.45  25.76 2
  79.43  25.78 2
  79.41  25.74 2
  79.41  25.69 2
  79.39  25.70 2
  79.39  25.70 2
  79.38  25.66 2
  79.38  25.59 2
  79.37  25.52 2
  79.35  25.44 2
  79.34  25.40 2
  79.33  25.37 2
  79.33  25.34 2
  79.32  25.29 2
  79.32  25.24 2
  79.33  25.20 2
  79.33  25.16 2
  79.32  25.14 2
  79.31  25.12 2
  79.31  25.06 2
  79.32  25.02 2
  79.33  25.02 2
  79.33  24.96 2
  79.35  24.90 2
  79.35  24.86 2
  79.35  24.84 2
  79.35  24.82 2
  79.34  24.78 2
  79.32  24.70 2
  79.31  24.62 2
  79.30  24.53 2
  79.29  24.43 2
  79.29  24.37 2
  79.29  24.29 2
  79.28  24.23 2
  79.26  24.23 2
  79.25  24.23 2
  79.25  24.22 2
  79.23  24.21 2
  79.21  24.16 2
  79.19  24.13 2
  79.17  24.09 2
  79.17  24.05 2
  79.17  24.02 2
  79.18  23.99 2
  79.17  23.95 2
  79.16  23.94 2
  79.16  23.90 2
  79.15  23.83 2
  79.15  23.75 2
  79.15  23.69 2
  79.15  23.68 2
  79.16  23.68 2
  79.15  23.63 2
  79.15  23.59 2
  79.15  23.55 2
  79.15  23.45 2
  79.15  23.38 2
  79.15  23.37 2
  79.16  23.38 2
  79.15  23.36 2
  79.14  23.31 2
  79.15  23.24 2
  79.15  23.23 2
  79.16  23.23 2
  79.17  23.22 2
  79.17  23.16 2
  79.16  23.10 2
  79.16  23.02 2
  79.18  22.93 2
  79.19  22.91 2
  79.20  22.94 2
  79.20  22.95 2
  79.20  22.89 2
  79.21  22.83 2
  79.23  22.80 2
  79.24  22.82 2
  79.25  22.83 2
  79.24  22.81 2
  79.24  22.78 2
  79.25  22.70 2
  79.26  22.67 2
  79.27  22.65 2
  79.30  22.61 2
  79.32  22.60 2
  79.33  22.63 2
  79.35  22.69 2
  79.37  22.70 2
  79.39  22.71 2
  79.39  22.68 2
  79.37  22.65 2
  79.37  22.59 2
  79.36  22.55 2
  79.37  22.49 2
  79.37  22.40 2
  79.37  22.30 2
  79.38  22.23 2
  79.39  22.16 2
  79.39  22.12 2
  79.39  22.08 2
  79.38  22.06 2
  79.37  21.98 2
  79.36  21.92 2
  79.35  21.86 2
  79.36  21.77 2
  79.37  21.73 2
  79.38  21.70 2
  79.37  21.62 2
  79.38  21.56 2
  79.38  21.54 2
  79.39  21.54 2
  79.40  21.55 2
  79.40  21.53 2
  79.40  21.48 2
  79.39  21.45 2
  79.37  21.47 2
  79.36  21.44 2
  79.38  21.38 2
  79.39  21.33 2
  79.38  21.30 2
  79.37  21.26 2
  79.37  21.19 2
  79.37  21.12 2
  79.37  21.09 2
  79.35  21.09 2
  79.35  21.07 2
  79.35  21.02 2
  79.34  20.99 2
  79.34  20.93 2
  79.34  20.88 2
  79.34  20.83 2
  79.36  20.78 2
  79.37  20.73 2
  79.38  20.73 2
  79.40  20.74 2
  79.42  20.72 2
  79.43  20.68 2
  79.44  20.65 2
  79.43  20.59 2
  79.43  20.51 2
  79.43  20.43 2
  79.43  20.34 2
  79.43  20.32 2
  79.44  20.23 2
  79.45  20.16 2
  79.47  20.12 2
  79.49  20.09 2
  79.49  19.99 2
  79.50  19.91 2
  79.52  19.89 2
  79.53  19.86 2
  79.54  19.80 2
  79.55  19.73 2
  79.58  19.69 2
  79.58  19.69 2
  79.59  19.70 2
  79.60  19.78 2
  79.59  19.86 2
  79.61  19.92 2
  79.61  19.93 2
  79.61  20.04 2
  79.60  20.13 2
  79.60  20.19 2
  79.58  20.19 2
  79.58  20.27 2
  79.55  20.32 2
  79.56  20.44 2
  79.56  20.58 2
  79.55  20.68 2
  79.56  20.77 2
  79.56  20.85 2
  79.55  20.89 2
  79.54  20.93 2
  79.54  21.02 2
  79.55  21.09 2
  79.55  21.07 2
  79.57  21.02 2
  79.58  21.04 2
  79.59  21.01 2
  79.58  20.93 2
  79.59  20.81 2
  79.60  20.80 2
  79.60  20.76 2
  79.60  20.68 2
  79.61  20.59 2
  79.62  20.55 2
  79.63  20.61 2
  79.64  20.63 2
  79.64  20.62 2
  79.66  20.57 2
  79.66  20.62 2
  79.68  20.67 2
  79.68  20.76 2
  79.68  20.87 2
  79.66  20.87 2
  79.66  20.94 2
  79.68  20.97 2
  79.68  21.01 2
  79.68  21.11 2
  79.69  21.17 2
  79.69  21.26 2
  79.69  21.31 2
  79.68  21.31 2
  79.68  21.34 2
  79.68  21.51 2
  79.67  21.63 2
  79.68  21.75 2
  79.68  21.81 2
  79.69  21.83 2
  79.70  21.81 2
  79.71  21.82 2
  79.71  21.88 2
  79.71  21.92 2
  79.71  21.94 2
  79.72  21.97 2
  79.74  21.97 2
  79.75  21.99 2
  79.76  21.96 2
  79.75  21.84 2
  79.76  21.80 2
  79.77  21.83 2
  79.77  21.92 2
  79.79  21.93 2
  79.81  21.93 2
  79.80  21.88 2
  79.79  21.84 2
  79.79  21.77 2
  79.80  21.72 2
  79.80  21.64 2
  79.78  21.61 2
  79.78  21.55 2
  79.78  21.44 2
  79.78  21.33 2
  79.77  21.30 2
  79.77  21.21 2
  79.78  21.11 2
  79.77  21.00 2
  79.77  20.87 2
  79.78  20.84 2
  79.78  20.81 2
  79.78  20.78 2
  79.76  20.74 2
  79.77  20.59 2
  79.77  20.46 2
  79.76  20.37 2
  79.76  20.36 2
  79.75  20.35 2
  79.75  20.24 2
  79.75  20.15 2
  79.75  20.13 2
  79.75  20.11 2
  79.72  20.02 2
  79.72  19.93 2
  79.72  19.83 2
  79.73  19.75 2
  79.73  19.71 2
  79.71  19.71 2
  79.71  19.67 2
  79.70  19.57 2
  79.68  19.51 2
  79.69  19.44 2
  79.71  19.44 2
  79.72  19.36 2
  79.71  19.30 2
  79.72  19.24 2
  79.71  19.17 2
  79.71  19.13 2
  79.71  19.07 2
  79.71  19.00 2
  79.72  18.94 2
  79.71  18.87 2
  79.71  18.85 2
  79.71  18.81 2
  79.71  18.80 2
  79.72  18.76 2
  79.73  18.68 2
  79.74  18.71 2
  79.75  18.74 2
  79.76  18.68 2
  79.77  18.65 2
  79.78  18.66 2
  79.78  18.62 2
  79.77  18.55 2
  79.75  18.53 2
  79.77  18.49 2
  79.78  18.42 2
  79.79  18.42 2
  79.80  18.42 2
  79.81  18.37 2
  79.83  18.30 2
  79.83  18.31 2
  79.85  18.31 2
  79.87  18.31 2
  79.87  18.28 2
  79.87  18.18 2
  79.89  18.16 2
  79.89  18.19 2
  79.91  18.28 2
  79.93  18.38 2
  79.93  18.45 2
  79.93  18.55 2
  79.94  18.56 2
  79.95  18.50 2
  79.96  18.48 2
  79.97  18.51 2
  79.96  18.56 2
  79.95  18.70 2
  79.96  18.73 2
  79.98  18.71 2
  79.99  18.73 2
  80.00  18.81 2
  80.02  18.86 2
  80.03  18.87 2
  80.03  18.82 2
  80.02  18.72 2
  80.01  18.64 2
  80.01  18.55 2
  80.01  18.50 2
  80.03  18.49 2
  80.03  18.45 2
  80.03  18.42 2
  80.03  18.39 2
  80.02  18.38 2
  80.02  18.34 2
  80.02  18.31 2
  80.02  18.28 2
  80.02  18.20 2
  80.05  18.16 2
  80.05  18.09 2
  80.07  18.06 2
  80.07  18.08 2
  80.08  18.13 2
  80.09  18.13 2
  80.10  18.06 2
  80.12  18.04 2
  80.13  18.01 2
  80.14  17.95 2
  80.13  17.90 2
  80.14  17.85 2
  80.14  17.80 2
  80.14  17.78 2
  80.14  17.76 2
  80.13  17.65 2
  80.13  17.54 2
  80.14  17.54 2
  80.16  17.62 2
  80.19  17.75 2
  80.19  17.83 2
  80.18  17.91 2
  80.18  18.04 2
  80.18  18.09 2
  80.17  18.10 2
  80.16  18.11 2
  80.16  18.20 2
  80.17  18.31 2
  80.16  18.41 2
  80.17  18.48 2
  80.14  18.55 2
  80.14  18.65 2
  80.17  18.70 2
  80.19  18.72 2
  80.18  18.79 2
  80.17  18.85 2
  80.16  18.91 2
  80.14  18.91 2
  80.12  18.91 2
  80.12  18.98 2
  80.11  19.08 2
  80.09  19.09 2
  80.07  19.16 2
  80.05  19.16 2
  80.02  19.27 2
  80.00  19.36 2
  80.01  19.43 2
  80.03  19.43 2
  80.05  19.40 2
  80.07  19.40 2
  80.09  19.36 2
  80.08  19.38 2
  80.07  19.45 2
  80.08  19.50 2
  80.10  19.46 2
  80.11  19.45 2
  80.11  19.43 2
  80.13  19.38 2
  80.13  19.41 2
  80.13  19.49 2
  80.12  19.56 2
  80.12  19.60 2
  80.14  19.60 2
  80.15  19.56 2
  80.16  19.50 2
  80.16  19.40 2
  80.16  19.33 2
  80.18  19.28 2
  80.17  19.17 2
  80.20  19.13 2
  80.20  19.12 2
  80.22  19.06 2
  80.23  19.04 2
  80.24  19.04 2
  80.25  19.09 2
  80.27  19.09 2
  80.28  19.09 2
  80.30  19.08 2
  80.31  19.08 2
  80.34  19.07 2
  80.35  19.07 2
  80.33  19.12 2
  80.32  19.18 2
  80.29  19.25 2
  80.28  19.34 2
  80.25  19.38 2
  80.22  19.41 2
  80.21  19.48 2
  80.21  19.52 2
  80.21  19.57 2
  80.21  19.66 2
  80.19  19.72 2
  80.17  19.78 2
  80.18  19.82 2
  80.19  19.83 2
  80.20  19.86 2
  80.20  19.86 2
  80.21  19.86 2
  80.22  19.82 2
  80.22  19.82 2
  80.23  19.76 2
  80.25  19.73 2
  80.25  19.73 2
  80.26  19.80 2
  80.28  19.80 2
  80.30  19.82 2
  80.31  19.80 2
  80.33  19.77 2
  80.33  19.82 2
  80.33  19.84 2
  80.33  19.84 2
  80.33  19.79 2
  80.33  19.75 2
  80.34  19.73 2
  80.35  19.76 2
  80.36  19.84 2
  80.37  19.88 2
  80.38  19.87 2
  80.38  19.78 2
  80.37  19.72 2
  80.39  19.71 2
  80.40  19.71 2
  80.40  19.68 2
  80.38  19.63 2
  80.37  19.61 2
  80.37  19.58 2
  80.38  19.57 2
  80.39  19.55 2
  80.39  19.50 2
  80.39  19.49 2
  80.41  19.44 2
  80.42  19.44 2
  80.45  19.49 2
  80.47  19.51 2
  80.48  19.56 2
  80.45  19.60 2
  80.44  19.67 2
  80.46  19.68 2
  80.49  19.67 2
  80.50  19.67 2
  80.52  19.70 2
  80.51  19.75 2
  80.49  19.76 2
  80.46  19.80 2
  80.47  19.95 2
  80.45  19.99 2
  80.42  19.94 2
  80.40  19.95 2
  80.39  20.03 2
  80.41  20.13 2
  80.42  20.22 2
  80.41  20.31 2
  80.39  20.31 2
  80.37  20.32 2
  80.36  20.36 2
  80.35  20.44 2
  80.33  20.45 2
  80.32  20.43 2
  80.30  20.44 2
  80.28  20.46 2
  80.27  20.56 2
  80.28  20.65 2
  80.29  20.74 2
  80.27  20.75 2
  80.25  20.74 2
  80.24  20.74 2
  80.23  20.78 2
  80.22  20.78 2
  80.21  20.78 2
  80.21  20.78 2
  80.21  20.78 2
  80.20  20.85 2
  80.20  20.96 2
  80.20  21.06 2
  80.20  21.11 2
  80.21  21.22 2
  80.22  21.24 2
  80.23  21.29 2
  80.22  21.31 2
  80.21  21.38 2
  80.23  21.45 2
  80.24  21.50 2
  80.23  21.58 2
  80.21  21.64 2
  80.21  21.75 2
  80.23  21.76 2
  80.25  21.76 2
  80.26  21.79 2
  80.27  21.86 2
  80.25  21.91 2
  80.22  21.90 2
  80.20  21.92 2
  80.20  21.92 2
  80.17  21.84 2
  80.15  21.74 2
  80.13  21.71 2
  80.10  21.54 2
  80.10  21.59 2
  80.12  21.69 2
  80.13  21.80 2
  80.13  21.84 2
  80.11  21.91 2
  80.08  22.01 2
  80.04  22.04 2
  80.01  22.13 2
  79.99  22.18 2
  79.97  22.29 2
  79.98  22.33 2
  79.99  22.35 2
  79.99  22.44 2
  80.01  22.45 2
  80.03  22.37 2
  80.04  22.33 2
  80.04  22.40 2
  80.06  22.42 2
  80.07  22.38 2
  80.09  22.37 2
  80.12  22.35 2
  80.15  22.36 2
  80.20  22.38 2
  80.22  22.40 2
  80.25  22.42 2
  80.26  22.42 2
  80.28  22.45 2
  80.29  22.45 2
  80.31  22.45 2
  80.32  22.41 2
  80.32  22.33 2
  80.34  22.33 2
  80.36  22.35 2
  80.38  22.38 2
  80.40  22.38 2
  80.40  22.38 2
  80.40  22.44 2
  80.41  22.50 2
  80.41  22.54 2
  80.37  22.55 2
  80.35  22.61 2
  80.32  22.63 2
  80.33  22.71 2
  80.33  22.79 2
  80.35  22.79 2
  80.36  22.80 2
  80.36  22.78 2
  80.40  22.79 2
  80.42  22.82 2
  80.43  22.81 2
  80.46  22.79 2
  80.48  22.79 2
  80.49  22.77 2
  80.50  22.77 2
  80.51  22.76 2
  80.51  22.77 2
  80.51  22.78 2
  99.00   0.00 3
 91X 503 306 200  60   0 BA 100 5
  82.30  70.10  3
  82.34  69.52  2
  82.37  69.20  2
  82.41  68.85  2
  82.51  68.53  2
  82.58  68.30  2
  82.71  68.03  2
  82.80  67.74  2
  82.92  66.89  2
  83.01  65.96  2
  83.09  64.18  2
  83.12  63.07  2
  83.13  61.92  2
  83.12  60.65  2
  83.06  59.34  2
  83.00  58.33  2
  82.94  57.55  2
  82.87  56.72  2
  82.80  55.97  2
  82.73  54.88  2
  82.66  53.91  2
  82.61  53.26  2
  82.54  51.92  2
  82.53  50.99  2
  82.50  49.81  2
  82.47  48.33  2
  82.45  47.65  2
  82.45  47.34  3
  82.41  47.27  2
  82.45  46.92  3
  82.43  46.78  2
  82.40  46.75  2
  82.39  46.85  2
  82.40  46.97  2
  82.42  47.00  2
  82.44  46.92  2
  82.42  46.59  3
  82.41  46.50  2
  82.38  46.42  2
  82.38  46.60  2
  82.39  46.67  2
  82.41  46.68  2
  82.43  46.66  2
  82.43  46.62  2
  82.41  46.22  3
  82.40  46.15  2
  82.37  46.06  2
  82.38  46.26  2
  82.40  46.31  2
  82.41  46.29  2
  82.42  46.22  2
  82.39  45.67  3
  82.37  45.12  2
  82.34  44.44  2
  82.32  43.79  2
  82.26  42.97  2
  82.21  42.29  2
  82.16  41.64  2
  82.13  41.16  2
  82.12  40.82  2
  82.15  40.32  2
  82.20  40.07  2
  82.22  39.81  2
  82.17  39.15  2
  82.11  38.49  2
  82.04  37.87  2
  81.93  37.22  2
  81.87  36.91  2
  81.80  36.36  2
  81.78  35.72  2
  81.77  34.53  2
  81.74  33.30  2
  81.70  32.47  2
  81.63  31.27  2
  81.57  30.47  2
  81.51  29.54  2
  81.47  28.75  2
  81.47  28.10  2
  81.51  27.32  2
  81.57  26.59  2
  81.57  25.95  2
  81.57  24.90  2
  81.57  24.34  2
  81.63  23.77  2
  81.66  22.93  2
  81.62  22.16  2
  81.51  21.03  2
  81.45  19.92  2
  81.51  19.42  2
  81.57  18.46  2
  81.47  18.04  2
  81.37  17.76  2
  81.27  17.43  2
  81.18  17.15  2
  81.06  16.97  2
  80.92  16.78  2
  80.83  16.59  2
  80.75  16.12  2
  80.73  15.50  2
  80.77  14.96  2
  80.78  14.35  2
  80.75  13.79  2
  80.68  13.18  2
  80.62  12.71  2
  80.56  12.20  2
  80.55  12.12  2
  79.35   7.62  3
  79.30   7.75  2
  79.24   7.88  2
  79.17   7.95  2
  79.09   7.97  2
  79.01   7.97  2
  78.89   7.93  2
  78.80   7.95  2
  78.69   8.04  2
  78.60   8.25  2
  78.55   8.58  2
  78.49   8.88  2
  78.44   8.97  2
  78.34   9.12  2
  78.24   9.14  2
  78.07   9.19  2
  77.99   9.27  2
  77.93   9.34  2
  77.87   9.46  2
  77.79   9.70  2
  77.74   9.94  2
  77.66  10.27  2
  77.57  10.47  2
  77.49  10.64  2
  77.41  10.80  2
  77.33  10.93  2
  77.22  11.10  2
  77.14  11.24  2
  77.05  11.41  2
  77.04  11.51  2
  77.00  11.66  2
  76.94  11.98  2
  76.92  12.17  2
  76.87  12.31  2
  76.81  12.44  2
  76.77  12.65  2
  76.69  12.89  2
  76.62  13.15  2
  76.58  13.32  2
  76.49  13.52  2
  76.39  13.65  2
  76.23  13.73  2
  76.10  13.72  2
  76.00  13.77  2
  75.93  13.77  2
  75.74  13.81  2
  75.63  13.77  2
  75.54  13.81  2
  75.46  13.89  2
  75.36  14.10  2
  75.29  14.30  2
  75.22  14.51  2
  75.16  14.67  2
  75.14  14.87  2
  75.04  15.08  2
  74.97  15.18  2
  74.89  15.25  2
  74.79  15.31  2
  74.71  15.42  2
  74.62  15.70  2
  74.56  15.85  2
  74.49  15.99  2
  74.42  16.04  2
  74.34  16.04  2
  74.19  15.86  3
  74.11  15.75  2
  74.01  15.58  3
  73.96  15.50  2
  73.90  15.43  3
  73.84  15.27  2
  73.78  15.11  3
  73.70  14.97  2
  73.61  14.72  2
  73.56  14.66  3
  73.51  14.51  2
  73.44  14.46  3
  73.33  14.26  2
  73.25  14.26  3
  73.19  14.26  2
  73.10  14.27  3
  73.00  14.21  2
  72.91  14.25  3
  72.81  14.21  2
  72.72  14.23  3
  72.63  14.24  2
  72.53  14.29  3
  72.42  14.37  2
  72.35  14.49  3
  72.33  14.58  2
  72.28  14.85  3
  72.27  14.93  2
  72.26  15.11  3
  72.24  15.20  2
  72.22  15.32  3
  72.15  15.34  3
  72.12  15.23  2
  72.11  15.38  3
  72.05  15.43  3
  72.05  15.41  2
  72.01  15.50  3
  71.97  15.39  2
  71.86  15.20  2
  71.78  15.26  2
  71.69  15.49  3
  71.61  15.73  2
  71.57  15.92  3
  71.53  16.04  2
  71.48  16.19  3
  71.42  16.22  2
  71.37  16.24  3
  71.29  16.27  2
  71.29  16.27  3
  99.00   0.00  3
 91X 503 306 125  60   0 BA 200 6
  82.88  70.06  3
  82.89  69.62  2
  82.94  68.96  2
  83.02  68.30  2
  83.10  67.47  2
  83.16  66.70  2
  83.24  65.41  2
  83.27  64.26  2
  83.28  63.07  2
  83.28  61.93  2
  83.25  60.85  2
  83.22  59.94  2
  83.17  59.07  2
  83.09  57.94  2
  83.04  57.28  2
  82.94  55.90  2
  82.88  55.03  2
  82.81  54.02  2
  82.76  52.96  2
  82.70  51.67  2
  82.65  50.72  2
  82.61  49.79  2
  82.58  49.11  2
  82.55  48.42  2
  82.50  47.38  2
  82.47  46.47  2
  82.47  46.19  2
  82.43  45.15  2
  82.40  44.19  2
  82.37  43.20  2
  82.34  42.16  2
  82.33  41.67  2
  82.35  41.14  2
  82.40  40.77  2
  82.41  40.24  2
  82.37  39.03  2
  82.31  38.19  2
  82.24  36.99  2
  82.15  36.06  2
  82.08  35.31  2
  82.01  34.36  2
  81.92  33.41  2
  81.86  32.70  2
  81.78  31.81  2
  81.71  31.26  2
  81.65  30.72  2
  81.61  30.15  2
  81.62  29.57  2
  81.64  29.03  2
  81.64  28.26  2
  81.67  27.42  2
  81.68  26.98  2
  81.71  26.37  2
  81.75  25.45  2
  81.79  24.53  2
  81.80  24.23  2
  81.75  23.43  2
  81.72  22.64  2
  81.69  21.77  2
  81.64  20.97  2
  81.64  20.28  2
  81.66  19.63  2
  81.68  18.66  2
  81.72  18.36  2
  81.72  17.80  2
  81.65  17.48  2
  81.54  17.38  2
  81.43  17.18  2
  81.30  16.97  2
  81.20  16.64  2
  81.13  16.39  2
  81.04  16.24  2
  80.92  15.74  2
  80.88  15.26  2
  80.93  15.10  2
  81.00  14.95  2
  81.01  14.46  2
  80.99  13.67  2
  80.96  12.76  2
  80.93  12.19  2
  80.93  11.76  2
  78.92   6.15  3
  78.79   6.42  2
  78.72   6.53  2
  78.62   6.82  2
  78.54   7.20  2
  78.49   7.61  2
  78.42   7.95  2
  78.27   8.14  2
  78.17   8.18  2
  78.06   8.21  2
  77.98   8.23  2
  77.91   8.26  2
  77.78   8.41  2
  77.70   8.61  2
  77.60   8.84  2
  77.54   9.02  2
  77.47   9.29  2
  77.36   9.44  2
  77.25   9.55  2
  77.16   9.71  2
  77.04   9.98  2
  76.95  10.19  2
  76.84  10.43  2
  76.72  10.72  2
  76.63  10.99  2
  76.51  11.30  2
  76.38  11.51  2
  76.23  11.61  2
  76.11  11.74  2
  75.97  11.85  2
  75.86  11.96  2
  75.72  12.13  2
  75.60  12.29  2
  75.43  12.39  2
  75.27  12.48  2
  75.16  12.65  2
  75.02  13.00  2
  74.94  13.35  2
  74.85  13.69  2
  74.76  14.03  2
  74.65  14.26  2
  74.58  14.41  2
  74.47  14.47  2
  74.48  14.47  3
  99.00   0.00  3
