 999 117 110  200   0.00   0.00 AN 1y    1                           
  23.5030 -108.4060  3
  23.5530 -108.3560  3
  23.5030 -108.4060  2
  23.4530 -108.4560  2
  23.4530 -108.3560  3
  23.5030 -108.4060  2
  23.5530 -108.4560  2
  23.4360 -108.4530  3
  23.4860 -108.4030  3
  23.4360 -108.4530  2
  23.3860 -108.5030  2
  23.3860 -108.4030  3
  23.4360 -108.4530  2
  23.4860 -108.5030  2
  22.5930 -108.2590  3
  22.6430 -108.2090  3
  22.5930 -108.2590  2
  22.5430 -108.3090  2
  22.5430 -108.2090  3
  22.5930 -108.2590  2
  22.6430 -108.3090  2
  22.5050 -108.3190  3
  22.5550 -108.2690  3
  22.5050 -108.3190  2
  22.4550 -108.3690  2
  22.4550 -108.2690  3
  22.5050 -108.3190  2
  22.5550 -108.3690  2
  22.3850 -108.3990  3
  22.4350 -108.3490  3
  22.3850 -108.3990  2
  22.3350 -108.4490  2
  22.3350 -108.3490  3
  22.3850 -108.3990  2
  22.4350 -108.4490  2
  99.0000    0.0000  3
 999 122 110  200   0.78   0.00 AN 1o    2                           
  23.4090 -108.2660  3
  23.4590 -108.2160  3
  23.4090 -108.2660  2
  23.3590 -108.3160  2
  23.3590 -108.2160  3
  23.4090 -108.2660  2
  23.4590 -108.3160  2
  23.3430 -108.3220  3
  23.3930 -108.2720  3
  23.3430 -108.3220  2
  23.2930 -108.3720  2
  23.2930 -108.2720  3
  23.3430 -108.3220  2
  23.3930 -108.3720  2
  22.7100 -107.9700  3
  22.7600 -107.9200  3
  22.7100 -107.9700  2
  22.6600 -108.0200  2
  22.6600 -107.9200  3
  22.7100 -107.9700  2
  22.7600 -108.0200  2
  22.4940 -108.0930  3
  22.5440 -108.0430  3
  22.4940 -108.0930  2
  22.4440 -108.1430  2
  22.4440 -108.0430  3
  22.4940 -108.0930  2
  22.5440 -108.1430  2
  22.4330 -108.1200  3
  22.4830 -108.0700  3
  22.4330 -108.1200  2
  22.3830 -108.1700  2
  22.3830 -108.0700  3
  22.4330 -108.1200  2
  22.4830 -108.1700  2
  22.2960 -108.1990  3
  22.3460 -108.1490  3
  22.2960 -108.1990  2
  22.2460 -108.2490  2
  22.2460 -108.1490  3
  22.2960 -108.1990  2
  22.3460 -108.2490  2
  22.0680 -108.3330  3
  22.1180 -108.2830  3
  22.0680 -108.3330  2
  22.0180 -108.3830  2
  22.0180 -108.2830  3
  22.0680 -108.3330  2
  22.1180 -108.3830  2
  23.5950 -108.5760  3
  23.6450 -108.5260  3
  23.5950 -108.5760  2
  23.5450 -108.6260  2
  23.5450 -108.5260  3
  23.5950 -108.5760  2
  23.6450 -108.6260  2
  21.8370 -108.3850  3
  21.8870 -108.3350  3
  21.8370 -108.3850  2
  21.7870 -108.4350  2
  21.7870 -108.3350  3
  21.8370 -108.3850  2
  21.8870 -108.4350  2
  21.5360 -108.5580  3
  21.5860 -108.5080  3
  21.5360 -108.5580  2
  21.4860 -108.6080  2
  21.4860 -108.5080  3
  21.5360 -108.5580  2
  21.5860 -108.6080  2
  21.5930 -108.5030  3
  21.6430 -108.4530  3
  21.5930 -108.5030  2
  21.5430 -108.5530  2
  21.5430 -108.4530  3
  21.5930 -108.5030  2
  21.6430 -108.5530  2
  21.0990 -108.7010  3
  21.1490 -108.6510  3
  21.0990 -108.7010  2
  21.0490 -108.7510  2
  21.0490 -108.6510  3
  21.0990 -108.7010  2
  21.1490 -108.7510  2
  21.0110 -108.7120  3
  21.0610 -108.6620  3
  21.0110 -108.7120  2
  20.9610 -108.7620  2
  20.9610 -108.6620  3
  21.0110 -108.7120  2
  21.0610 -108.7620  2
  20.8150 -108.8080  3
  20.8650 -108.7580  3
  20.8150 -108.8080  2
  20.7650 -108.8580  2
  20.7650 -108.7580  3
  20.8150 -108.8080  2
  20.8650 -108.8580  2
  20.6420 -108.9710  3
  20.6920 -108.9210  3
  20.6420 -108.9710  2
  20.5920 -109.0210  2
  20.5920 -108.9210  3
  20.6420 -108.9710  2
  20.6920 -109.0210  2
  20.3680 -108.9150  3
  20.4180 -108.8650  3
  20.3680 -108.9150  2
  20.3180 -108.9650  2
  20.3180 -108.8650  3
  20.3680 -108.9150  2
  20.4180 -108.9650  2
  20.0810 -109.1190  3
  20.1310 -109.0690  3
  20.0810 -109.1190  2
  20.0310 -109.1690  2
  20.0310 -109.0690  3
  20.0810 -109.1190  2
  20.1310 -109.1690  2
  99.0000    0.0000  3
 999 139 110  200   1.86   0.00 AN 2c    3                           
  23.2590 -108.0450  3
  23.3090 -107.9950  3
  23.2590 -108.0450  2
  23.2090 -108.0950  2
  23.2090 -107.9950  3
  23.2590 -108.0450  2
  23.3090 -108.0950  2
  23.2340 -108.0640  3
  23.2840 -108.0140  3
  23.2340 -108.0640  2
  23.1840 -108.1140  2
  23.1840 -108.0140  3
  23.2340 -108.0640  2
  23.2840 -108.1140  2
  23.1860 -108.0920  3
  23.2360 -108.0420  3
  23.1860 -108.0920  2
  23.1360 -108.1420  2
  23.1360 -108.0420  3
  23.1860 -108.0920  2
  23.2360 -108.1420  2
  22.5750 -107.7470  3
  22.6250 -107.6970  3
  22.5750 -107.7470  2
  22.5250 -107.7970  2
  22.5250 -107.6970  3
  22.5750 -107.7470  2
  22.6250 -107.7970  2
  22.3750 -107.8510  3
  22.4250 -107.8010  3
  22.3750 -107.8510  2
  22.3250 -107.9010  2
  22.3250 -107.8010  3
  22.3750 -107.8510  2
  22.4250 -107.9010  2
  22.3370 -107.8780  3
  22.3870 -107.8280  3
  22.3370 -107.8780  2
  22.2870 -107.9280  2
  22.2870 -107.8280  3
  22.3370 -107.8780  2
  22.3870 -107.9280  2
  22.1860 -107.9580  3
  22.2360 -107.9080  3
  22.1860 -107.9580  2
  22.1360 -108.0080  2
  22.1360 -107.9080  3
  22.1860 -107.9580  2
  22.2360 -108.0080  2
  21.9410 -108.1070  3
  21.9910 -108.0570  3
  21.9410 -108.1070  2
  21.8910 -108.1570  2
  21.8910 -108.0570  3
  21.9410 -108.1070  2
  21.9910 -108.1570  2
  21.7170 -108.2060  3
  21.7670 -108.1560  3
  21.7170 -108.2060  2
  21.6670 -108.2560  2
  21.6670 -108.1560  3
  21.7170 -108.2060  2
  21.7670 -108.2560  2
  21.4980 -108.2820  3
  21.5480 -108.2320  3
  21.4980 -108.2820  2
  21.4480 -108.3320  2
  21.4480 -108.2320  3
  21.4980 -108.2820  2
  21.5480 -108.3320  2
  21.2140 -108.3750  3
  21.2640 -108.3250  3
  21.2140 -108.3750  2
  21.1640 -108.4250  2
  21.1640 -108.3250  3
  21.2140 -108.3750  2
  21.2640 -108.4250  2
  21.0010 -108.4730  3
  21.0510 -108.4230  3
  21.0010 -108.4730  2
  20.9510 -108.5230  2
  20.9510 -108.4230  3
  21.0010 -108.4730  2
  21.0510 -108.5230  2
  20.8310 -108.5120  3
  20.8810 -108.4620  3
  20.8310 -108.5120  2
  20.7810 -108.5620  2
  20.7810 -108.4620  3
  20.8310 -108.5120  2
  20.8810 -108.5620  2
  20.5920 -108.6350  3
  20.6420 -108.5850  3
  20.5920 -108.6350  2
  20.5420 -108.6850  2
  20.5420 -108.5850  3
  20.5920 -108.6350  2
  20.6420 -108.6850  2
  20.4930 -108.6770  3
  20.5430 -108.6270  3
  20.4930 -108.6770  2
  20.4430 -108.7270  2
  20.4430 -108.6270  3
  20.4930 -108.6770  2
  20.5430 -108.7270  2
  20.2980 -108.6890  3
  20.3480 -108.6390  3
  20.2980 -108.6890  2
  20.2480 -108.7390  2
  20.2480 -108.6390  3
  20.2980 -108.6890  2
  20.3480 -108.7390  2
  19.9190 -108.8220  3
  19.9690 -108.7720  3
  19.9190 -108.8220  2
  19.8690 -108.8720  2
  19.8690 -108.7720  3
  19.9190 -108.8220  2
  19.9690 -108.8720  2
  99.0000    0.0000  3
 999 156 110  200   2.58   0.00 AN 2Ay   4                           
  23.1860 -107.9400  3
  23.2360 -107.8900  3
  23.1860 -107.9400  2
  23.1360 -107.9900  2
  23.1360 -107.8900  3
  23.1860 -107.9400  2
  23.2360 -107.9900  2
  23.1070 -107.9920  3
  23.1570 -107.9420  3
  23.1070 -107.9920  2
  23.0570 -108.0420  2
  23.0570 -107.9420  3
  23.1070 -107.9920  2
  23.1570 -108.0420  2
  22.5160 -107.6250  3
  22.5660 -107.5750  3
  22.5160 -107.6250  2
  22.4660 -107.6750  2
  22.4660 -107.5750  3
  22.5160 -107.6250  2
  22.5660 -107.6750  2
  22.4570 -107.6490  3
  22.5070 -107.5990  3
  22.4570 -107.6490  2
  22.4070 -107.6990  2
  22.4070 -107.5990  3
  22.4570 -107.6490  2
  22.5070 -107.6990  2
  22.2880 -107.7370  3
  22.3380 -107.6870  3
  22.2880 -107.7370  2
  22.2380 -107.7870  2
  22.2380 -107.6870  3
  22.2880 -107.7370  2
  22.3380 -107.7870  2
  22.1430 -107.8520  3
  22.1930 -107.8020  3
  22.1430 -107.8520  2
  22.0930 -107.9020  2
  22.0930 -107.8020  3
  22.1430 -107.8520  2
  22.1930 -107.9020  2
  22.5100 -107.6290  3
  22.5600 -107.5790  3
  22.5100 -107.6290  2
  22.4600 -107.6790  2
  22.4600 -107.5790  3
  22.5100 -107.6290  2
  22.5600 -107.6790  2
  22.4580 -107.6500  3
  22.5080 -107.6000  3
  22.4580 -107.6500  2
  22.4080 -107.7000  2
  22.4080 -107.6000  3
  22.4580 -107.6500  2
  22.5080 -107.7000  2
  22.2880 -107.7320  3
  22.3380 -107.6820  3
  22.2880 -107.7320  2
  22.2380 -107.7820  2
  22.2380 -107.6820  3
  22.2880 -107.7320  2
  22.3380 -107.7820  2
  22.1350 -107.8570  3
  22.1850 -107.8070  3
  22.1350 -107.8570  2
  22.0850 -107.9070  2
  22.0850 -107.8070  3
  22.1350 -107.8570  2
  22.1850 -107.9070  2
  21.4280 -108.1180  3
  21.4780 -108.0680  3
  21.4280 -108.1180  2
  21.3780 -108.1680  2
  21.3780 -108.0680  3
  21.4280 -108.1180  2
  21.4780 -108.1680  2
  21.3210 -108.1670  3
  21.3710 -108.1170  3
  21.3210 -108.1670  2
  21.2710 -108.2170  2
  21.2710 -108.1170  3
  21.3210 -108.1670  2
  21.3710 -108.2170  2
  21.1570 -108.2140  3
  21.2070 -108.1640  3
  21.1570 -108.2140  2
  21.1070 -108.2640  2
  21.1070 -108.1640  3
  21.1570 -108.2140  2
  21.2070 -108.2640  2
  21.0170 -108.2840  3
  21.0670 -108.2340  3
  21.0170 -108.2840  2
  20.9670 -108.3340  2
  20.9670 -108.2340  3
  21.0170 -108.2840  2
  21.0670 -108.3340  2
  20.9690 -108.3030  3
  21.0190 -108.2530  3
  20.9690 -108.3030  2
  20.9190 -108.3530  2
  20.9190 -108.2530  3
  20.9690 -108.3030  2
  21.0190 -108.3530  2
  20.7800 -108.3520  3
  20.8300 -108.3020  3
  20.7800 -108.3520  2
  20.7300 -108.4020  2
  20.7300 -108.3020  3
  20.7800 -108.3520  2
  20.8300 -108.4020  2
  20.5270 -108.4750  3
  20.5770 -108.4250  3
  20.5270 -108.4750  2
  20.4770 -108.5250  2
  20.4770 -108.4250  3
  20.5270 -108.4750  2
  20.5770 -108.5250  2
  20.4180 -108.5010  3
  20.4680 -108.4510  3
  20.4180 -108.5010  2
  20.3680 -108.5510  2
  20.3680 -108.4510  3
  20.4180 -108.5010  2
  20.4680 -108.5510  2
  20.2680 -108.5630  3
  20.3180 -108.5130  3
  20.2680 -108.5630  2
  20.2180 -108.6130  2
  20.2180 -108.5130  3
  20.2680 -108.5630  2
  20.3180 -108.6130  2
  20.1700 -108.6150  3
  20.2200 -108.5650  3
  20.1700 -108.6150  2
  20.1200 -108.6650  2
  20.1200 -108.5650  3
  20.1700 -108.6150  2
  20.2200 -108.6650  2
  99.0000    0.0000  3
 999 176 110  200   3.58   0.00 AN 2Ao   5                           
  23.1060 -107.7610  3
  23.1560 -107.7110  3
  23.1060 -107.7610  2
  23.0560 -107.8110  2
  23.0560 -107.7110  3
  23.1060 -107.7610  2
  23.1560 -107.8110  2
  23.0170 -107.8120  3
  23.0670 -107.7620  3
  23.0170 -107.8120  2
  22.9670 -107.8620  2
  22.9670 -107.7620  3
  23.0170 -107.8120  2
  23.0670 -107.8620  2
  22.4190 -107.4800  3
  22.4690 -107.4300  3
  22.4190 -107.4800  2
  22.3690 -107.5300  2
  22.3690 -107.4300  3
  22.4190 -107.4800  2
  22.4690 -107.5300  2
  22.3000 -107.5320  3
  22.3500 -107.4820  3
  22.3000 -107.5320  2
  22.2500 -107.5820  2
  22.2500 -107.4820  3
  22.3000 -107.5320  2
  22.3500 -107.5820  2
  22.2050 -107.5910  3
  22.2550 -107.5410  3
  22.2050 -107.5910  2
  22.1550 -107.6410  2
  22.1550 -107.5410  3
  22.2050 -107.5910  2
  22.2550 -107.6410  2
  22.0360 -107.6830  3
  22.0860 -107.6330  3
  22.0360 -107.6830  2
  21.9860 -107.7330  2
  21.9860 -107.6330  3
  22.0360 -107.6830  2
  22.0860 -107.7330  2
  22.4140 -107.4820  3
  22.4640 -107.4320  3
  22.4140 -107.4820  2
  22.3640 -107.5320  2
  22.3640 -107.4320  3
  22.4140 -107.4820  2
  22.4640 -107.5320  2
  22.3010 -107.5300  3
  22.3510 -107.4800  3
  22.3010 -107.5300  2
  22.2510 -107.5800  2
  22.2510 -107.4800  3
  22.3010 -107.5300  2
  22.3510 -107.5800  2
  22.2160 -107.5870  3
  22.2660 -107.5370  3
  22.2160 -107.5870  2
  22.1660 -107.6370  2
  22.1660 -107.5370  3
  22.2160 -107.5870  2
  22.2660 -107.6370  2
  22.0420 -107.6860  3
  22.0920 -107.6360  3
  22.0420 -107.6860  2
  21.9920 -107.7360  2
  21.9920 -107.6360  3
  22.0420 -107.6860  2
  22.0920 -107.7360  2
  21.5130 -107.8870  3
  21.5630 -107.8370  3
  21.5130 -107.8870  2
  21.4630 -107.9370  2
  21.4630 -107.8370  3
  21.5130 -107.8870  2
  21.5630 -107.9370  2
  21.3580 -107.9180  3
  21.4080 -107.8680  3
  21.3580 -107.9180  2
  21.3080 -107.9680  2
  21.3080 -107.8680  3
  21.3580 -107.9180  2
  21.4080 -107.9680  2
  21.1750 -107.9680  3
  21.2250 -107.9180  3
  21.1750 -107.9680  2
  21.1250 -108.0180  2
  21.1250 -107.9180  3
  21.1750 -107.9680  2
  21.2250 -108.0180  2
  21.0830 -108.0150  3
  21.1330 -107.9650  3
  21.0830 -108.0150  2
  21.0330 -108.0650  2
  21.0330 -107.9650  3
  21.0830 -108.0150  2
  21.1330 -108.0650  2
  21.0190 -108.0270  3
  21.0690 -107.9770  3
  21.0190 -108.0270  2
  20.9690 -108.0770  2
  20.9690 -107.9770  3
  21.0190 -108.0270  2
  21.0690 -108.0770  2
  20.9050 -108.0640  3
  20.9550 -108.0140  3
  20.9050 -108.0640  2
  20.8550 -108.1140  2
  20.8550 -108.0140  3
  20.9050 -108.0640  2
  20.9550 -108.1140  2
  20.6810 -108.1010  3
  20.7310 -108.0510  3
  20.6810 -108.1010  2
  20.6310 -108.1510  2
  20.6310 -108.0510  3
  20.6810 -108.1010  2
  20.7310 -108.1510  2
  20.3110 -108.2740  3
  20.3610 -108.2240  3
  20.3110 -108.2740  2
  20.2610 -108.3240  2
  20.2610 -108.2240  3
  20.3110 -108.2740  2
  20.3610 -108.3240  2
  20.1910 -108.3310  3
  20.2410 -108.2810  3
  20.1910 -108.3310  2
  20.1410 -108.3810  2
  20.1410 -108.2810  3
  20.1910 -108.3310  2
  20.2410 -108.3810  2
  99.0000    0.0000  3
 999 195 110  200   4.18   0.00 AN 3y    6                           
  21.5670 -107.7460  3
  21.6170 -107.6960  3
  21.5670 -107.7460  2
  21.5170 -107.7960  2
  21.5170 -107.6960  3
  21.5670 -107.7460  2
  21.6170 -107.7960  2
  21.4450 -107.7790  3
  21.4950 -107.7290  3
  21.4450 -107.7790  2
  21.3950 -107.8290  2
  21.3950 -107.7290  3
  21.4450 -107.7790  2
  21.4950 -107.8290  2
  21.2960 -107.7990  3
  21.3460 -107.7490  3
  21.2960 -107.7990  2
  21.2460 -107.8490  2
  21.2460 -107.7490  3
  21.2960 -107.7990  2
  21.3460 -107.8490  2
  21.0630 -107.8550  3
  21.1130 -107.8050  3
  21.0630 -107.8550  2
  21.0130 -107.9050  2
  21.0130 -107.8050  3
  21.0630 -107.8550  2
  21.1130 -107.9050  2
  21.0180 -107.8710  3
  21.0680 -107.8210  3
  21.0180 -107.8710  2
  20.9680 -107.9210  2
  20.9680 -107.8210  3
  21.0180 -107.8710  2
  21.0680 -107.9210  2
  20.8500 -107.9060  3
  20.9000 -107.8560  3
  20.8500 -107.9060  2
  20.8000 -107.9560  2
  20.8000 -107.8560  3
  20.8500 -107.9060  2
  20.9000 -107.9560  2
  20.6210 -107.9590  3
  20.6710 -107.9090  3
  20.6210 -107.9590  2
  20.5710 -108.0090  2
  20.5710 -107.9090  3
  20.6210 -107.9590  2
  20.6710 -108.0090  2
  20.3810 -108.0440  3
  20.4310 -107.9940  3
  20.3810 -108.0440  2
  20.3310 -108.0940  2
  20.3310 -107.9940  3
  20.3810 -108.0440  2
  20.4310 -108.0940  2
  20.2440 -108.1340  3
  20.2940 -108.0840  3
  20.2440 -108.1340  2
  20.1940 -108.1840  2
  20.1940 -108.0840  3
  20.2440 -108.1340  2
  20.2940 -108.1840  2
  20.1520 -108.1670  3
  20.2020 -108.1170  3
  20.1520 -108.1670  2
  20.1020 -108.2170  2
  20.1020 -108.1170  3
  20.1520 -108.1670  2
  20.2020 -108.2170  2
  99.0000    0.0000  3
 999 205 110  200   4.18   0.00 AN 3o    6                           
  21.4650 -107.5560  3
  21.5150 -107.5060  3
  21.4650 -107.5560  2
  21.4150 -107.6060  2
  21.4150 -107.5060  3
  21.4650 -107.5560  2
  21.5150 -107.6060  2
  21.3140 -107.5670  3
  21.3640 -107.5170  3
  21.3140 -107.5670  2
  21.2640 -107.6170  2
  21.2640 -107.5170  3
  21.3140 -107.5670  2
  21.3640 -107.6170  2
  21.1850 -107.5510  3
  21.2350 -107.5010  3
  21.1850 -107.5510  2
  21.1350 -107.6010  2
  21.1350 -107.5010  3
  21.1850 -107.5510  2
  21.2350 -107.6010  2
  21.0280 -107.6210  3
  21.0780 -107.5710  3
  21.0280 -107.6210  2
  20.9780 -107.6710  2
  20.9780 -107.5710  3
  21.0280 -107.6210  2
  21.0780 -107.6710  2
  20.9620 -107.6060  3
  21.0120 -107.5560  3
  20.9620 -107.6060  2
  20.9120 -107.6560  2
  20.9120 -107.5560  3
  20.9620 -107.6060  2
  21.0120 -107.6560  2
  20.8670 -107.6170  3
  20.9170 -107.5670  3
  20.8670 -107.6170  2
  20.8170 -107.6670  2
  20.8170 -107.5670  3
  20.8670 -107.6170  2
  20.9170 -107.6670  2
  20.7850 -107.6320  3
  20.8350 -107.5820  3
  20.7850 -107.6320  2
  20.7350 -107.6820  2
  20.7350 -107.5820  3
  20.7850 -107.6320  2
  20.8350 -107.6820  2
  20.5240 -107.7060  3
  20.5740 -107.6560  3
  20.5240 -107.7060  2
  20.4740 -107.7560  2
  20.4740 -107.6560  3
  20.5240 -107.7060  2
  20.5740 -107.7560  2
  20.3040 -107.7890  3
  20.3540 -107.7390  3
  20.3040 -107.7890  2
  20.2540 -107.8390  2
  20.2540 -107.7390  3
  20.3040 -107.7890  2
  20.3540 -107.8390  2
  20.0840 -107.8830  3
  20.1340 -107.8330  3
  20.0840 -107.8830  2
  20.0340 -107.9330  2
  20.0340 -107.8330  3
  20.0840 -107.8830  2
  20.1340 -107.9330  2
  20.0620 -107.8940  3
  20.1120 -107.8440  3
  20.0620 -107.8940  2
  20.0120 -107.9440  2
  20.0120 -107.8440  3
  20.0620 -107.8940  2
  20.1120 -107.9440  2
  99.0000    0.0000  3
 999 216 110  200   5.89   0.00 AN 3Ay   7                           
  21.1760 -107.3240  3
  21.2260 -107.2740  3
  21.1760 -107.3240  2
  21.1260 -107.3740  2
  21.1260 -107.2740  3
  21.1760 -107.3240  2
  21.2260 -107.3740  2
  21.0560 -107.3140  3
  21.1060 -107.2640  3
  21.0560 -107.3140  2
  21.0060 -107.3640  2
  21.0060 -107.2640  3
  21.0560 -107.3140  2
  21.1060 -107.3640  2
  20.8790 -107.3340  3
  20.9290 -107.2840  3
  20.8790 -107.3340  2
  20.8290 -107.3840  2
  20.8290 -107.2840  3
  20.8790 -107.3340  2
  20.9290 -107.3840  2
  20.6730 -107.3840  3
  20.7230 -107.3340  3
  20.6730 -107.3840  2
  20.6230 -107.4340  2
  20.6230 -107.3340  3
  20.6730 -107.3840  2
  20.7230 -107.4340  2
  20.6520 -107.3920  3
  20.7020 -107.3420  3
  20.6520 -107.3920  2
  20.6020 -107.4420  2
  20.6020 -107.3420  3
  20.6520 -107.3920  2
  20.7020 -107.4420  2
  20.4380 -107.4540  3
  20.4880 -107.4040  3
  20.4380 -107.4540  2
  20.3880 -107.5040  2
  20.3880 -107.4040  3
  20.4380 -107.4540  2
  20.4880 -107.5040  2
  20.3800 -107.4750  3
  20.4300 -107.4250  3
  20.3800 -107.4750  2
  20.3300 -107.5250  2
  20.3300 -107.4250  3
  20.3800 -107.4750  2
  20.4300 -107.5250  2
  20.2120 -107.5340  3
  20.2620 -107.4840  3
  20.2120 -107.5340  2
  20.1620 -107.5840  2
  20.1620 -107.4840  3
  20.2120 -107.5340  2
  20.2620 -107.5840  2
  19.9330 -107.6720  3
  19.9830 -107.6220  3
  19.9330 -107.6720  2
  19.8830 -107.7220  2
  19.8830 -107.6220  3
  19.9330 -107.6720  2
  19.9830 -107.7220  2
  99.0000    0.0000  3
 999 225 110  200   6.57   0.00 AN 3Ao   1                           
  21.0260 -107.1190  3
  21.0760 -107.0690  3
  21.0260 -107.1190  2
  20.9760 -107.1690  2
  20.9760 -107.0690  3
  21.0260 -107.1190  2
  21.0760 -107.1690  2
  20.8100 -107.1390  3
  20.8600 -107.0890  3
  20.8100 -107.1390  2
  20.7600 -107.1890  2
  20.7600 -107.0890  3
  20.8100 -107.1390  2
  20.8600 -107.1890  2
  20.6190 -107.1770  3
  20.6690 -107.1270  3
  20.6190 -107.1770  2
  20.5690 -107.2270  2
  20.5690 -107.1270  3
  20.6190 -107.1770  2
  20.6690 -107.2270  2
  20.5090 -107.1900  3
  20.5590 -107.1400  3
  20.5090 -107.1900  2
  20.4590 -107.2400  2
  20.4590 -107.1400  3
  20.5090 -107.1900  2
  20.5590 -107.2400  2
  20.3420 -107.2320  3
  20.3920 -107.1820  3
  20.3420 -107.2320  2
  20.2920 -107.2820  2
  20.2920 -107.1820  3
  20.3420 -107.2320  2
  20.3920 -107.2820  2
  20.2690 -107.2500  3
  20.3190 -107.2000  3
  20.2690 -107.2500  2
  20.2190 -107.3000  2
  20.2190 -107.2000  3
  20.2690 -107.2500  2
  20.3190 -107.3000  2
  20.1180 -107.3040  3
  20.1680 -107.2540  3
  20.1180 -107.3040  2
  20.0680 -107.3540  2
  20.0680 -107.2540  3
  20.1180 -107.3040  2
  20.1680 -107.3540  2
  19.9780 -107.3440  3
  20.0280 -107.2940  3
  19.9780 -107.3440  2
  19.9280 -107.3940  2
  19.9280 -107.2940  3
  19.9780 -107.3440  2
  20.0280 -107.3940  2
  99.0000    0.0000  3
 999 233 110  200   7.86   0.00 AN 4c    2                           
  19.9810 -106.9730  3
  20.0310 -106.9230  3
  19.9810 -106.9730  2
  19.9310 -107.0230  2
  19.9310 -106.9230  3
  19.9810 -106.9730  2
  20.0310 -107.0230  2
  20.0790 -106.9400  3
  20.1290 -106.8900  3
  20.0790 -106.9400  2
  20.0290 -106.9900  2
  20.0290 -106.8900  3
  20.0790 -106.9400  2
  20.1290 -106.9900  2
  20.1470 -106.9380  3
  20.1970 -106.8880  3
  20.1470 -106.9380  2
  20.0970 -106.9880  2
  20.0970 -106.8880  3
  20.1470 -106.9380  2
  20.1970 -106.9880  2
  20.2510 -106.9250  3
  20.3010 -106.8750  3
  20.2510 -106.9250  2
  20.2010 -106.9750  2
  20.2010 -106.8750  3
  20.2510 -106.9250  2
  20.3010 -106.9750  2
  99.0000    0.0000  3
 999 237 110  200   8.86   0.00 AN 4Ac   3                           
  21.0200 -106.9010  3
  21.0700 -106.8510  3
  21.0200 -106.9010  2
  20.9700 -106.9510  2
  20.9700 -106.8510  3
  21.0200 -106.9010  2
  21.0700 -106.9510  2
  20.9510 -106.8930  3
  21.0010 -106.8430  3
  20.9510 -106.8930  2
  20.9010 -106.9430  2
  20.9010 -106.8430  3
  20.9510 -106.8930  2
  21.0010 -106.9430  2
  20.8690 -106.8940  3
  20.9190 -106.8440  3
  20.8690 -106.8940  2
  20.8190 -106.9440  2
  20.8190 -106.8440  3
  20.8690 -106.8940  2
  20.9190 -106.9440  2
  20.7380 -106.9470  3
  20.7880 -106.8970  3
  20.7380 -106.9470  2
  20.6880 -106.9970  2
  20.6880 -106.8970  3
  20.7380 -106.9470  2
  20.7880 -106.9970  2
  20.6390 -106.9380  3
  20.6890 -106.8880  3
  20.6390 -106.9380  2
  20.5890 -106.9880  2
  20.5890 -106.8880  3
  20.6390 -106.9380  2
  20.6890 -106.9880  2
  20.5950 -106.9180  3
  20.6450 -106.8680  3
  20.5950 -106.9180  2
  20.5450 -106.9680  2
  20.5450 -106.8680  3
  20.5950 -106.9180  2
  20.6450 -106.9680  2
  20.5240 -106.9060  3
  20.5740 -106.8560  3
  20.5240 -106.9060  2
  20.4740 -106.9560  2
  20.4740 -106.8560  3
  20.5240 -106.9060  2
  20.5740 -106.9560  2
  99.0000    0.0000  3
 999 244 110  200   9.74   0.00 AN 5y    4                           
  21.1220 -106.5210  3
  21.1720 -106.4710  3
  21.1220 -106.5210  2
  21.0720 -106.5710  2
  21.0720 -106.4710  3
  21.1220 -106.5210  2
  21.1720 -106.5710  2
  20.5770 -106.5790  3
  20.6270 -106.5290  3
  20.5770 -106.5790  2
  20.5270 -106.6290  2
  20.5270 -106.5290  3
  20.5770 -106.5790  2
  20.6270 -106.6290  2
  20.3470 -106.5690  3
  20.3970 -106.5190  3
  20.3470 -106.5690  2
  20.2970 -106.6190  2
  20.2970 -106.5190  3
  20.3470 -106.5690  2
  20.3970 -106.6190  2
  20.2700 -106.5800  3
  20.3200 -106.5300  3
  20.2700 -106.5800  2
  20.2200 -106.6300  2
  20.2200 -106.5300  3
  20.2700 -106.5800  2
  20.3200 -106.6300  2
  20.0810 -106.5430  3
  20.1310 -106.4930  3
  20.0810 -106.5430  2
  20.0310 -106.5930  2
  20.0310 -106.4930  3
  20.0810 -106.5430  2
  20.1310 -106.5930  2
  99.0000    0.0000  3
