 9996531 916  200   0.00   0.00 AN 1y    1                           
  45.1350 -130.1480  3
  45.1850 -130.0980  3
  45.1350 -130.1480  2
  45.0850 -130.1980  2
  45.0850 -130.0980  3
  45.1350 -130.1480  2
  45.1850 -130.1980  2
  44.9770 -130.2290  3
  45.0270 -130.1790  3
  44.9770 -130.2290  2
  44.9270 -130.2790  2
  44.9270 -130.1790  3
  44.9770 -130.2290  2
  45.0270 -130.2790  2
  44.8040 -130.2990  3
  44.8540 -130.2490  3
  44.8040 -130.2990  2
  44.7540 -130.3490  2
  44.7540 -130.2490  3
  44.8040 -130.2990  2
  44.8540 -130.3490  2
  44.6510 -130.3550  3
  44.7010 -130.3050  3
  44.6510 -130.3550  2
  44.6010 -130.4050  2
  44.6010 -130.3050  3
  44.6510 -130.3550  2
  44.7010 -130.4050  2
  42.8580 -126.6640  3
  42.9080 -126.6140  3
  42.8580 -126.6640  2
  42.8080 -126.7140  2
  42.8080 -126.6140  3
  42.8580 -126.6640  2
  42.9080 -126.7140  2
  42.5210 -126.8760  3
  42.5710 -126.8260  3
  42.5210 -126.8760  2
  42.4710 -126.9260  2
  42.4710 -126.8260  3
  42.5210 -126.8760  2
  42.5710 -126.9260  2
  42.2820 -127.0180  3
  42.3320 -126.9680  3
  42.2820 -127.0180  2
  42.2320 -127.0680  2
  42.2320 -126.9680  3
  42.2820 -127.0180  2
  42.3320 -127.0680  2
  42.0290 -127.1460  3
  42.0790 -127.0960  3
  42.0290 -127.1460  2
  41.9790 -127.1960  2
  41.9790 -127.0960  3
  42.0290 -127.1460  2
  42.0790 -127.1960  2
  41.9210 -127.1680  3
  41.9710 -127.1180  3
  41.9210 -127.1680  2
  41.8710 -127.2180  2
  41.8710 -127.1180  3
  41.9210 -127.1680  2
  41.9710 -127.2180  2
  41.6970 -127.1770  3
  41.7470 -127.1270  3
  41.6970 -127.1770  2
  41.6470 -127.2270  2
  41.6470 -127.1270  3
  41.6970 -127.1770  2
  41.7470 -127.2270  2
  40.9810 -127.4870  3
  41.0310 -127.4370  3
  40.9810 -127.4870  2
  40.9310 -127.5370  2
  40.9310 -127.4370  3
  40.9810 -127.4870  2
  41.0310 -127.5370  2
  40.7110 -127.5070  3
  40.7610 -127.4570  3
  40.7110 -127.5070  2
  40.6610 -127.5570  2
  40.6610 -127.4570  3
  40.7110 -127.5070  2
  40.7610 -127.5570  2
  48.7520 -128.8340  3
  48.8020 -128.7840  3
  48.7520 -128.8340  2
  48.7020 -128.8840  2
  48.7020 -128.7840  3
  48.7520 -128.8340  2
  48.8020 -128.8840  2
  99.0000    0.0000  3
 9996544 916  200   0.78   0.00 AN 1o    2                           
  50.1780 -129.8740  3
  50.2280 -129.8240  3
  50.1780 -129.8740  2
  50.1280 -129.9240  2
  50.1280 -129.8240  3
  50.1780 -129.8740  2
  50.2280 -129.9240  2
  50.0310 -129.9980  3
  50.0810 -129.9480  3
  50.0310 -129.9980  2
  49.9810 -130.0480  2
  49.9810 -129.9480  3
  50.0310 -129.9980  2
  50.0810 -130.0480  2
  49.8650 -130.1680  3
  49.9150 -130.1180  3
  49.8650 -130.1680  2
  49.8150 -130.2180  2
  49.8150 -130.1180  3
  49.8650 -130.1680  2
  49.9150 -130.2180  2
  42.9390 -126.8870  3
  42.9890 -126.8370  3
  42.9390 -126.8870  2
  42.8890 -126.9370  2
  42.8890 -126.8370  3
  42.9390 -126.8870  2
  42.9890 -126.9370  2
  42.8000 -126.9710  3
  42.8500 -126.9210  3
  42.8000 -126.9710  2
  42.7500 -127.0210  2
  42.7500 -126.9210  3
  42.8000 -126.9710  2
  42.8500 -127.0210  2
  50.0130 -129.5340  3
  50.0630 -129.4840  3
  50.0130 -129.5340  2
  49.9630 -129.5840  2
  49.9630 -129.4840  3
  50.0130 -129.5340  2
  50.0630 -129.5840  2
  49.8790 -129.6900  3
  49.9290 -129.6400  3
  49.8790 -129.6900  2
  49.8290 -129.7400  2
  49.8290 -129.6400  3
  49.8790 -129.6900  2
  49.9290 -129.7400  2
  49.7520 -129.9150  3
  49.8020 -129.8650  3
  49.7520 -129.9150  2
  49.7020 -129.9650  2
  49.7020 -129.8650  3
  49.7520 -129.9150  2
  49.8020 -129.9650  2
  49.6580 -130.0480  3
  49.7080 -129.9980  3
  49.6580 -130.0480  2
  49.6080 -130.0980  2
  49.6080 -129.9980  3
  49.6580 -130.0480  2
  49.7080 -130.0980  2
  47.9740 -128.7920  3
  48.0240 -128.7420  3
  47.9740 -128.7920  2
  47.9240 -128.8420  2
  47.9240 -128.7420  3
  47.9740 -128.7920  2
  48.0240 -128.8420  2
  47.7820 -128.8930  3
  47.8320 -128.8430  3
  47.7820 -128.8930  2
  47.7320 -128.9430  2
  47.7320 -128.8430  3
  47.7820 -128.8930  2
  47.8320 -128.9430  2
  47.4900 -128.6290  3
  47.5400 -128.5790  3
  47.4900 -128.6290  2
  47.4400 -128.6790  2
  47.4400 -128.5790  3
  47.4900 -128.6290  2
  47.5400 -128.6790  2
  47.1370 -128.8260  3
  47.1870 -128.7760  3
  47.1370 -128.8260  2
  47.0870 -128.8760  2
  47.0870 -128.7760  3
  47.1370 -128.8260  2
  47.1870 -128.8760  2
  46.9760 -128.9080  3
  47.0260 -128.8580  3
  46.9760 -128.9080  2
  46.9260 -128.9580  2
  46.9260 -128.8580  3
  46.9760 -128.9080  2
  47.0260 -128.9580  2
  46.7970 -129.0030  3
  46.8470 -128.9530  3
  46.7970 -129.0030  2
  46.7470 -129.0530  2
  46.7470 -128.9530  3
  46.7970 -129.0030  2
  46.8470 -129.0530  2
  46.6310 -129.1010  3
  46.6810 -129.0510  3
  46.6310 -129.1010  2
  46.5810 -129.1510  2
  46.5810 -129.0510  3
  46.6310 -129.1010  2
  46.6810 -129.1510  2
  46.4500 -129.1840  3
  46.5000 -129.1340  3
  46.4500 -129.1840  2
  46.4000 -129.2340  2
  46.4000 -129.1340  3
  46.4500 -129.1840  2
  46.5000 -129.2340  2
  46.2620 -129.3040  3
  46.3120 -129.2540  3
  46.2620 -129.3040  2
  46.2120 -129.3540  2
  46.2120 -129.2540  3
  46.2620 -129.3040  2
  46.3120 -129.3540  2
  46.1320 -129.3830  3
  46.1820 -129.3330  3
  46.1320 -129.3830  2
  46.0820 -129.4330  2
  46.0820 -129.3330  3
  46.1320 -129.3830  2
  46.1820 -129.4330  2
  45.9920 -129.4850  3
  46.0420 -129.4350  3
  45.9920 -129.4850  2
  45.9420 -129.5350  2
  45.9420 -129.4350  3
  45.9920 -129.4850  2
  46.0420 -129.5350  2
  45.8260 -129.5570  3
  45.8760 -129.5070  3
  45.8260 -129.5570  2
  45.7760 -129.6070  2
  45.7760 -129.5070  3
  45.8260 -129.5570  2
  45.8760 -129.6070  2
  45.6420 -129.6460  3
  45.6920 -129.5960  3
  45.6420 -129.6460  2
  45.5920 -129.6960  2
  45.5920 -129.5960  3
  45.6420 -129.6460  2
  45.6920 -129.6960  2
  45.4920 -129.7020  3
  45.5420 -129.6520  3
  45.4920 -129.7020  2
  45.4420 -129.7520  2
  45.4420 -129.6520  3
  45.4920 -129.7020  2
  45.5420 -129.7520  2
  45.3200 -129.7560  3
  45.3700 -129.7060  3
  45.3200 -129.7560  2
  45.2700 -129.8060  2
  45.2700 -129.7060  3
  45.3200 -129.7560  2
  45.3700 -129.8060  2
  45.1390 -129.8560  3
  45.1890 -129.8060  3
  45.1390 -129.8560  2
  45.0890 -129.9060  2
  45.0890 -129.8060  3
  45.1390 -129.8560  2
  45.1890 -129.9060  2
  44.9650 -129.9360  3
  45.0150 -129.8860  3
  44.9650 -129.9360  2
  44.9150 -129.9860  2
  44.9150 -129.8860  3
  44.9650 -129.9360  2
  45.0150 -129.9860  2
  44.7980 -130.0030  3
  44.8480 -129.9530  3
  44.7980 -130.0030  2
  44.7480 -130.0530  2
  44.7480 -129.9530  3
  44.7980 -130.0030  2
  44.8480 -130.0530  2
  44.6490 -130.0770  3
  44.6990 -130.0270  3
  44.6490 -130.0770  2
  44.5990 -130.1270  2
  44.5990 -130.0270  3
  44.6490 -130.0770  2
  44.6990 -130.1270  2
  42.8140 -126.4340  3
  42.8640 -126.3840  3
  42.8140 -126.4340  2
  42.7640 -126.4840  2
  42.7640 -126.3840  3
  42.8140 -126.4340  2
  42.8640 -126.4840  2
  42.6310 -126.5480  3
  42.6810 -126.4980  3
  42.6310 -126.5480  2
  42.5810 -126.5980  2
  42.5810 -126.4980  3
  42.6310 -126.5480  2
  42.6810 -126.5980  2
  42.5140 -126.6150  3
  42.5640 -126.5650  3
  42.5140 -126.6150  2
  42.4640 -126.6650  2
  42.4640 -126.5650  3
  42.5140 -126.6150  2
  42.5640 -126.6650  2
  42.3110 -126.7590  3
  42.3610 -126.7090  3
  42.3110 -126.7590  2
  42.2610 -126.8090  2
  42.2610 -126.7090  3
  42.3110 -126.7590  2
  42.3610 -126.8090  2
  42.1340 -126.8930  3
  42.1840 -126.8430  3
  42.1340 -126.8930  2
  42.0840 -126.9430  2
  42.0840 -126.8430  3
  42.1340 -126.8930  2
  42.1840 -126.9430  2
  41.9860 -126.9750  3
  42.0360 -126.9250  3
  41.9860 -126.9750  2
  41.9360 -127.0250  2
  41.9360 -126.9250  3
  41.9860 -126.9750  2
  42.0360 -127.0250  2
  41.8160 -126.9640  3
  41.8660 -126.9140  3
  41.8160 -126.9640  2
  41.7660 -127.0140  2
  41.7660 -126.9140  3
  41.8160 -126.9640  2
  41.8660 -127.0140  2
  41.6600 -126.9940  3
  41.7100 -126.9440  3
  41.6600 -126.9940  2
  41.6100 -127.0440  2
  41.6100 -126.9440  3
  41.6600 -126.9940  2
  41.7100 -127.0440  2
  41.5200 -127.0680  3
  41.5700 -127.0180  3
  41.5200 -127.0680  2
  41.4700 -127.1180  2
  41.4700 -127.0180  3
  41.5200 -127.0680  2
  41.5700 -127.1180  2
  41.3560 -127.2330  3
  41.4060 -127.1830  3
  41.3560 -127.2330  2
  41.3060 -127.2830  2
  41.3060 -127.1830  3
  41.3560 -127.2330  2
  41.4060 -127.2830  2
  41.1690 -127.3130  3
  41.2190 -127.2630  3
  41.1690 -127.3130  2
  41.1190 -127.3630  2
  41.1190 -127.2630  3
  41.1690 -127.3130  2
  41.2190 -127.3630  2
  41.0130 -127.3290  3
  41.0630 -127.2790  3
  41.0130 -127.3290  2
  40.9630 -127.3790  2
  40.9630 -127.2790  3
  41.0130 -127.3290  2
  41.0630 -127.3790  2
  40.8580 -127.3580  3
  40.9080 -127.3080  3
  40.8580 -127.3580  2
  40.8080 -127.4080  2
  40.8080 -127.3080  3
  40.8580 -127.3580  2
  40.9080 -127.4080  2
  48.5400 -128.5680  3
  48.5900 -128.5180  3
  48.5400 -128.5680  2
  48.4900 -128.6180  2
  48.4900 -128.5180  3
  48.5400 -128.5680  2
  48.5900 -128.6180  2
  48.3340 -128.6230  3
  48.3840 -128.5730  3
  48.3340 -128.6230  2
  48.2840 -128.6730  2
  48.2840 -128.5730  3
  48.3340 -128.6230  2
  48.3840 -128.6730  2
  48.1520 -128.7080  3
  48.2020 -128.6580  3
  48.1520 -128.7080  2
  48.1020 -128.7580  2
  48.1020 -128.6580  3
  48.1520 -128.7080  2
  48.2020 -128.7580  2
  48.0080 -128.7920  3
  48.0580 -128.7420  3
  48.0080 -128.7920  2
  47.9580 -128.8420  2
  47.9580 -128.7420  3
  48.0080 -128.7920  2
  48.0580 -128.8420  2
  99.0000    0.0000  3
 9996589 916  200   1.86   0.00 AN 2c    3                           
  49.8690 -129.1360  3
  49.9190 -129.0860  3
  49.8690 -129.1360  2
  49.8190 -129.1860  2
  49.8190 -129.0860  3
  49.8690 -129.1360  2
  49.9190 -129.1860  2
  49.7300 -129.3010  3
  49.7800 -129.2510  3
  49.7300 -129.3010  2
  49.6800 -129.3510  2
  49.6800 -129.2510  3
  49.7300 -129.3010  2
  49.7800 -129.3510  2
  49.5840 -129.4660  3
  49.6340 -129.4160  3
  49.5840 -129.4660  2
  49.5340 -129.5160  2
  49.5340 -129.4160  3
  49.5840 -129.4660  2
  49.6340 -129.5160  2
  49.4730 -129.6150  3
  49.5230 -129.5650  3
  49.4730 -129.6150  2
  49.4230 -129.6650  2
  49.4230 -129.5650  3
  49.4730 -129.6150  2
  49.5230 -129.6650  2
  47.9750 -128.3520  3
  48.0250 -128.3020  3
  47.9750 -128.3520  2
  47.9250 -128.4020  2
  47.9250 -128.3020  3
  47.9750 -128.3520  2
  48.0250 -128.4020  2
  47.7850 -128.4450  3
  47.8350 -128.3950  3
  47.7850 -128.4450  2
  47.7350 -128.4950  2
  47.7350 -128.3950  3
  47.7850 -128.4450  2
  47.8350 -128.4950  2
  47.6250 -128.5130  3
  47.6750 -128.4630  3
  47.6250 -128.5130  2
  47.5750 -128.5630  2
  47.5750 -128.4630  3
  47.6250 -128.5130  2
  47.6750 -128.5630  2
  47.2730 -128.4360  3
  47.3230 -128.3860  3
  47.2730 -128.4360  2
  47.2230 -128.4860  2
  47.2230 -128.3860  3
  47.2730 -128.4360  2
  47.3230 -128.4860  2
  47.1440 -128.4570  3
  47.1940 -128.4070  3
  47.1440 -128.4570  2
  47.0940 -128.5070  2
  47.0940 -128.4070  3
  47.1440 -128.4570  2
  47.1940 -128.5070  2
  46.9760 -128.5400  3
  47.0260 -128.4900  3
  46.9760 -128.5400  2
  46.9260 -128.5900  2
  46.9260 -128.4900  3
  46.9760 -128.5400  2
  47.0260 -128.5900  2
  46.7940 -128.6210  3
  46.8440 -128.5710  3
  46.7940 -128.6210  2
  46.7440 -128.6710  2
  46.7440 -128.5710  3
  46.7940 -128.6210  2
  46.8440 -128.6710  2
  46.6350 -128.7090  3
  46.6850 -128.6590  3
  46.6350 -128.7090  2
  46.5850 -128.7590  2
  46.5850 -128.6590  3
  46.6350 -128.7090  2
  46.6850 -128.7590  2
  46.4720 -128.7700  3
  46.5220 -128.7200  3
  46.4720 -128.7700  2
  46.4220 -128.8200  2
  46.4220 -128.7200  3
  46.4720 -128.7700  2
  46.5220 -128.8200  2
  46.2760 -128.8560  3
  46.3260 -128.8060  3
  46.2760 -128.8560  2
  46.2260 -128.9060  2
  46.2260 -128.8060  3
  46.2760 -128.8560  2
  46.3260 -128.9060  2
  46.1300 -128.9450  3
  46.1800 -128.8950  3
  46.1300 -128.9450  2
  46.0800 -128.9950  2
  46.0800 -128.8950  3
  46.1300 -128.9450  2
  46.1800 -128.9950  2
  45.9750 -129.0250  3
  46.0250 -128.9750  3
  45.9750 -129.0250  2
  45.9250 -129.0750  2
  45.9250 -128.9750  3
  45.9750 -129.0250  2
  46.0250 -129.0750  2
  45.8330 -129.0890  3
  45.8830 -129.0390  3
  45.8330 -129.0890  2
  45.7830 -129.1390  2
  45.7830 -129.0390  3
  45.8330 -129.0890  2
  45.8830 -129.1390  2
  45.6320 -129.1850  3
  45.6820 -129.1350  3
  45.6320 -129.1850  2
  45.5820 -129.2350  2
  45.5820 -129.1350  3
  45.6320 -129.1850  2
  45.6820 -129.2350  2
  45.4890 -129.2720  3
  45.5390 -129.2220  3
  45.4890 -129.2720  2
  45.4390 -129.3220  2
  45.4390 -129.2220  3
  45.4890 -129.2720  2
  45.5390 -129.3220  2
  45.3140 -129.3440  3
  45.3640 -129.2940  3
  45.3140 -129.3440  2
  45.2640 -129.3940  2
  45.2640 -129.2940  3
  45.3140 -129.3440  2
  45.3640 -129.3940  2
  45.1500 -129.4350  3
  45.2000 -129.3850  3
  45.1500 -129.4350  2
  45.1000 -129.4850  2
  45.1000 -129.3850  3
  45.1500 -129.4350  2
  45.2000 -129.4850  2
  44.9650 -129.5280  3
  45.0150 -129.4780  3
  44.9650 -129.5280  2
  44.9150 -129.5780  2
  44.9150 -129.4780  3
  44.9650 -129.5280  2
  45.0150 -129.5780  2
  44.7910 -129.5990  3
  44.8410 -129.5490  3
  44.7910 -129.5990  2
  44.7410 -129.6490  2
  44.7410 -129.5490  3
  44.7910 -129.5990  2
  44.8410 -129.6490  2
  44.6200 -129.6640  3
  44.6700 -129.6140  3
  44.6200 -129.6640  2
  44.5700 -129.7140  2
  44.5700 -129.6140  3
  44.6200 -129.6640  2
  44.6700 -129.7140  2
  44.4880 -129.7220  3
  44.5380 -129.6720  3
  44.4880 -129.7220  2
  44.4380 -129.7720  2
  44.4380 -129.6720  3
  44.4880 -129.7220  2
  44.5380 -129.7720  2
  42.7230 -126.1370  3
  42.7730 -126.0870  3
  42.7230 -126.1370  2
  42.6730 -126.1870  2
  42.6730 -126.0870  3
  42.7230 -126.1370  2
  42.7730 -126.1870  2
  42.5770 -126.2140  3
  42.6270 -126.1640  3
  42.5770 -126.2140  2
  42.5270 -126.2640  2
  42.5270 -126.1640  3
  42.5770 -126.2140  2
  42.6270 -126.2640  2
  42.3280 -126.3310  3
  42.3780 -126.2810  3
  42.3280 -126.3310  2
  42.2780 -126.3810  2
  42.2780 -126.2810  3
  42.3280 -126.3310  2
  42.3780 -126.3810  2
  42.1400 -126.4340  3
  42.1900 -126.3840  3
  42.1400 -126.4340  2
  42.0900 -126.4840  2
  42.0900 -126.3840  3
  42.1400 -126.4340  2
  42.1900 -126.4840  2
  41.7250 -126.6870  3
  41.7750 -126.6370  3
  41.7250 -126.6870  2
  41.6750 -126.7370  2
  41.6750 -126.6370  3
  41.7250 -126.6870  2
  41.7750 -126.7370  2
  41.5190 -126.8680  3
  41.5690 -126.8180  3
  41.5190 -126.8680  2
  41.4690 -126.9180  2
  41.4690 -126.8180  3
  41.5190 -126.8680  2
  41.5690 -126.9180  2
  41.3640 -127.0680  3
  41.4140 -127.0180  3
  41.3640 -127.0680  2
  41.3140 -127.1180  2
  41.3140 -127.0180  3
  41.3640 -127.0680  2
  41.4140 -127.1180  2
  41.1600 -127.1620  3
  41.2100 -127.1120  3
  41.1600 -127.1620  2
  41.1100 -127.2120  2
  41.1100 -127.1120  3
  41.1600 -127.1620  2
  41.2100 -127.2120  2
  48.7110 -128.1890  3
  48.7610 -128.1390  3
  48.7110 -128.1890  2
  48.6610 -128.2390  2
  48.6610 -128.1390  3
  48.7110 -128.1890  2
  48.7610 -128.2390  2
  48.5750 -128.1490  3
  48.6250 -128.0990  3
  48.5750 -128.1490  2
  48.5250 -128.1990  2
  48.5250 -128.0990  3
  48.5750 -128.1490  2
  48.6250 -128.1990  2
  48.4860 -128.1540  3
  48.5360 -128.1040  3
  48.4860 -128.1540  2
  48.4360 -128.2040  2
  48.4360 -128.1040  3
  48.4860 -128.1540  2
  48.5360 -128.2040  2
  48.3280 -128.2190  3
  48.3780 -128.1690  3
  48.3280 -128.2190  2
  48.2780 -128.2690  2
  48.2780 -128.1690  3
  48.3280 -128.2190  2
  48.3780 -128.2690  2
  48.1630 -128.2800  3
  48.2130 -128.2300  3
  48.1630 -128.2800  2
  48.1130 -128.3300  2
  48.1130 -128.2300  3
  48.1630 -128.2800  2
  48.2130 -128.3300  2
  48.0190 -128.3210  3
  48.0690 -128.2710  3
  48.0190 -128.3210  2
  47.9690 -128.3710  2
  47.9690 -128.2710  3
  48.0190 -128.3210  2
  48.0690 -128.3710  2
  99.0000    0.0000  3
 9996628 916  200   2.58   0.00 AN 2Ay   4                           
  49.7580 -128.8980  3
  49.8080 -128.8480  3
  49.7580 -128.8980  2
  49.7080 -128.9480  2
  49.7080 -128.8480  3
  49.7580 -128.8980  2
  49.8080 -128.9480  2
  49.6390 -129.0410  3
  49.6890 -128.9910  3
  49.6390 -129.0410  2
  49.5890 -129.0910  2
  49.5890 -128.9910  3
  49.6390 -129.0410  2
  49.6890 -129.0910  2
  49.5310 -129.2000  3
  49.5810 -129.1500  3
  49.5310 -129.2000  2
  49.4810 -129.2500  2
  49.4810 -129.1500  3
  49.5310 -129.2000  2
  49.5810 -129.2500  2
  49.4130 -129.4080  3
  49.4630 -129.3580  3
  49.4130 -129.4080  2
  49.3630 -129.4580  2
  49.3630 -129.3580  3
  49.4130 -129.4080  2
  49.4630 -129.4580  2
  47.9740 -128.0560  3
  48.0240 -128.0060  3
  47.9740 -128.0560  2
  47.9240 -128.1060  2
  47.9240 -128.0060  3
  47.9740 -128.0560  2
  48.0240 -128.1060  2
  47.7910 -128.1380  3
  47.8410 -128.0880  3
  47.7910 -128.1380  2
  47.7410 -128.1880  2
  47.7410 -128.0880  3
  47.7910 -128.1380  2
  47.8410 -128.1880  2
  47.6260 -128.2120  3
  47.6760 -128.1620  3
  47.6260 -128.2120  2
  47.5760 -128.2620  2
  47.5760 -128.1620  3
  47.6260 -128.2120  2
  47.6760 -128.2620  2
  47.4950 -128.2730  3
  47.5450 -128.2230  3
  47.4950 -128.2730  2
  47.4450 -128.3230  2
  47.4450 -128.2230  3
  47.4950 -128.2730  2
  47.5450 -128.3230  2
  47.3150 -128.3570  3
  47.3650 -128.3070  3
  47.3150 -128.3570  2
  47.2650 -128.4070  2
  47.2650 -128.3070  3
  47.3150 -128.3570  2
  47.3650 -128.4070  2
  46.7130 -128.3760  3
  46.7630 -128.3260  3
  46.7130 -128.3760  2
  46.6630 -128.4260  2
  46.6630 -128.3260  3
  46.7130 -128.3760  2
  46.7630 -128.4260  2
  46.4720 -128.4960  3
  46.5220 -128.4460  3
  46.4720 -128.4960  2
  46.4220 -128.5460  2
  46.4220 -128.4460  3
  46.4720 -128.4960  2
  46.5220 -128.5460  2
  46.2660 -128.5890  3
  46.3160 -128.5390  3
  46.2660 -128.5890  2
  46.2160 -128.6390  2
  46.2160 -128.5390  3
  46.2660 -128.5890  2
  46.3160 -128.6390  2
  46.1250 -128.6690  3
  46.1750 -128.6190  3
  46.1250 -128.6690  2
  46.0750 -128.7190  2
  46.0750 -128.6190  3
  46.1250 -128.6690  2
  46.1750 -128.7190  2
  45.8380 -128.8030  3
  45.8880 -128.7530  3
  45.8380 -128.8030  2
  45.7880 -128.8530  2
  45.7880 -128.7530  3
  45.8380 -128.8030  2
  45.8880 -128.8530  2
  45.6440 -128.8910  3
  45.6940 -128.8410  3
  45.6440 -128.8910  2
  45.5940 -128.9410  2
  45.5940 -128.8410  3
  45.6440 -128.8910  2
  45.6940 -128.9410  2
  45.4760 -128.9910  3
  45.5260 -128.9410  3
  45.4760 -128.9910  2
  45.4260 -129.0410  2
  45.4260 -128.9410  3
  45.4760 -128.9910  2
  45.5260 -129.0410  2
  45.3190 -129.0560  3
  45.3690 -129.0060  3
  45.3190 -129.0560  2
  45.2690 -129.1060  2
  45.2690 -129.0060  3
  45.3190 -129.0560  2
  45.3690 -129.1060  2
  45.1620 -129.1550  3
  45.2120 -129.1050  3
  45.1620 -129.1550  2
  45.1120 -129.2050  2
  45.1120 -129.1050  3
  45.1620 -129.1550  2
  45.2120 -129.2050  2
  44.9750 -129.2340  3
  45.0250 -129.1840  3
  44.9750 -129.2340  2
  44.9250 -129.2840  2
  44.9250 -129.1840  3
  44.9750 -129.2340  2
  45.0250 -129.2840  2
  44.8070 -129.2950  3
  44.8570 -129.2450  3
  44.8070 -129.2950  2
  44.7570 -129.3450  2
  44.7570 -129.2450  3
  44.8070 -129.2950  2
  44.8570 -129.3450  2
  44.6330 -129.4330  3
  44.6830 -129.3830  3
  44.6330 -129.4330  2
  44.5830 -129.4830  2
  44.5830 -129.3830  3
  44.6330 -129.4330  2
  44.6830 -129.4830  2
  44.4960 -129.4860  3
  44.5460 -129.4360  3
  44.4960 -129.4860  2
  44.4460 -129.5360  2
  44.4460 -129.4360  3
  44.4960 -129.4860  2
  44.5460 -129.5360  2
  42.5950 -125.9340  3
  42.6450 -125.8840  3
  42.5950 -125.9340  2
  42.5450 -125.9840  2
  42.5450 -125.8840  3
  42.5950 -125.9340  2
  42.6450 -125.9840  2
  42.5130 -125.9450  3
  42.5630 -125.8950  3
  42.5130 -125.9450  2
  42.4630 -125.9950  2
  42.4630 -125.8950  3
  42.5130 -125.9450  2
  42.5630 -125.9950  2
  42.3090 -126.0820  3
  42.3590 -126.0320  3
  42.3090 -126.0820  2
  42.2590 -126.1320  2
  42.2590 -126.0320  3
  42.3090 -126.0820  2
  42.3590 -126.1320  2
  42.1480 -126.1700  3
  42.1980 -126.1200  3
  42.1480 -126.1700  2
  42.0980 -126.2200  2
  42.0980 -126.1200  3
  42.1480 -126.1700  2
  42.1980 -126.2200  2
  41.9900 -126.3230  3
  42.0400 -126.2730  3
  41.9900 -126.3230  2
  41.9400 -126.3730  2
  41.9400 -126.2730  3
  41.9900 -126.3230  2
  42.0400 -126.3730  2
  41.7390 -126.2580  3
  41.7890 -126.2080  3
  41.7390 -126.2580  2
  41.6890 -126.3080  2
  41.6890 -126.2080  3
  41.7390 -126.2580  2
  41.7890 -126.3080  2
  41.5720 -126.5390  3
  41.6220 -126.4890  3
  41.5720 -126.5390  2
  41.5220 -126.5890  2
  41.5220 -126.4890  3
  41.5720 -126.5390  2
  41.6220 -126.5890  2
  41.4010 -126.7790  3
  41.4510 -126.7290  3
  41.4010 -126.7790  2
  41.3510 -126.8290  2
  41.3510 -126.7290  3
  41.4010 -126.7790  2
  41.4510 -126.8290  2
  41.2090 -126.9670  3
  41.2590 -126.9170  3
  41.2090 -126.9670  2
  41.1590 -127.0170  2
  41.1590 -126.9170  3
  41.2090 -126.9670  2
  41.2590 -127.0170  2
  41.0070 -127.1160  3
  41.0570 -127.0660  3
  41.0070 -127.1160  2
  40.9570 -127.1660  2
  40.9570 -127.0660  3
  41.0070 -127.1160  2
  41.0570 -127.1660  2
  40.8600 -127.2120  3
  40.9100 -127.1620  3
  40.8600 -127.2120  2
  40.8100 -127.2620  2
  40.8100 -127.1620  3
  40.8600 -127.2120  2
  40.9100 -127.2620  2
  48.7150 -127.7960  3
  48.7650 -127.7460  3
  48.7150 -127.7960  2
  48.6650 -127.8460  2
  48.6650 -127.7460  3
  48.7150 -127.7960  2
  48.7650 -127.8460  2
  48.5050 -127.8470  3
  48.5550 -127.7970  3
  48.5050 -127.8470  2
  48.4550 -127.8970  2
  48.4550 -127.7970  3
  48.5050 -127.8470  2
  48.5550 -127.8970  2
  48.2190 -127.9720  3
  48.2690 -127.9220  3
  48.2190 -127.9720  2
  48.1690 -128.0220  2
  48.1690 -127.9220  3
  48.2190 -127.9720  2
  48.2690 -128.0220  2
  48.0170 -128.0440  3
  48.0670 -127.9940  3
  48.0170 -128.0440  2
  47.9670 -128.0940  2
  47.9670 -127.9940  3
  48.0170 -128.0440  2
  48.0670 -128.0940  2
  99.0000    0.0000  3
 9996665 916  200   3.58   0.00 AN 2Ao   5                           
  47.9690 -127.6610  3
  48.0190 -127.6110  3
  47.9690 -127.6610  2
  47.9190 -127.7110  2
  47.9190 -127.6110  3
  47.9690 -127.6610  2
  48.0190 -127.7110  2
  47.8000 -127.7150  3
  47.8500 -127.6650  3
  47.8000 -127.7150  2
  47.7500 -127.7650  2
  47.7500 -127.6650  3
  47.8000 -127.7150  2
  47.8500 -127.7650  2
  47.6240 -127.7850  3
  47.6740 -127.7350  3
  47.6240 -127.7850  2
  47.5740 -127.8350  2
  47.5740 -127.7350  3
  47.6240 -127.7850  2
  47.6740 -127.8350  2
  47.4880 -127.8540  3
  47.5380 -127.8040  3
  47.4880 -127.8540  2
  47.4380 -127.9040  2
  47.4380 -127.8040  3
  47.4880 -127.8540  2
  47.5380 -127.9040  2
  47.2920 -127.9420  3
  47.3420 -127.8920  3
  47.2920 -127.9420  2
  47.2420 -127.9920  2
  47.2420 -127.8920  3
  47.2920 -127.9420  2
  47.3420 -127.9920  2
  47.1470 -128.0460  3
  47.1970 -127.9960  3
  47.1470 -128.0460  2
  47.0970 -128.0960  2
  47.0970 -127.9960  3
  47.1470 -128.0460  2
  47.1970 -128.0960  2
  46.9720 -128.1620  3
  47.0220 -128.1120  3
  46.9720 -128.1620  2
  46.9220 -128.2120  2
  46.9220 -128.1120  3
  46.9720 -128.1620  2
  47.0220 -128.2120  2
  46.7970 -128.2710  3
  46.8470 -128.2210  3
  46.7970 -128.2710  2
  46.7470 -128.3210  2
  46.7470 -128.2210  3
  46.7970 -128.2710  2
  46.8470 -128.3210  2
  46.1250 -128.2720  3
  46.1750 -128.2220  3
  46.1250 -128.2720  2
  46.0750 -128.3220  2
  46.0750 -128.2220  3
  46.1250 -128.2720  2
  46.1750 -128.3220  2
  45.9730 -128.3280  3
  46.0230 -128.2780  3
  45.9730 -128.3280  2
  45.9230 -128.3780  2
  45.9230 -128.2780  3
  45.9730 -128.3280  2
  46.0230 -128.3780  2
  45.8350 -128.3690  3
  45.8850 -128.3190  3
  45.8350 -128.3690  2
  45.7850 -128.4190  2
  45.7850 -128.3190  3
  45.8350 -128.3690  2
  45.8850 -128.4190  2
  45.6380 -128.4920  3
  45.6880 -128.4420  3
  45.6380 -128.4920  2
  45.5880 -128.5420  2
  45.5880 -128.4420  3
  45.6380 -128.4920  2
  45.6880 -128.5420  2
  45.4640 -128.6010  3
  45.5140 -128.5510  3
  45.4640 -128.6010  2
  45.4140 -128.6510  2
  45.4140 -128.5510  3
  45.4640 -128.6010  2
  45.5140 -128.6510  2
  45.3020 -128.7010  3
  45.3520 -128.6510  3
  45.3020 -128.7010  2
  45.2520 -128.7510  2
  45.2520 -128.6510  3
  45.3020 -128.7010  2
  45.3520 -128.7510  2
  45.1630 -128.7640  3
  45.2130 -128.7140  3
  45.1630 -128.7640  2
  45.1130 -128.8140  2
  45.1130 -128.7140  3
  45.1630 -128.7640  2
  45.2130 -128.8140  2
  45.0040 -128.8780  3
  45.0540 -128.8280  3
  45.0040 -128.8780  2
  44.9540 -128.9280  2
  44.9540 -128.8280  3
  45.0040 -128.8780  2
  45.0540 -128.9280  2
  44.8150 -128.9440  3
  44.8650 -128.8940  3
  44.8150 -128.9440  2
  44.7650 -128.9940  2
  44.7650 -128.8940  3
  44.8150 -128.9440  2
  44.8650 -128.9940  2
  42.2360 -125.6970  3
  42.2860 -125.6470  3
  42.2360 -125.6970  2
  42.1860 -125.7470  2
  42.1860 -125.6470  3
  42.2360 -125.6970  2
  42.2860 -125.7470  2
  42.1490 -125.7530  3
  42.1990 -125.7030  3
  42.1490 -125.7530  2
  42.0990 -125.8030  2
  42.0990 -125.7030  3
  42.1490 -125.7530  2
  42.1990 -125.8030  2
  41.9860 -125.8080  3
  42.0360 -125.7580  3
  41.9860 -125.8080  2
  41.9360 -125.8580  2
  41.9360 -125.7580  3
  41.9860 -125.8080  2
  42.0360 -125.8580  2
  41.8990 -125.7230  3
  41.9490 -125.6730  3
  41.8990 -125.7230  2
  41.8490 -125.7730  2
  41.8490 -125.6730  3
  41.8990 -125.7230  2
  41.9490 -125.7730  2
  41.6950 -125.8240  3
  41.7450 -125.7740  3
  41.6950 -125.8240  2
  41.6450 -125.8740  2
  41.6450 -125.7740  3
  41.6950 -125.8240  2
  41.7450 -125.8740  2
  41.5340 -126.0330  3
  41.5840 -125.9830  3
  41.5340 -126.0330  2
  41.4840 -126.0830  2
  41.4840 -125.9830  3
  41.5340 -126.0330  2
  41.5840 -126.0830  2
  41.4150 -126.2360  3
  41.4650 -126.1860  3
  41.4150 -126.2360  2
  41.3650 -126.2860  2
  41.3650 -126.1860  3
  41.4150 -126.2360  2
  41.4650 -126.2860  2
  41.2830 -126.4550  3
  41.3330 -126.4050  3
  41.2830 -126.4550  2
  41.2330 -126.5050  2
  41.2330 -126.4050  3
  41.2830 -126.4550  2
  41.3330 -126.5050  2
  41.1440 -126.6950  3
  41.1940 -126.6450  3
  41.1440 -126.6950  2
  41.0940 -126.7450  2
  41.0940 -126.6450  3
  41.1440 -126.6950  2
  41.1940 -126.7450  2
  40.9920 -126.8630  3
  41.0420 -126.8130  3
  40.9920 -126.8630  2
  40.9420 -126.9130  2
  40.9420 -126.8130  3
  40.9920 -126.8630  2
  41.0420 -126.9130  2
  40.7580 -127.1060  3
  40.8080 -127.0560  3
  40.7580 -127.1060  2
  40.7080 -127.1560  2
  40.7080 -127.0560  3
  40.7580 -127.1060  2
  40.8080 -127.1560  2
  40.5970 -127.1280  3
  40.6470 -127.0780  3
  40.5970 -127.1280  2
  40.5470 -127.1780  2
  40.5470 -127.0780  3
  40.5970 -127.1280  2
  40.6470 -127.1780  2
  99.0000    0.0000  3
 9996694 916  200   4.18   0.00 AN 3y    6                           
  47.9740 -127.5280  3
  48.0240 -127.4780  3
  47.9740 -127.5280  2
  47.9240 -127.5780  2
  47.9240 -127.4780  3
  47.9740 -127.5280  2
  48.0240 -127.5780  2
  47.8110 -127.5050  3
  47.8610 -127.4550  3
  47.8110 -127.5050  2
  47.7610 -127.5550  2
  47.7610 -127.4550  3
  47.8110 -127.5050  2
  47.8610 -127.5550  2
  47.6320 -127.5840  3
  47.6820 -127.5340  3
  47.6320 -127.5840  2
  47.5820 -127.6340  2
  47.5820 -127.5340  3
  47.6320 -127.5840  2
  47.6820 -127.6340  2
  47.4860 -127.6630  3
  47.5360 -127.6130  3
  47.4860 -127.6630  2
  47.4360 -127.7130  2
  47.4360 -127.6130  3
  47.4860 -127.6630  2
  47.5360 -127.7130  2
  47.3200 -127.7440  3
  47.3700 -127.6940  3
  47.3200 -127.7440  2
  47.2700 -127.7940  2
  47.2700 -127.6940  3
  47.3200 -127.7440  2
  47.3700 -127.7940  2
  47.1490 -127.8340  3
  47.1990 -127.7840  3
  47.1490 -127.8340  2
  47.0990 -127.8840  2
  47.0990 -127.7840  3
  47.1490 -127.8340  2
  47.1990 -127.8840  2
  46.9760 -127.9610  3
  47.0260 -127.9110  3
  46.9760 -127.9610  2
  46.9260 -128.0110  2
  46.9260 -127.9110  3
  46.9760 -127.9610  2
  47.0260 -128.0110  2
  46.7960 -128.0450  3
  46.8460 -127.9950  3
  46.7960 -128.0450  2
  46.7460 -128.0950  2
  46.7460 -127.9950  3
  46.7960 -128.0450  2
  46.8460 -128.0950  2
  46.6560 -128.1120  3
  46.7060 -128.0620  3
  46.6560 -128.1120  2
  46.6060 -128.1620  2
  46.6060 -128.0620  3
  46.6560 -128.1120  2
  46.7060 -128.1620  2
  46.4750 -128.2170  3
  46.5250 -128.1670  3
  46.4750 -128.2170  2
  46.4250 -128.2670  2
  46.4250 -128.1670  3
  46.4750 -128.2170  2
  46.5250 -128.2670  2
  44.5010 -127.9750  3
  44.5510 -127.9250  3
  44.5010 -127.9750  2
  44.4510 -128.0250  2
  44.4510 -127.9250  3
  44.5010 -127.9750  2
  44.5510 -128.0250  2
  44.2970 -127.9520  3
  44.3470 -127.9020  3
  44.2970 -127.9520  2
  44.2470 -128.0020  2
  44.2470 -127.9020  3
  44.2970 -127.9520  2
  44.3470 -128.0020  2
  44.1550 -128.0100  3
  44.2050 -127.9600  3
  44.1550 -128.0100  2
  44.1050 -128.0600  2
  44.1050 -127.9600  3
  44.1550 -128.0100  2
  44.2050 -128.0600  2
  43.8290 -128.2030  3
  43.8790 -128.1530  3
  43.8290 -128.2030  2
  43.7790 -128.2530  2
  43.7790 -128.1530  3
  43.8290 -128.2030  2
  43.8790 -128.2530  2
  42.1230 -125.5020  3
  42.1730 -125.4520  3
  42.1230 -125.5020  2
  42.0730 -125.5520  2
  42.0730 -125.4520  3
  42.1230 -125.5020  2
  42.1730 -125.5520  2
  41.9910 -125.4150  3
  42.0410 -125.3650  3
  41.9910 -125.4150  2
  41.9410 -125.4650  2
  41.9410 -125.3650  3
  41.9910 -125.4150  2
  42.0410 -125.4650  2
  41.8420 -125.5070  3
  41.8920 -125.4570  3
  41.8420 -125.5070  2
  41.7920 -125.5570  2
  41.7920 -125.4570  3
  41.8420 -125.5070  2
  41.8920 -125.5570  2
  41.6750 -125.5930  3
  41.7250 -125.5430  3
  41.6750 -125.5930  2
  41.6250 -125.6430  2
  41.6250 -125.5430  3
  41.6750 -125.5930  2
  41.7250 -125.6430  2
  41.5040 -125.7830  3
  41.5540 -125.7330  3
  41.5040 -125.7830  2
  41.4540 -125.8330  2
  41.4540 -125.7330  3
  41.5040 -125.7830  2
  41.5540 -125.8330  2
  41.3590 -126.0160  3
  41.4090 -125.9660  3
  41.3590 -126.0160  2
  41.3090 -126.0660  2
  41.3090 -125.9660  3
  41.3590 -126.0160  2
  41.4090 -126.0660  2
  41.2180 -126.2700  3
  41.2680 -126.2200  3
  41.2180 -126.2700  2
  41.1680 -126.3200  2
  41.1680 -126.2200  3
  41.2180 -126.2700  2
  41.2680 -126.3200  2
  41.0860 -126.4650  3
  41.1360 -126.4150  3
  41.0860 -126.4650  2
  41.0360 -126.5150  2
  41.0360 -126.4150  3
  41.0860 -126.4650  2
  41.1360 -126.5150  2
  40.9530 -126.6830  3
  41.0030 -126.6330  3
  40.9530 -126.6830  2
  40.9030 -126.7330  2
  40.9030 -126.6330  3
  40.9530 -126.6830  2
  41.0030 -126.7330  2
  40.6360 -126.9140  3
  40.6860 -126.8640  3
  40.6360 -126.9140  2
  40.5860 -126.9640  2
  40.5860 -126.8640  3
  40.6360 -126.9140  2
  40.6860 -126.9640  2
  99.0000    0.0000  3
 9996718 916  200   4.18   0.00 AN 3o    6                           
  47.9700 -127.2450  3
  48.0200 -127.1950  3
  47.9700 -127.2450  2
  47.9200 -127.2950  2
  47.9200 -127.1950  3
  47.9700 -127.2450  2
  48.0200 -127.2950  2
  47.8130 -127.2470  3
  47.8630 -127.1970  3
  47.8130 -127.2470  2
  47.7630 -127.2970  2
  47.7630 -127.1970  3
  47.8130 -127.2470  2
  47.8630 -127.2970  2
  47.6110 -127.3230  3
  47.6610 -127.2730  3
  47.6110 -127.3230  2
  47.5610 -127.3730  2
  47.5610 -127.2730  3
  47.6110 -127.3230  2
  47.6610 -127.3730  2
  47.4880 -127.3700  3
  47.5380 -127.3200  3
  47.4880 -127.3700  2
  47.4380 -127.4200  2
  47.4380 -127.3200  3
  47.4880 -127.3700  2
  47.5380 -127.4200  2
  47.3410 -127.4360  3
  47.3910 -127.3860  3
  47.3410 -127.4360  2
  47.2910 -127.4860  2
  47.2910 -127.3860  3
  47.3410 -127.4360  2
  47.3910 -127.4860  2
  47.1520 -127.5090  3
  47.2020 -127.4590  3
  47.1520 -127.5090  2
  47.1020 -127.5590  2
  47.1020 -127.4590  3
  47.1520 -127.5090  2
  47.2020 -127.5590  2
  46.9940 -127.5790  3
  47.0440 -127.5290  3
  46.9940 -127.5790  2
  46.9440 -127.6290  2
  46.9440 -127.5290  3
  46.9940 -127.5790  2
  47.0440 -127.6290  2
  46.7920 -127.6850  3
  46.8420 -127.6350  3
  46.7920 -127.6850  2
  46.7420 -127.7350  2
  46.7420 -127.6350  3
  46.7920 -127.6850  2
  46.8420 -127.7350  2
  46.5810 -127.6680  3
  46.6310 -127.6180  3
  46.5810 -127.6680  2
  46.5310 -127.7180  2
  46.5310 -127.6180  3
  46.5810 -127.6680  2
  46.6310 -127.7180  2
  46.4840 -127.7070  3
  46.5340 -127.6570  3
  46.4840 -127.7070  2
  46.4340 -127.7570  2
  46.4340 -127.6570  3
  46.4840 -127.7070  2
  46.5340 -127.7570  2
  46.2850 -127.7920  3
  46.3350 -127.7420  3
  46.2850 -127.7920  2
  46.2350 -127.8420  2
  46.2350 -127.7420  3
  46.2850 -127.7920  2
  46.3350 -127.8420  2
  45.2540 -127.4450  3
  45.3040 -127.3950  3
  45.2540 -127.4450  2
  45.2040 -127.4950  2
  45.2040 -127.3950  3
  45.2540 -127.4450  2
  45.3040 -127.4950  2
  45.1510 -127.4330  3
  45.2010 -127.3830  3
  45.1510 -127.4330  2
  45.1010 -127.4830  2
  45.1010 -127.3830  3
  45.1510 -127.4330  2
  45.2010 -127.4830  2
  45.0200 -127.4230  3
  45.0700 -127.3730  3
  45.0200 -127.4230  2
  44.9700 -127.4730  2
  44.9700 -127.3730  3
  45.0200 -127.4230  2
  45.0700 -127.4730  2
  44.9130 -127.4240  3
  44.9630 -127.3740  3
  44.9130 -127.4240  2
  44.8630 -127.4740  2
  44.8630 -127.3740  3
  44.9130 -127.4240  2
  44.9630 -127.4740  2
  44.8460 -127.4470  3
  44.8960 -127.3970  3
  44.8460 -127.4470  2
  44.7960 -127.4970  2
  44.7960 -127.3970  3
  44.8460 -127.4470  2
  44.8960 -127.4970  2
  44.6480 -127.5080  3
  44.6980 -127.4580  3
  44.6480 -127.5080  2
  44.5980 -127.5580  2
  44.5980 -127.4580  3
  44.6480 -127.5080  2
  44.6980 -127.5580  2
  44.4950 -127.5640  3
  44.5450 -127.5140  3
  44.4950 -127.5640  2
  44.4450 -127.6140  2
  44.4450 -127.5140  3
  44.4950 -127.5640  2
  44.5450 -127.6140  2
  44.2970 -127.6190  3
  44.3470 -127.5690  3
  44.2970 -127.6190  2
  44.2470 -127.6690  2
  44.2470 -127.5690  3
  44.2970 -127.6190  2
  44.3470 -127.6690  2
  44.1520 -127.6700  3
  44.2020 -127.6200  3
  44.1520 -127.6700  2
  44.1020 -127.7200  2
  44.1020 -127.6200  3
  44.1520 -127.6700  2
  44.2020 -127.7200  2
  44.0050 -127.7120  3
  44.0550 -127.6620  3
  44.0050 -127.7120  2
  43.9550 -127.7620  2
  43.9550 -127.6620  3
  44.0050 -127.7120  2
  44.0550 -127.7620  2
  43.8460 -127.7270  3
  43.8960 -127.6770  3
  43.8460 -127.7270  2
  43.7960 -127.7770  2
  43.7960 -127.6770  3
  43.8460 -127.7270  2
  43.8960 -127.7770  2
  43.6520 -127.6840  3
  43.7020 -127.6340  3
  43.6520 -127.6840  2
  43.6020 -127.7340  2
  43.6020 -127.6340  3
  43.6520 -127.6840  2
  43.7020 -127.7340  2
  41.6380 -125.1920  3
  41.6880 -125.1420  3
  41.6380 -125.1920  2
  41.5880 -125.2420  2
  41.5880 -125.1420  3
  41.6380 -125.1920  2
  41.6880 -125.2420  2
  41.4470 -125.2980  3
  41.4970 -125.2480  3
  41.4470 -125.2980  2
  41.3970 -125.3480  2
  41.3970 -125.2480  3
  41.4470 -125.2980  2
  41.4970 -125.3480  2
  41.2670 -125.6110  3
  41.3170 -125.5610  3
  41.2670 -125.6110  2
  41.2170 -125.6610  2
  41.2170 -125.5610  3
  41.2670 -125.6110  2
  41.3170 -125.6610  2
  41.1470 -125.8950  3
  41.1970 -125.8450  3
  41.1470 -125.8950  2
  41.0970 -125.9450  2
  41.0970 -125.8450  3
  41.1470 -125.8950  2
  41.1970 -125.9450  2
  41.0260 -126.1260  3
  41.0760 -126.0760  3
  41.0260 -126.1260  2
  40.9760 -126.1760  2
  40.9760 -126.0760  3
  41.0260 -126.1260  2
  41.0760 -126.1760  2
  40.8550 -126.4310  3
  40.9050 -126.3810  3
  40.8550 -126.4310  2
  40.8050 -126.4810  2
  40.8050 -126.3810  3
  40.8550 -126.4310  2
  40.9050 -126.4810  2
  40.6480 -126.5870  3
  40.6980 -126.5370  3
  40.6480 -126.5870  2
  40.5980 -126.6370  2
  40.5980 -126.5370  3
  40.6480 -126.5870  2
  40.6980 -126.6370  2
  99.0000    0.0000  3
 9996748 916  200   5.89   0.00 AN 3Ay   7                           
  48.5020 -126.9880  3
  48.5520 -126.9380  3
  48.5020 -126.9880  2
  48.4520 -127.0380  2
  48.4520 -126.9380  3
  48.5020 -126.9880  2
  48.5520 -127.0380  2
  48.3620 -126.9250  3
  48.4120 -126.8750  3
  48.3620 -126.9250  2
  48.3120 -126.9750  2
  48.3120 -126.8750  3
  48.3620 -126.9250  2
  48.4120 -126.9750  2
  48.2110 -126.9130  3
  48.2610 -126.8630  3
  48.2110 -126.9130  2
  48.1610 -126.9630  2
  48.1610 -126.8630  3
  48.2110 -126.9130  2
  48.2610 -126.9630  2
  48.0700 -126.9420  3
  48.1200 -126.8920  3
  48.0700 -126.9420  2
  48.0200 -126.9920  2
  48.0200 -126.8920  3
  48.0700 -126.9420  2
  48.1200 -126.9920  2
  47.9740 -127.0100  3
  48.0240 -126.9600  3
  47.9740 -127.0100  2
  47.9240 -127.0600  2
  47.9240 -126.9600  3
  47.9740 -127.0100  2
  48.0240 -127.0600  2
  47.8220 -127.0430  3
  47.8720 -126.9930  3
  47.8220 -127.0430  2
  47.7720 -127.0930  2
  47.7720 -126.9930  3
  47.8220 -127.0430  2
  47.8720 -127.0930  2
  47.6470 -127.0800  3
  47.6970 -127.0300  3
  47.6470 -127.0800  2
  47.5970 -127.1300  2
  47.5970 -127.0300  3
  47.6470 -127.0800  2
  47.6970 -127.1300  2
  47.4910 -127.1290  3
  47.5410 -127.0790  3
  47.4910 -127.1290  2
  47.4410 -127.1790  2
  47.4410 -127.0790  3
  47.4910 -127.1290  2
  47.5410 -127.1790  2
  47.3040 -127.1840  3
  47.3540 -127.1340  3
  47.3040 -127.1840  2
  47.2540 -127.2340  2
  47.2540 -127.1340  3
  47.3040 -127.1840  2
  47.3540 -127.2340  2
  47.1570 -127.2020  3
  47.2070 -127.1520  3
  47.1570 -127.2020  2
  47.1070 -127.2520  2
  47.1070 -127.1520  3
  47.1570 -127.2020  2
  47.2070 -127.2520  2
  46.9560 -127.2730  3
  47.0060 -127.2230  3
  46.9560 -127.2730  2
  46.9060 -127.3230  2
  46.9060 -127.2230  3
  46.9560 -127.2730  2
  47.0060 -127.3230  2
  46.7870 -127.3210  3
  46.8370 -127.2710  3
  46.7870 -127.3210  2
  46.7370 -127.3710  2
  46.7370 -127.2710  3
  46.7870 -127.3210  2
  46.8370 -127.3710  2
  46.6270 -127.3410  3
  46.6770 -127.2910  3
  46.6270 -127.3410  2
  46.5770 -127.3910  2
  46.5770 -127.2910  3
  46.6270 -127.3410  2
  46.6770 -127.3910  2
  46.4940 -127.3800  3
  46.5440 -127.3300  3
  46.4940 -127.3800  2
  46.4440 -127.4300  2
  46.4440 -127.3300  3
  46.4940 -127.3800  2
  46.5440 -127.4300  2
  46.2920 -127.4490  3
  46.3420 -127.3990  3
  46.2920 -127.4490  2
  46.2420 -127.4990  2
  46.2420 -127.3990  3
  46.2920 -127.4490  2
  46.3420 -127.4990  2
  46.1320 -127.4970  3
  46.1820 -127.4470  3
  46.1320 -127.4970  2
  46.0820 -127.5470  2
  46.0820 -127.4470  3
  46.1320 -127.4970  2
  46.1820 -127.5470  2
  45.9670 -127.5400  3
  46.0170 -127.4900  3
  45.9670 -127.5400  2
  45.9170 -127.5900  2
  45.9170 -127.4900  3
  45.9670 -127.5400  2
  46.0170 -127.5900  2
  45.8340 -127.5760  3
  45.8840 -127.5260  3
  45.8340 -127.5760  2
  45.7840 -127.6260  2
  45.7840 -127.5260  3
  45.8340 -127.5760  2
  45.8840 -127.6260  2
  45.6330 -127.7100  3
  45.6830 -127.6600  3
  45.6330 -127.7100  2
  45.5830 -127.7600  2
  45.5830 -127.6600  3
  45.6330 -127.7100  2
  45.6830 -127.7600  2
  45.4660 -127.8110  3
  45.5160 -127.7610  3
  45.4660 -127.8110  2
  45.4160 -127.8610  2
  45.4160 -127.7610  3
  45.4660 -127.8110  2
  45.5160 -127.8610  2
  45.4820 -127.0700  3
  45.5320 -127.0200  3
  45.4820 -127.0700  2
  45.4320 -127.1200  2
  45.4320 -127.0200  3
  45.4820 -127.0700  2
  45.5320 -127.1200  2
  45.2880 -127.0020  3
  45.3380 -126.9520  3
  45.2880 -127.0020  2
  45.2380 -127.0520  2
  45.2380 -126.9520  3
  45.2880 -127.0020  2
  45.3380 -127.0520  2
  45.1620 -127.0000  3
  45.2120 -126.9500  3
  45.1620 -127.0000  2
  45.1120 -127.0500  2
  45.1120 -126.9500  3
  45.1620 -127.0000  2
  45.2120 -127.0500  2
  44.9790 -127.0540  3
  45.0290 -127.0040  3
  44.9790 -127.0540  2
  44.9290 -127.1040  2
  44.9290 -127.0040  3
  44.9790 -127.0540  2
  45.0290 -127.1040  2
  44.8460 -127.0930  3
  44.8960 -127.0430  3
  44.8460 -127.0930  2
  44.7960 -127.1430  2
  44.7960 -127.0430  3
  44.8460 -127.0930  2
  44.8960 -127.1430  2
  44.6540 -127.1490  3
  44.7040 -127.0990  3
  44.6540 -127.1490  2
  44.6040 -127.1990  2
  44.6040 -127.0990  3
  44.6540 -127.1490  2
  44.7040 -127.1990  2
  44.4850 -127.1800  3
  44.5350 -127.1300  3
  44.4850 -127.1800  2
  44.4350 -127.2300  2
  44.4350 -127.1300  3
  44.4850 -127.1800  2
  44.5350 -127.2300  2
  44.3070 -127.2130  3
  44.3570 -127.1630  3
  44.3070 -127.2130  2
  44.2570 -127.2630  2
  44.2570 -127.1630  3
  44.3070 -127.2130  2
  44.3570 -127.2630  2
  44.1400 -127.2530  3
  44.1900 -127.2030  3
  44.1400 -127.2530  2
  44.0900 -127.3030  2
  44.0900 -127.2030  3
  44.1400 -127.2530  2
  44.1900 -127.3030  2
  43.8490 -127.3280  3
  43.8990 -127.2780  3
  43.8490 -127.3280  2
  43.7990 -127.3780  2
  43.7990 -127.2780  3
  43.8490 -127.3280  2
  43.8990 -127.3780  2
  43.6090 -127.3890  3
  43.6590 -127.3390  3
  43.6090 -127.3890  2
  43.5590 -127.4390  2
  43.5590 -127.3390  3
  43.6090 -127.3890  2
  43.6590 -127.4390  2
  43.5970 -126.7640  3
  43.6470 -126.7140  3
  43.5970 -126.7640  2
  43.5470 -126.8140  2
  43.5470 -126.7140  3
  43.5970 -126.7640  2
  43.6470 -126.8140  2
  43.4480 -126.7870  3
  43.4980 -126.7370  3
  43.4480 -126.7870  2
  43.3980 -126.8370  2
  43.3980 -126.7370  3
  43.4480 -126.7870  2
  43.4980 -126.8370  2
  43.2600 -126.8190  3
  43.3100 -126.7690  3
  43.2600 -126.8190  2
  43.2100 -126.8690  2
  43.2100 -126.7690  3
  43.2600 -126.8190  2
  43.3100 -126.8690  2
  41.1190 -125.2030  3
  41.1690 -125.1530  3
  41.1190 -125.2030  2
  41.0690 -125.2530  2
  41.0690 -125.1530  3
  41.1190 -125.2030  2
  41.1690 -125.2530  2
  40.9890 -125.5260  3
  41.0390 -125.4760  3
  40.9890 -125.5260  2
  40.9390 -125.5760  2
  40.9390 -125.4760  3
  40.9890 -125.5260  2
  41.0390 -125.5760  2
  40.8360 -125.8910  3
  40.8860 -125.8410  3
  40.8360 -125.8910  2
  40.7860 -125.9410  2
  40.7860 -125.8410  3
  40.8360 -125.8910  2
  40.8860 -125.9410  2
  40.6630 -126.2100  3
  40.7130 -126.1600  3
  40.6630 -126.2100  2
  40.6130 -126.2600  2
  40.6130 -126.1600  3
  40.6630 -126.2100  2
  40.7130 -126.2600  2
  40.5220 -126.4650  3
  40.5720 -126.4150  3
  40.5220 -126.4650  2
  40.4720 -126.5150  2
  40.4720 -126.4150  3
  40.5220 -126.4650  2
  40.5720 -126.5150  2
  99.0000    0.0000  3
 9996787 916  200   6.57   0.00 AN 3Ao   1                           
  48.9400 -126.6950  3
  48.9900 -126.6450  3
  48.9400 -126.6950  2
  48.8900 -126.7450  2
  48.8900 -126.6450  3
  48.9400 -126.6950  2
  48.9900 -126.7450  2
  48.7480 -126.6260  3
  48.7980 -126.5760  3
  48.7480 -126.6260  2
  48.6980 -126.6760  2
  48.6980 -126.5760  3
  48.7480 -126.6260  2
  48.7980 -126.6760  2
  48.5610 -126.5930  3
  48.6110 -126.5430  3
  48.5610 -126.5930  2
  48.5110 -126.6430  2
  48.5110 -126.5430  3
  48.5610 -126.5930  2
  48.6110 -126.6430  2
  48.3710 -126.6130  3
  48.4210 -126.5630  3
  48.3710 -126.6130  2
  48.3210 -126.6630  2
  48.3210 -126.5630  3
  48.3710 -126.6130  2
  48.4210 -126.6630  2
  48.1760 -126.6510  3
  48.2260 -126.6010  3
  48.1760 -126.6510  2
  48.1260 -126.7010  2
  48.1260 -126.6010  3
  48.1760 -126.6510  2
  48.2260 -126.7010  2
  48.0250 -126.6820  3
  48.0750 -126.6320  3
  48.0250 -126.6820  2
  47.9750 -126.7320  2
  47.9750 -126.6320  3
  48.0250 -126.6820  2
  48.0750 -126.7320  2
  47.9720 -126.6840  3
  48.0220 -126.6340  3
  47.9720 -126.6840  2
  47.9220 -126.7340  2
  47.9220 -126.6340  3
  47.9720 -126.6840  2
  48.0220 -126.7340  2
  47.8260 -126.6760  3
  47.8760 -126.6260  3
  47.8260 -126.6760  2
  47.7760 -126.7260  2
  47.7760 -126.6260  3
  47.8260 -126.6760  2
  47.8760 -126.7260  2
  47.6240 -126.7560  3
  47.6740 -126.7060  3
  47.6240 -126.7560  2
  47.5740 -126.8060  2
  47.5740 -126.7060  3
  47.6240 -126.7560  2
  47.6740 -126.8060  2
  47.4550 -126.8130  3
  47.5050 -126.7630  3
  47.4550 -126.8130  2
  47.4050 -126.8630  2
  47.4050 -126.7630  3
  47.4550 -126.8130  2
  47.5050 -126.8630  2
  47.1640 -126.8900  3
  47.2140 -126.8400  3
  47.1640 -126.8900  2
  47.1140 -126.9400  2
  47.1140 -126.8400  3
  47.1640 -126.8900  2
  47.2140 -126.9400  2
  46.9730 -126.9440  3
  47.0230 -126.8940  3
  46.9730 -126.9440  2
  46.9230 -126.9940  2
  46.9230 -126.8940  3
  46.9730 -126.9440  2
  47.0230 -126.9940  2
  46.7850 -127.0000  3
  46.8350 -126.9500  3
  46.7850 -127.0000  2
  46.7350 -127.0500  2
  46.7350 -126.9500  3
  46.7850 -127.0000  2
  46.8350 -127.0500  2
  46.5790 -127.0450  3
  46.6290 -126.9950  3
  46.5790 -127.0450  2
  46.5290 -127.0950  2
  46.5290 -126.9950  3
  46.5790 -127.0450  2
  46.6290 -127.0950  2
  46.3890 -127.0640  3
  46.4390 -127.0140  3
  46.3890 -127.0640  2
  46.3390 -127.1140  2
  46.3390 -127.0140  3
  46.3890 -127.0640  2
  46.4390 -127.1140  2
  46.1860 -127.1200  3
  46.2360 -127.0700  3
  46.1860 -127.1200  2
  46.1360 -127.1700  2
  46.1360 -127.0700  3
  46.1860 -127.1200  2
  46.2360 -127.1700  2
  45.9690 -127.1750  3
  46.0190 -127.1250  3
  45.9690 -127.1750  2
  45.9190 -127.2250  2
  45.9190 -127.1250  3
  45.9690 -127.1750  2
  46.0190 -127.2250  2
  45.8340 -127.2240  3
  45.8840 -127.1740  3
  45.8340 -127.2240  2
  45.7840 -127.2740  2
  45.7840 -127.1740  3
  45.8340 -127.2240  2
  45.8840 -127.2740  2
  45.6400 -127.2980  3
  45.6900 -127.2480  3
  45.6400 -127.2980  2
  45.5900 -127.3480  2
  45.5900 -127.2480  3
  45.6400 -127.2980  2
  45.6900 -127.3480  2
  45.9410 -126.7000  3
  45.9910 -126.6500  3
  45.9410 -126.7000  2
  45.8910 -126.7500  2
  45.8910 -126.6500  3
  45.9410 -126.7000  2
  45.9910 -126.7500  2
  45.8240 -126.6450  3
  45.8740 -126.5950  3
  45.8240 -126.6450  2
  45.7740 -126.6950  2
  45.7740 -126.5950  3
  45.8240 -126.6450  2
  45.8740 -126.6950  2
  45.6740 -126.6060  3
  45.7240 -126.5560  3
  45.6740 -126.6060  2
  45.6240 -126.6560  2
  45.6240 -126.5560  3
  45.6740 -126.6060  2
  45.7240 -126.6560  2
  45.4710 -126.6310  3
  45.5210 -126.5810  3
  45.4710 -126.6310  2
  45.4210 -126.6810  2
  45.4210 -126.5810  3
  45.4710 -126.6310  2
  45.5210 -126.6810  2
  45.2900 -126.6730  3
  45.3400 -126.6230  3
  45.2900 -126.6730  2
  45.2400 -126.7230  2
  45.2400 -126.6230  3
  45.2900 -126.6730  2
  45.3400 -126.7230  2
  45.1690 -126.6990  3
  45.2190 -126.6490  3
  45.1690 -126.6990  2
  45.1190 -126.7490  2
  45.1190 -126.6490  3
  45.1690 -126.6990  2
  45.2190 -126.7490  2
  45.0000 -126.7390  3
  45.0500 -126.6890  3
  45.0000 -126.7390  2
  44.9500 -126.7890  2
  44.9500 -126.6890  3
  45.0000 -126.7390  2
  45.0500 -126.7890  2
  44.8270 -126.7810  3
  44.8770 -126.7310  3
  44.8270 -126.7810  2
  44.7770 -126.8310  2
  44.7770 -126.7310  3
  44.8270 -126.7810  2
  44.8770 -126.8310  2
  44.6400 -126.8360  3
  44.6900 -126.7860  3
  44.6400 -126.8360  2
  44.5900 -126.8860  2
  44.5900 -126.7860  3
  44.6400 -126.8360  2
  44.6900 -126.8860  2
  44.4850 -126.8740  3
  44.5350 -126.8240  3
  44.4850 -126.8740  2
  44.4350 -126.9240  2
  44.4350 -126.8240  3
  44.4850 -126.8740  2
  44.5350 -126.9240  2
  44.3050 -126.9170  3
  44.3550 -126.8670  3
  44.3050 -126.9170  2
  44.2550 -126.9670  2
  44.2550 -126.8670  3
  44.3050 -126.9170  2
  44.3550 -126.9670  2
  44.1470 -126.9480  3
  44.1970 -126.8980  3
  44.1470 -126.9480  2
  44.0970 -126.9980  2
  44.0970 -126.8980  3
  44.1470 -126.9480  2
  44.1970 -126.9980  2
  43.9880 -126.9920  3
  44.0380 -126.9420  3
  43.9880 -126.9920  2
  43.9380 -127.0420  2
  43.9380 -126.9420  3
  43.9880 -126.9920  2
  44.0380 -127.0420  2
  44.1140 -126.4310  3
  44.1640 -126.3810  3
  44.1140 -126.4310  2
  44.0640 -126.4810  2
  44.0640 -126.3810  3
  44.1140 -126.4310  2
  44.1640 -126.4810  2
  43.9580 -126.4460  3
  44.0080 -126.3960  3
  43.9580 -126.4460  2
  43.9080 -126.4960  2
  43.9080 -126.3960  3
  43.9580 -126.4460  2
  44.0080 -126.4960  2
  43.8320 -126.4710  3
  43.8820 -126.4210  3
  43.8320 -126.4710  2
  43.7820 -126.5210  2
  43.7820 -126.4210  3
  43.8320 -126.4710  2
  43.8820 -126.5210  2
  43.6060 -126.4800  3
  43.6560 -126.4300  3
  43.6060 -126.4800  2
  43.5560 -126.5300  2
  43.5560 -126.4300  3
  43.6060 -126.4800  2
  43.6560 -126.5300  2
  43.4390 -126.5120  3
  43.4890 -126.4620  3
  43.4390 -126.5120  2
  43.3890 -126.5620  2
  43.3890 -126.4620  3
  43.4390 -126.5120  2
  43.4890 -126.5620  2
  40.7730 -125.4640  3
  40.8230 -125.4140  3
  40.7730 -125.4640  2
  40.7230 -125.5140  2
  40.7230 -125.4140  3
  40.7730 -125.4640  2
  40.8230 -125.5140  2
  40.6160 -125.8820  3
  40.6660 -125.8320  3
  40.6160 -125.8820  2
  40.5660 -125.9320  2
  40.5660 -125.8320  3
  40.6160 -125.8820  2
  40.6660 -125.9320  2
  99.0000    0.0000  3
 9996826 916  200   7.86   0.00 AN 4c    2                           
  48.1760 -126.2140  3
  48.2260 -126.1640  3
  48.1760 -126.2140  2
  48.1260 -126.2640  2
  48.1260 -126.1640  3
  48.1760 -126.2140  2
  48.2260 -126.2640  2
  48.0400 -126.2240  3
  48.0900 -126.1740  3
  48.0400 -126.2240  2
  47.9900 -126.2740  2
  47.9900 -126.1740  3
  48.0400 -126.2240  2
  48.0900 -126.2740  2
  47.9730 -126.2250  3
  48.0230 -126.1750  3
  47.9730 -126.2250  2
  47.9230 -126.2750  2
  47.9230 -126.1750  3
  47.9730 -126.2250  2
  48.0230 -126.2750  2
  47.8320 -126.2480  3
  47.8820 -126.1980  3
  47.8320 -126.2480  2
  47.7820 -126.2980  2
  47.7820 -126.1980  3
  47.8320 -126.2480  2
  47.8820 -126.2980  2
  47.6480 -126.2580  3
  47.6980 -126.2080  3
  47.6480 -126.2580  2
  47.5980 -126.3080  2
  47.5980 -126.2080  3
  47.6480 -126.2580  2
  47.6980 -126.3080  2
  47.4010 -126.3450  3
  47.4510 -126.2950  3
  47.4010 -126.3450  2
  47.3510 -126.3950  2
  47.3510 -126.2950  3
  47.4010 -126.3450  2
  47.4510 -126.3950  2
  47.1420 -126.4250  3
  47.1920 -126.3750  3
  47.1420 -126.4250  2
  47.0920 -126.4750  2
  47.0920 -126.3750  3
  47.1420 -126.4250  2
  47.1920 -126.4750  2
  46.9700 -126.4720  3
  47.0200 -126.4220  3
  46.9700 -126.4720  2
  46.9200 -126.5220  2
  46.9200 -126.4220  3
  46.9700 -126.4720  2
  47.0200 -126.5220  2
  46.7860 -126.5010  3
  46.8360 -126.4510  3
  46.7860 -126.5010  2
  46.7360 -126.5510  2
  46.7360 -126.4510  3
  46.7860 -126.5010  2
  46.8360 -126.5510  2
  46.7950 -126.0580  3
  46.8450 -126.0080  3
  46.7950 -126.0580  2
  46.7450 -126.1080  2
  46.7450 -126.0080  3
  46.7950 -126.0580  2
  46.8450 -126.1080  2
  46.4750 -126.0960  3
  46.5250 -126.0460  3
  46.4750 -126.0960  2
  46.4250 -126.1460  2
  46.4250 -126.0460  3
  46.4750 -126.0960  2
  46.5250 -126.1460  2
  46.1390 -126.0780  3
  46.1890 -126.0280  3
  46.1390 -126.0780  2
  46.0890 -126.1280  2
  46.0890 -126.0280  3
  46.1390 -126.0780  2
  46.1890 -126.1280  2
  46.0700 -126.0940  3
  46.1200 -126.0440  3
  46.0700 -126.0940  2
  46.0200 -126.1440  2
  46.0200 -126.0440  3
  46.0700 -126.0940  2
  46.1200 -126.1440  2
  45.8180 -126.1110  3
  45.8680 -126.0610  3
  45.8180 -126.1110  2
  45.7680 -126.1610  2
  45.7680 -126.0610  3
  45.8180 -126.1110  2
  45.8680 -126.1610  2
  45.6360 -126.1190  3
  45.6860 -126.0690  3
  45.6360 -126.1190  2
  45.5860 -126.1690  2
  45.5860 -126.0690  3
  45.6360 -126.1190  2
  45.6860 -126.1690  2
  45.4730 -126.1250  3
  45.5230 -126.0750  3
  45.4730 -126.1250  2
  45.4230 -126.1750  2
  45.4230 -126.0750  3
  45.4730 -126.1250  2
  45.5230 -126.1750  2
  45.1430 -126.2290  3
  45.1930 -126.1790  3
  45.1430 -126.2290  2
  45.0930 -126.2790  2
  45.0930 -126.1790  3
  45.1430 -126.2290  2
  45.1930 -126.2790  2
  44.9420 -126.2600  3
  44.9920 -126.2100  3
  44.9420 -126.2600  2
  44.8920 -126.3100  2
  44.8920 -126.2100  3
  44.9420 -126.2600  2
  44.9920 -126.3100  2
  44.8050 -126.2890  3
  44.8550 -126.2390  3
  44.8050 -126.2890  2
  44.7550 -126.3390  2
  44.7550 -126.2390  3
  44.8050 -126.2890  2
  44.8550 -126.3390  2
  44.6280 -126.3350  3
  44.6780 -126.2850  3
  44.6280 -126.3350  2
  44.5780 -126.3850  2
  44.5780 -126.2850  3
  44.6280 -126.3350  2
  44.6780 -126.3850  2
  44.4850 -125.8590  3
  44.5350 -125.8090  3
  44.4850 -125.8590  2
  44.4350 -125.9090  2
  44.4350 -125.8090  3
  44.4850 -125.8590  2
  44.5350 -125.9090  2
  44.2900 -125.8060  3
  44.3400 -125.7560  3
  44.2900 -125.8060  2
  44.2400 -125.8560  2
  44.2400 -125.7560  3
  44.2900 -125.8060  2
  44.3400 -125.8560  2
  44.1640 -125.8190  3
  44.2140 -125.7690  3
  44.1640 -125.8190  2
  44.1140 -125.8690  2
  44.1140 -125.7690  3
  44.1640 -125.8190  2
  44.2140 -125.8690  2
  43.9670 -125.8480  3
  44.0170 -125.7980  3
  43.9670 -125.8480  2
  43.9170 -125.8980  2
  43.9170 -125.7980  3
  43.9670 -125.8480  2
  44.0170 -125.8980  2
  43.7980 -125.9040  3
  43.8480 -125.8540  3
  43.7980 -125.9040  2
  43.7480 -125.9540  2
  43.7480 -125.8540  3
  43.7980 -125.9040  2
  43.8480 -125.9540  2
  43.5720 -126.0160  3
  43.6220 -125.9660  3
  43.5720 -126.0160  2
  43.5220 -126.0660  2
  43.5220 -125.9660  3
  43.5720 -126.0160  2
  43.6220 -126.0660  2
  43.4410 -126.0550  3
  43.4910 -126.0050  3
  43.4410 -126.0550  2
  43.3910 -126.1050  2
  43.3910 -126.0050  3
  43.4410 -126.0550  2
  43.4910 -126.1050  2
  43.2780 -126.0820  3
  43.3280 -126.0320  3
  43.2780 -126.0820  2
  43.2280 -126.1320  2
  43.2280 -126.0320  3
  43.2780 -126.0820  2
  43.3280 -126.1320  2
  99.0000    0.0000  3
 9996854 916  200   8.86   0.00 AN 4Ac   3                           
  47.9430 -125.7580  3
  47.9930 -125.7080  3
  47.9430 -125.7580  2
  47.8930 -125.8080  2
  47.8930 -125.7080  3
  47.9430 -125.7580  2
  47.9930 -125.8080  2
  47.7440 -125.8300  3
  47.7940 -125.7800  3
  47.7440 -125.8300  2
  47.6940 -125.8800  2
  47.6940 -125.7800  3
  47.7440 -125.8300  2
  47.7940 -125.8800  2
  47.4420 -125.8730  3
  47.4920 -125.8230  3
  47.4420 -125.8730  2
  47.3920 -125.9230  2
  47.3920 -125.8230  3
  47.4420 -125.8730  2
  47.4920 -125.9230  2
  47.1300 -125.9660  3
  47.1800 -125.9160  3
  47.1300 -125.9660  2
  47.0800 -126.0160  2
  47.0800 -125.9160  3
  47.1300 -125.9660  2
  47.1800 -126.0160  2
  46.9600 -126.0360  3
  47.0100 -125.9860  3
  46.9600 -126.0360  2
  46.9100 -126.0860  2
  46.9100 -125.9860  3
  46.9600 -126.0360  2
  47.0100 -126.0860  2
  46.9910 -125.5740  3
  47.0410 -125.5240  3
  46.9910 -125.5740  2
  46.9410 -125.6240  2
  46.9410 -125.5240  3
  46.9910 -125.5740  2
  47.0410 -125.6240  2
  46.8050 -125.5780  3
  46.8550 -125.5280  3
  46.8050 -125.5780  2
  46.7550 -125.6280  2
  46.7550 -125.5280  3
  46.8050 -125.5780  2
  46.8550 -125.6280  2
  46.4790 -125.6300  3
  46.5290 -125.5800  3
  46.4790 -125.6300  2
  46.4290 -125.6800  2
  46.4290 -125.5800  3
  46.4790 -125.6300  2
  46.5290 -125.6800  2
  46.2790 -125.6210  3
  46.3290 -125.5710  3
  46.2790 -125.6210  2
  46.2290 -125.6710  2
  46.2290 -125.5710  3
  46.2790 -125.6210  2
  46.3290 -125.6710  2
  46.1390 -125.6160  3
  46.1890 -125.5660  3
  46.1390 -125.6160  2
  46.0890 -125.6660  2
  46.0890 -125.5660  3
  46.1390 -125.6160  2
  46.1890 -125.6660  2
  45.9820 -125.6390  3
  46.0320 -125.5890  3
  45.9820 -125.6390  2
  45.9320 -125.6890  2
  45.9320 -125.5890  3
  45.9820 -125.6390  2
  46.0320 -125.6890  2
  45.8110 -125.6660  3
  45.8610 -125.6160  3
  45.8110 -125.6660  2
  45.7610 -125.7160  2
  45.7610 -125.6160  3
  45.8110 -125.6660  2
  45.8610 -125.7160  2
  45.6440 -125.6950  3
  45.6940 -125.6450  3
  45.6440 -125.6950  2
  45.5940 -125.7450  2
  45.5940 -125.6450  3
  45.6440 -125.6950  2
  45.6940 -125.7450  2
  45.4770 -125.7110  3
  45.5270 -125.6610  3
  45.4770 -125.7110  2
  45.4270 -125.7610  2
  45.4270 -125.6610  3
  45.4770 -125.7110  2
  45.5270 -125.7610  2
  45.3010 -125.7310  3
  45.3510 -125.6810  3
  45.3010 -125.7310  2
  45.2510 -125.7810  2
  45.2510 -125.6810  3
  45.3010 -125.7310  2
  45.3510 -125.7810  2
  45.1540 -125.7480  3
  45.2040 -125.6980  3
  45.1540 -125.7480  2
  45.1040 -125.7980  2
  45.1040 -125.6980  3
  45.1540 -125.7480  2
  45.2040 -125.7980  2
  44.9540 -125.7920  3
  45.0040 -125.7420  3
  44.9540 -125.7920  2
  44.9040 -125.8420  2
  44.9040 -125.7420  3
  44.9540 -125.7920  2
  45.0040 -125.8420  2
  44.7980 -125.8940  3
  44.8480 -125.8440  3
  44.7980 -125.8940  2
  44.7480 -125.9440  2
  44.7480 -125.8440  3
  44.7980 -125.8940  2
  44.8480 -125.9440  2
  44.8880 -125.4250  3
  44.9380 -125.3750  3
  44.8880 -125.4250  2
  44.8380 -125.4750  2
  44.8380 -125.3750  3
  44.8880 -125.4250  2
  44.9380 -125.4750  2
  44.8090 -125.3500  3
  44.8590 -125.3000  3
  44.8090 -125.3500  2
  44.7590 -125.4000  2
  44.7590 -125.3000  3
  44.8090 -125.3500  2
  44.8590 -125.4000  2
  44.6190 -125.3230  3
  44.6690 -125.2730  3
  44.6190 -125.3230  2
  44.5690 -125.3730  2
  44.5690 -125.2730  3
  44.6190 -125.3230  2
  44.6690 -125.3730  2
  44.4840 -125.3350  3
  44.5340 -125.2850  3
  44.4840 -125.3350  2
  44.4340 -125.3850  2
  44.4340 -125.2850  3
  44.4840 -125.3350  2
  44.5340 -125.3850  2
  44.3270 -125.3440  3
  44.3770 -125.2940  3
  44.3270 -125.3440  2
  44.2770 -125.3940  2
  44.2770 -125.2940  3
  44.3270 -125.3440  2
  44.3770 -125.3940  2
  44.1790 -125.3620  3
  44.2290 -125.3120  3
  44.1790 -125.3620  2
  44.1290 -125.4120  2
  44.1290 -125.3120  3
  44.1790 -125.3620  2
  44.2290 -125.4120  2
  43.9820 -125.3980  3
  44.0320 -125.3480  3
  43.9820 -125.3980  2
  43.9320 -125.4480  2
  43.9320 -125.3480  3
  43.9820 -125.3980  2
  44.0320 -125.4480  2
  43.7810 -125.4120  3
  43.8310 -125.3620  3
  43.7810 -125.4120  2
  43.7310 -125.4620  2
  43.7310 -125.3620  3
  43.7810 -125.4120  2
  43.8310 -125.4620  2
  99.0000    0.0000  3
