 43X   5 431  95  43.00   0.00 SS 000   1
  49.9500  91.5200  3
  49.9200  91.7700  2
  49.9200  91.9300  2
  49.8200  92.5300  2
  49.6500  93.1400  2
  49.5100  93.7000  2
  49.4400  94.1100  2
  49.3800  94.7100  2
  49.3500  95.2500  2
  49.3300  95.9700  2
  49.2600  96.9100  2
  49.1900  97.5400  2
  49.1700  98.0400  2
  49.3000  98.3400  2
  49.4200  98.7100  2
  49.5100  99.1500  2
  49.8200  99.1100  2
  49.9900  99.0300  2
  49.9200  99.6400  2
  50.0800 100.0700  2
  50.3500 100.1800  2
  50.5400 100.3500  2
  50.9300 100.5100  2
  51.5000 100.7300  2
  51.6500 100.7900  2
  51.8100 101.6900  2
  51.8400 102.3800  2
  51.8200 102.8500  2
  51.6700 103.4600  2
  51.7100 103.6700  2
  51.7800 104.1000  2
  51.8300 104.6100  2
  51.9700 105.1900  2
  52.3900 105.7900  2
  52.6300 106.1500  2
  53.0200 106.7900  2
  53.2700 107.0900  2
  53.5900 107.5800  2
  53.8400 107.9100  2
  54.0600 108.1900  2
  54.3600 108.5000  2
  54.6300 108.7700  2
  54.9200 108.9400  2
  55.3200 109.2600  2
  55.5100 109.6000  2
  55.6200 109.9000  2
  55.5700 110.7900  2
  55.4600 112.2900  2
  55.3500 113.9400  2
  55.2500 116.4200  2
  55.2100 118.1200  2
  55.2000 120.2700  2
  55.1900 121.3100  2
  55.1800 122.3200  2
  55.1600 123.6600  2
  55.1600 125.9300  2
  55.1500 127.4000  2
  55.1800 128.6000  2
  55.1800 129.5600  2
  55.2000 130.8000  2
  55.2500 132.1400  2
  55.2800 133.8100  2
  55.3200 135.0600  2
  55.3400 136.2300  2
  55.3100 137.7500  2
  55.2700 139.0000  2
  55.1800 140.8500  2
  55.1600 141.7500  2
  55.2100 142.1300  2
  49.2600  96.7900  3
  49.1900  96.6400  2
  49.3300  95.9100  3
  49.4100  96.1200  2
  51.8000 104.7200  3
  51.7200 104.7900  2
  52.2900 105.7500  3
  52.2400 105.8300  2
  52.7800 106.5200  3
  52.7200 106.6300  2
  53.8800 108.1000  3
  53.8300 108.2000  2
  54.4100 108.6400  3
  54.3900 108.7500  2
  54.7800 108.8600  3
  54.7700 109.0600  2
  51.2300 100.4800  3
  51.2200 100.5800  2
  50.7500 100.2900  3
  50.7500 100.3800  2
  49.3500  95.0200  3
  49.3900  95.0100  2
  49.4400  95.0100  2
  49.4800  95.0200  2
  49.5300  95.0200  2
  49.5300  95.0200  3
  99.0000   0.0000  3
 43X   6 431  85 560.00   0.00 GR 000   7
  54.9400  68.9900  3
  54.9500  70.0100  2
  54.9500  70.9900  2
  53.9400  69.9900  3
  54.9400  70.0200  2
  55.8700  70.0700  2
  54.9500  73.9600  3
  54.9500  74.9700  2
  54.9400  75.9700  2
  53.9600  74.9700  3
  54.9500  74.9900  2
  55.7300  75.0000  2
  54.9200  78.9500  3
  54.9400  79.9800  2
  54.9300  80.9800  2
  53.9300  79.9600  3
  54.9400  79.9800  2
  55.7900  80.0200  2
  54.9400  84.0100  3
  54.9300  85.0000  2
  54.9300  85.9900  2
  53.9500  85.0000  3
  54.9400  85.0200  2
  55.7300  85.0700  2
  54.9300  89.0000  3
  54.9500  90.0200  2
  54.9400  91.0300  2
  53.9300  90.0000  3
  54.9400  90.0200  2
  55.8700  90.0600  2
  54.9400  93.9600  3
  54.9300  94.9400  2
  54.9500  95.9300  2
  53.9400  94.9200  3
  54.9400  94.9400  2
  55.7500  94.9900  2
  54.9500  99.0300  3
  54.9300 100.0100  2
  54.9500 101.0000  2
  53.9200 100.0100  3
  54.9300 100.0100  2
  55.7200 100.0400  2
  54.9500 103.9700  3
  54.9400 104.9800  2
  54.9500 105.9800  2
  53.9300 104.9500  3
  54.9400 104.9700  2
  55.9400 105.0000  2
  49.9400  94.9700  3
  49.9400  95.9600  2
  49.9300  96.9700  2
  49.3400  95.9900  3
  49.9300  95.9700  2
  50.9300  95.9600  2
  49.9400  88.9600  3
  49.9400  89.9500  2
  49.9400  90.9400  2
  50.9300  89.9600  3
  49.9400  89.9600  2
  48.9300  89.9600  2
  49.9400  83.9400  3
  49.9500  84.9400  2
  49.9300  85.9200  2
  50.9100  84.9200  3
  49.9400  84.9400  2
  48.9400  84.9400  2
  49.9200  78.9200  3
  49.9200  79.9200  2
  49.9300  80.9600  2
  50.9300  79.9600  3
  49.9300  79.9400  2
  48.9300  79.9600  2
  49.9400  73.9600  3
  49.9300  74.9600  2
  49.9300  75.9700  2
  50.9200  74.9800  3
  49.9300  74.9700  2
  48.9100  74.9600  2
  49.9500  68.9400  3
  49.9600  69.9600  2
  49.9500  70.9800  2
  50.9300  69.9800  3
  49.9700  69.9700  2
  48.9600  69.9900  2
  18.4900 109.8400  3
  99.0000   0.0000  3
 43X   5 431 191 250.00   0.00 GR 000   7
  55.1600  90.7000  3
  55.3000  90.8200  2
  55.4600  90.9300  2
  55.2800  91.0600  2
  55.1400  91.1500  2
  55.2600  90.7800  3
  55.2500  91.0800  2
  55.4100  92.0200  3
  55.1400  92.0100  2
  55.1400  92.3100  2
  55.2200  92.3200  2
  55.4100  93.0300  3
  55.4300  93.3200  2
  55.3700  93.4600  2
  55.2900  93.4800  2
  55.2100  93.4400  2
  55.1400  93.3500  2
  55.1200  93.2000  2
  55.1300  93.0400  2
  55.4300  93.1200  3
  55.2800  93.0900  2
  55.1200  93.1000  2
  55.1700  94.2100  3
  55.2600  94.2800  2
  55.4500  94.4400  2
  55.2600  94.5900  2
  55.1500  94.6600  2
  55.2600  94.3100  3
  55.2500  94.5700  2
  55.4300  95.4500  3
  55.1600  95.4200  2
  55.4300  95.4400  3
  55.1500  95.7500  2
  55.4400  95.7800  2
  55.2000  98.3400  3
  55.1600  98.5000  2
  55.1700  98.6500  2
  55.2200  98.7100  2
  55.2700  98.6900  2
  55.3000  98.5800  2
  55.3300  98.4000  2
  55.3800  98.3400  2
  55.4400  98.4500  2
  55.4500  98.5700  2
  55.4100  98.6900  2
  55.4200  99.5300  3
  55.2900  99.5300  2
  55.1300  99.5300  2
  55.2800  99.5400  3
  55.2800  99.8300  2
  55.4300  99.8400  3
  55.3000  99.8300  2
  55.1500  99.8500  2
  55.4000 100.8300  3
  55.1300 100.8400  2
  55.3800 102.1900  3
  55.4000 102.2000  2
  55.4000 102.0100  2
  55.4000 101.8600  2
  55.2700 101.8700  2
  55.1200 101.8600  2
  55.1200 102.0700  2
  55.1200 102.2000  2
  55.1600 102.1900  2
  55.2700 101.8600  3
  55.2700 102.0300  2
  55.4200 103.0700  3
  55.1400 103.0600  2
  55.1400 103.3700  2
  55.1800 103.3500  2
  55.1300 104.0700  3
  55.1200 104.3300  2
  55.1600 104.4500  2
  55.2800 104.5000  2
  55.3700 104.4600  2
  55.4100 104.3800  2
  55.4100 104.2200  2
  55.4200 104.0700  2
  55.4100 104.1300  3
  55.2800 104.1200  2
  55.1300 104.1300  2
  54.9800  60.0500  3
  53.9700  60.0400  2
  55.8300  60.0500  2
  54.9800  60.0400  3
  54.9500  61.0200  2
  54.9900  60.0500  3
  55.0000  59.2900  2
  54.9500  69.0300  3
  54.9600  70.0100  2
  54.9700  71.0200  2
  53.9800  70.0100  3
  54.9300  70.0100  2
  55.5800  69.9900  2
  54.9700  74.0300  3
  54.9700  75.0200  2
  54.9800  75.9700  2
  53.9600  74.9900  3
  54.9500  75.0000  2
  55.6700  75.0000  2
  54.9600  79.0200  3
  54.9600  79.9800  2
  54.9800  80.9500  2
  53.9600  80.0000  3
  54.9800  80.0100  2
  55.7600  80.1200  2
  53.9600  85.0000  3
  54.9600  84.9800  2
  55.7700  85.0500  2
  54.9700  84.0100  3
  54.9600  84.9700  2
  54.9900  86.0300  2
  54.9700  88.9800  3
  54.9800  90.0200  2
  54.9800  90.9900  2
  53.9600  89.9900  3
  54.9700  89.9800  2
  56.0000  90.0000  2
  50.0100  59.3300  3
  49.9700  60.0100  2
  49.9700  60.9500  2
  50.9900  60.0200  3
  49.9700  60.0300  2
  49.0000  59.9900  2
  49.9500  64.0300  3
  49.9500  65.0000  2
  49.9400  65.9800  2
  50.9600  64.9300  3
  49.9500  64.9700  2
  48.9600  64.9700  2
  50.9700  69.9800  3
  49.9500  69.9400  2
  48.9600  69.9700  2
  49.9600  68.9300  3
  49.9700  69.9300  2
  49.9800  70.9600  2
  49.9700  73.9500  3
  49.9600  74.9900  2
  49.9700  75.9600  2
  50.9800  74.9700  3
  49.9600  74.9700  2
  48.9700  74.9700  2
  50.9600  79.9600  3
  49.9600  80.0000  2
  48.9500  79.9900  2
  49.9700  78.9700  3
  49.9600  79.9800  2
  49.9700  80.9500  2
  50.9700  85.9500  3
  49.9500  85.9700  2
  48.9600  86.0000  2
  49.9700  84.9700  3
  49.9900  85.9900  2
  49.9800  86.9600  2
  45.9700  59.9800  3
  44.9800  60.0000  2
  44.0100  60.0100  2
  44.9800  61.0100  3
  44.9600  60.0400  2
  44.9900  59.3300  2
  45.9800  64.9900  3
  44.9600  65.0500  2
  43.9900  64.9800  2
  44.9700  65.9800  3
  44.9700  64.9900  2
  44.9600  64.0100  2
  45.9500  70.0000  3
  44.9800  70.0100  2
  43.9800  70.0100  2
  44.9600  71.0100  3
  44.9700  70.0300  2
  44.9600  69.0500  2
  45.9700  75.0000  3
  44.9600  75.0100  2
  43.9700  75.0100  2
  44.9600  76.0100  3
  44.9700  75.0100  2
  44.9600  74.0400  2
  40.9800  60.0500  3
  40.0100  60.0400  2
  39.0100  60.0400  2
  39.9900  61.0100  3
  39.9900  60.0400  2
  40.0000  59.3300  2
  40.9800  65.0200  3
  40.0000  65.0000  2
  38.9600  65.0100  2
  39.9800  65.9900  3
  39.9800  65.0300  2
  39.9900  64.0600  2
  37.8500  61.1200  3
  99.0000   0.0000  3
