 63X  28 653  95  43.00   0.00 MA 000   1
  27.5300  96.8000  3
  27.5700  96.0900  2
  26.9300  95.0100  2
  25.8800  93.8000  2
  25.0500  92.8900  2
  24.5800  91.9400  2
  23.8100  90.8200  2
  22.9700  90.4500  2
  21.6200  90.5600  2
  20.6900  91.2200  2
  19.5400  92.3400  2
  18.7200  93.2700  2
  17.5200  93.6300  2
  16.4400  93.5700  2
  15.3800  93.1500  2
  14.5800  92.7100  2
  13.7800  92.1600  2
  12.2300  91.8200  2
  10.6200  91.5000  2
   8.9900  91.5000  2
   7.0300  92.3200  2
   5.0500  93.0300  2
   3.3600  93.7100  2
   2.4100  95.1300  2
   1.9000  96.1100  2
   0.9000  96.7200  2
  -0.0500  97.3100  2
  -1.5000  97.9600  2
  -2.5600  98.6900  2
  -3.5600  99.4900  2
  -4.6600 100.1900  2
  -5.5400 100.8900  2
  -5.9200 101.3800  2
  26.3000  94.1100  3
  26.2600  94.3600  2
  26.5000  94.3400  2
  24.0000  91.1000  3
  23.9900  91.3800  2
  24.2900  91.4100  2
  20.9300  90.9600  3
  20.9500  91.2500  2
  20.6900  91.2000  2
  18.9100  93.0300  3
  18.9500  93.2700  2
  18.7300  93.2700  2
  16.5600  93.7300  3
  16.6400  93.9700  2
  16.7800  93.7900  2
  14.6000  92.7200  3
  14.5800  92.8600  2
  14.7500  92.8100  2
  11.3400  91.7100  2
  11.4200  91.7100  3
  11.4400  91.7100  2
  11.4900  91.8600  2
  11.6400  91.6900  2
   6.9000  92.5400  3
   7.1800  92.6100  2
   7.2100  92.3900  2
   3.4900  93.6800  3
   3.3800  94.0500  2
   3.0300  94.0300  2
   0.8600  96.8000  3
   0.9000  97.1100  2
   0.4800  96.9800  2
  -1.4900  97.9400  3
  -1.4500  98.1000  2
  -1.8400  98.1200  2
  -4.3100 100.0600  3
  -4.2500 100.2600  2
  -4.5100 100.1100  2
  18.0500  96.0200  3
  17.4700  95.8900  2
  16.7200  95.7100  2
  15.9700  95.3500  2
  15.1200  94.7400  2
  13.7900  94.2900  2
  12.5500  93.8800  2
  11.3100  93.6700  2
  10.2500  93.6800  2
   9.1400  93.7300  2
   8.0000  93.8800  2
   7.3400  94.1900  2
   6.6500  94.6900  2
   6.0900  95.1200  2
  11.3000  93.6100  3
  11.1500  93.8100  2
  13.2200  94.1100  3
  13.0900  94.2500  2
  14.8100  94.5900  3
  14.6700  94.7900  2
  16.5900  95.6700  3
  16.4400  95.7800  2
  16.4100  95.7600  3
  99.0000   0.0000  3
 63X  31 653  39  84.00   0.00 MA 000   2
  26.2500  96.9100  3
  26.1300  96.4000  2
  26.0100  95.9500  2
  26.8700  95.9600  3
  26.6400  95.6400  2
  26.1700  95.1200  2
  25.2700  94.3100  2
  24.5800  93.9000  2
  23.7200  93.5900  2
  22.5600  93.5500  2
  21.3800  93.6500  2
  20.1400  93.9700  2
  19.2600  94.4500  2
  18.5000  94.8800  2
  17.6400  95.0300  2
  16.5300  94.7600  2
  15.5000  94.2000  2
  14.3000  93.4600  2
  13.3800  93.0100  2
  12.4100  92.7300  2
  11.5100  92.5600  2
  10.4500  92.5100  2
   9.1100  92.8200  2
   8.0000  93.3100  2
   6.9200  93.8200  2
   5.6800  93.9500  2
   4.4000  94.4500  2
   3.4200  95.1100  2
   2.5200  96.0600  2
   1.9000  96.9100  2
   1.1700  97.5900  2
   0.3700  98.1700  2
  -0.9000  98.7600  2
  -1.9200  99.4100  2
  -2.8300 100.1000  2
  -3.5000 100.6500  2
  -4.2900 101.1900  2
  -4.9300 102.0200  2
   4.6200 114.7000  3
  99.0000   0.0000  3
 63X  29 653  32  43.00   0.00 SS 000   1
  27.4200  96.9900  3
  26.6900  97.1500  2
  25.7800  96.6600  2
  24.3100  96.1300  2
  22.8900  95.9300  2
  21.7200  95.9400  2
  20.2200  96.1700  2
  19.0900  96.3600  2
  18.0300  96.4600  2
  17.3200  96.5900  2
  17.0900  96.6000  2
   7.3800  94.0900  3
   6.6100  94.8400  2
   5.9900  95.2000  2
   5.0600  96.0600  2
   4.3200  96.8800  2
   3.6700  97.7100  2
   2.6600  98.6900  2
   1.8700  99.2100  2
   0.7700  99.8100  2
  -0.3300 100.5000  2
  -1.1100 100.9200  2
  -1.8500 101.3600  2
  -2.7700 101.9200  2
  -3.4900 102.6400  2
  -4.1400 103.1900  2
  -4.6600 103.8400  2
  -4.9000 104.2400  2
  -5.2300 104.5300  2
  -5.5300 104.8200  2
  -5.7800 104.9700  2
  19.3400 103.8600  3
  99.0000   0.0000  3
 63X  32 653  78 560.00   0.00 CS 000   7
  22.1100  90.3900  3
  22.6700  90.5300  2
  22.9600  90.7500  2
  22.7800  91.4600  2
  21.5900  91.8800  2
  20.8700  92.2600  2
  20.2300  92.7900  2
  19.7100  93.5500  2
  19.2200  93.6300  2
  18.9000  93.8600  2
  19.1700  93.9800  2
  18.2900  94.3800  2
  17.4100  94.4800  2
  16.3600  94.3800  2
  16.1000  94.2600  2
  15.9000  94.6500  2
  15.8500  94.9100  2
  15.8400  95.2300  2
  15.8900  95.5100  2
  16.1100  95.8000  2
  16.4500  96.2300  2
  16.5800  96.4700  2
  13.5900  93.0000  3
  13.2700  92.7900  2
  12.2400  92.6200  2
  11.5800  92.5900  2
  11.5900  92.7500  2
  12.2400  92.9000  2
  12.9200  93.0000  2
  13.1600  93.0000  2
  13.5900  92.9800  2
   7.3200  93.8300  3
   7.3000  93.6900  2
   6.9200  93.6600  2
   7.0500  93.8300  2
   7.3100  93.8200  2
   5.6700  95.3000  3
   5.1700  95.4000  2
   4.3400  95.9200  2
   3.7500  96.8200  2
   3.0800  97.5200  2
   2.4000  97.8900  2
   2.1800  98.3700  2
   1.6900  98.9800  2
   0.7000  99.2300  2
   0.2000  99.3800  2
  -0.1800  99.8500  2
  -0.6800 100.2200  2
  -1.3900 100.7100  2
  -2.1300 101.0200  2
  -2.8600 101.4300  2
  -3.5600 102.1500  2
  -4.1200 102.7100  2
  -4.7200 103.3500  2
  -5.2900 104.0100  2
  -5.6600 104.5400  2
  -5.7800 104.7300  2
  -5.4700 104.7000  2
  -0.8700  98.8600  3
  -1.0200  98.7600  2
  -1.7000  99.0900  2
  -1.6600  99.4200  2
  -0.9900  99.1400  2
  -0.8400  98.8400  2
   1.5000  97.3200  3
   0.7000  97.8400  2
   0.8100  98.0400  2
   1.1200  97.9900  2
   1.5700  97.4800  2
   1.4400  97.2900  2
   2.9700  95.9000  3
   2.8800  95.8200  2
   2.5600  96.1700  2
   2.3800  96.5300  2
   2.5700  96.5200  2
   2.9700  95.9100  2
   2.9100  95.8200  2
   7.3700 116.5000  3
  99.0000   0.0000  3
 63X  33 653  31 560.00   0.00 GR 000   7
  25.0300  94.0200  3
  25.0300  94.9800  2
  25.0200  95.9800  2
  26.0000  94.9900  3
  25.0100  95.0100  2
  24.0500  94.9900  2
  20.0400  94.0600  3
  20.0100  95.0100  2
  20.0000  95.9800  2
  19.0300  94.9800  3
  20.0300  95.0100  2
  21.0100  95.0300  2
  15.0400  94.0400  3
  15.0400  95.0100  2
  15.0600  95.6700  2
  16.0200  94.9900  3
  15.0400  95.0200  2
  14.0400  94.9700  2
   5.0700  94.0300  3
   5.0700  95.0200  2
   5.0400  95.9400  2
   6.0400  94.9800  3
   5.0500  94.9800  2
   4.0400  94.9500  2
   0.0600  98.9800  3
   0.0300  99.9900  2
   0.0500 100.1800  2
   0.3400  99.9800  3
   0.0300  99.9800  2
  -0.9700  99.9800  2
   3.3400 113.4000  3
  99.0000   0.0000  3
 43X   5 653  38 250.00   0.00 GR 000   7
   4.8000  95.1800  3
   4.9500  95.6700  2
   4.4700  95.4100  2
   4.8700  95.3400  3
   4.6500  95.5000  2
   3.8500  95.8900  3
   4.1400  96.2800  2
   3.5700  96.1000  2
   3.8800  96.4700  2
   2.9900  96.5900  3
   2.8300  96.7300  2
   2.7900  96.9500  2
   2.9000  97.0700  2
   3.0400  97.0900  2
   3.1700  97.0200  2
   3.2200  96.9800  2
   3.2200  96.9900  3
   2.9200  96.6100  2
   2.0600  97.3000  3
   2.1700  97.8000  2
   1.7200  97.5500  2
   2.0700  97.5200  3
   1.8900  97.6600  2
   1.1300  98.0100  3
   1.3900  98.3700  2
   1.0500  98.2600  2
   1.0800  98.6200  2
   0.7700  98.2800  2
   0.1700  98.6700  3
   0.3100  99.2000  2
  -0.1200  98.9200  2
   0.2600  98.8900  3
   0.0500  99.0200  2
  -0.7600  99.4500  3
  -0.4600  99.7900  2
  -1.0100  99.6700  2
  -0.7100 100.0100  2
  -0.7200 100.0100  3
  99.0000   0.0000  3
