 8XX 500 807 200 600.00   0.00 CS 000   7
 -67.0400 -60.7200  3
 -67.1200 -60.7200  2
 -67.3400 -60.7400  2
 -67.6500 -60.8300  2
 -67.9600 -60.8100  2
 -68.2300 -60.8700  2
 -68.5200 -60.7900  2
 -68.8300 -60.6000  2
 -69.0200 -60.5700  2
 -69.1700 -60.3800  2
 -69.3900 -60.2600  2
 -69.5700 -60.4000  2
 -69.8300 -60.6000  2
 -70.1000 -60.8100  2
 -70.4000 -60.8700  2
 -70.5600 -60.6900  2
 -70.7000 -60.6000  2
 -70.9300 -60.6000  2
 -71.0600 -60.4200  2
 -71.3600 -60.3400  2
 -71.6400 -60.3000  2
 -71.8100 -60.5600  2
 -71.8600 -60.5400  2
 -71.8300 -60.2300  2
 -71.9600 -60.1800  2
 -72.0400 -60.5000  2
 -72.1600 -60.2400  2
 -72.3000 -59.9600  2
 -72.4700 -60.2000  2
 -72.6900 -60.4600  2
 -72.8900 -60.2100  2
 -73.0200 -59.7000  2
 -73.3400 -59.3200  2
 -73.3800 -59.6500  2
 -73.3900 -60.0300  2
 -73.4500 -60.5500  2
 -73.6200 -60.7200  2
 -73.8200 -60.8600  2
 -73.9800 -60.8600  2
 -74.1400 -60.5800  2
 -74.1400 -61.0200  2
 -74.1600 -60.9800  2
 -74.2800 -60.6800  2
 -74.3900 -60.5700  2
 -74.5200 -61.0000  2
 -74.7200 -61.5000  2
 -74.9100 -61.7600  2
 -75.1000 -61.4300  2
 -75.2800 -60.5900  2
 -61.1500 -54.6500  3
 -61.1700 -54.6500  2
 -61.1900 -54.6900  2
 -61.2000 -54.8800  2
 -61.2500 -55.1500  2
 -61.3200 -55.3400  2
 -61.2900 -55.4700  2
 -61.1600 -55.5600  2
 -61.1200 -55.4400  2
 -61.1000 -55.1300  2
 -61.1000 -54.8000  2
 -61.1200 -54.6700  2
 -61.1500 -54.6500  2
 -62.2700 -58.9400  3
 -62.2700 -58.9800  2
 -62.2200 -58.9200  2
 -62.1800 -58.8300  2
 -62.1500 -58.7300  2
 -62.1100 -58.6400  2
 -62.0900 -58.5400  2
 -62.0700 -58.4800  2
 -62.0500 -58.3600  2
 -62.0100 -58.1100  2
 -61.9800 -57.8600  2
 -62.0000 -57.7000  2
 -62.0800 -57.6400  2
 -62.1000 -57.8000  2
 -62.1200 -57.9400  2
 -62.1500 -58.1000  2
 -62.2200 -58.2000  2
 -62.2700 -58.3500  2
 -62.2500 -58.4200  2
 -62.3000 -58.6000  2
 -62.3100 -58.7000  2
 -62.2700 -58.8000  2
 -62.2700 -58.9400  2
 -62.7600 -61.1200  3
 -62.7800 -61.1000  2
 -62.7700 -61.0800  2
 -62.7500 -61.1100  2
 -62.7100 -61.0400  2
 -62.6900 -60.9100  2
 -62.6700 -60.8600  2
 -62.6200 -60.7800  2
 -62.6100 -60.6700  2
 -62.6100 -60.5000  2
 -62.6000 -60.2300  2
 -62.5800 -60.1000  2
 -62.6000 -60.0700  2
 -62.6400 -60.0300  2
 -62.7200 -59.9200  2
 -62.7900 -60.1000  2
 -62.8100 -60.2300  2
 -62.7900 -60.3600  2
 -62.7600 -60.4200  2
 -62.7300 -60.5600  2
 -62.7300 -60.7200  2
 -62.7400 -60.8400  2
 -62.7700 -61.0100  2
 -62.7800 -61.1200  2
 -62.7600 -61.1200  2
 -64.4500 -58.3200  3
 -64.4500 -58.3000  2
 -64.4100 -58.2000  2
 -64.3600 -58.1700  2
 -64.3000 -58.2000  2
 -64.2500 -58.2500  2
 -64.2300 -58.4700  2
 -64.2300 -58.4700  2
 -64.1400 -58.4400  2
 -64.1100 -58.3400  2
 -64.0100 -58.3000  2
 -63.9500 -58.0900  2
 -63.9100 -57.8800  2
 -64.0200 -57.9000  2
 -64.0300 -57.6900  2
 -64.0500 -57.5300  2
 -64.1000 -57.3900  2
 -64.2000 -57.2000  2
 -64.2900 -57.2400  2
 -64.3600 -57.4500  2
 -64.4300 -57.5000  2
 -64.4800 -57.8500  2
 -64.5000 -58.1100  2
 -64.4900 -58.2100  2
 -64.4500 -58.3200  2
 -64.5700 -62.6900  3
 -64.5800 -62.6500  2
 -64.5100 -62.6400  2
 -64.4300 -62.6600  2
 -64.3500 -62.4800  2
 -64.2600 -62.5500  2
 -64.1800 -62.5500  2
 -64.1400 -62.3500  2
 -64.1400 -62.2500  2
 -64.1900 -62.0900  2
 -64.2200 -62.0700  2
 -64.2900 -62.0900  2
 -64.3800 -62.2300  2
 -64.4600 -62.3300  2
 -64.4900 -62.3600  2
 -64.5100 -62.4900  2
 -64.5400 -62.5800  2
 -64.5700 -62.6900  2
 -64.7600 -64.3000  3
 -64.7300 -64.2000  2
 -64.6400 -64.1600  2
 -64.5900 -63.9900  2
 -64.5500 -63.7800  2
 -64.4700 -63.6400  2
 -64.3700 -63.5600  2
 -64.3400 -63.4300  2
 -64.3400 -63.2800  2
 -64.3900 -63.2500  2
 -64.4700 -63.3700  2
 -64.4700 -63.2600  2
 -64.4700 -63.1700  2
 -64.5100 -63.1200  2
 -64.5800 -63.2400  2
 -64.6400 -63.2200  2
 -64.6200 -63.0900  2
 -64.5800 -62.9400  2
 -64.6100 -62.8600  2
 -64.6600 -63.1400  2
 -64.7400 -63.3200  2
 -64.7600 -63.4900  2
 -64.8000 -63.6900  2
 -64.8500 -63.8600  2
 -64.8500 -64.0400  2
 -64.8300 -64.1200  2
 -64.7900 -64.2400  2
 -64.7600 -64.3000  2
 -65.9400 -66.2500  3
 -65.9500 -66.2300  2
 -65.8900 -66.3100  2
 -65.8600 -66.1900  2
 -65.8100 -66.1300  2
 -65.7500 -66.0900  2
 -65.6800 -66.0000  2
 -65.6200 -65.9200  2
 -65.5900 -65.7000  2
 -65.6300 -65.6400  2
 -65.7200 -65.5900  2
 -65.7500 -65.7500  2
 -65.8100 -65.8700  2
 -65.8900 -65.9700  2
 -65.9400 -66.1100  2
 -65.9500 -66.2300  2
 -65.9400 -66.2500  2
 -67.8300 -69.0800  3
 -67.8300 -68.9900  2
 -67.8100 -69.1000  2
 -67.7600 -69.1300  2
 -67.6900 -69.3000  2
 -67.6000 -69.3400  2
 -67.5400 -69.2900  2
 -67.4500 -69.2300  2
 -67.3600 -69.0700  2
 -67.2600 -68.8700  2
 -67.1400 -68.7100  2
 -67.0000 -68.5700  2
 -66.9500 -68.5000  2
 -66.8900 -68.3500  2
 -66.8700 -68.1400  2
 -66.8200 -67.9500  2
 -66.8200 -67.8200  2
 -66.9200 -67.9100  2
 -67.0200 -68.0000  2
 -67.1300 -68.0300  2
 -67.2400 -67.9300  2
 -67.3100 -67.9500  2
 -67.3500 -68.1000  2
 -67.4500 -68.3000  2
 -67.4900 -68.2000  2
 -67.5100 -68.0300  2
 -67.5900 -68.1400  2
 -67.6900 -68.2300  2
 -67.6900 -68.4300  2
 -67.7000 -68.4900  2
 -67.7600 -68.6300  2
 -67.8300 -68.7900  2
 -67.8400 -68.9700  2
 -67.8300 -69.0800  2
 -70.0400 -74.9400  3
 -70.0300 -75.1500  2
 -70.0200 -75.2500  2
 -70.0300 -75.4500  2
 -70.0300 -75.7500  2
 -70.0100 -75.9100  2
 -69.9700 -75.8200  2
 -69.8900 -75.8300  2
 -69.8200 -76.0400  2
 -69.7600 -76.0400  2
 -69.7200 -75.7300  2
 -69.7300 -75.3900  2
 -69.6300 -75.3000  2
 -69.5900 -75.1600  2
 -69.6300 -74.8100  2
 -69.7200 -74.7300  2
 -69.7600 -74.6000  2
 -69.8000 -74.4000  2
 -69.8600 -74.3900  2
 -69.9300 -74.5700  2
 -69.9900 -74.6400  2
 -70.0500 -74.6700  2
 -70.0600 -74.7900  2
 -70.0400 -74.9400  2
 -73.3100-104.9000  3
 -73.2600-104.8800  2
 -73.2500-104.7000  2
 -73.2800-104.4500  2
 -73.3500-104.3000  2
 -73.4200-104.1600  2
 -73.4900-104.1900  2
 -73.5100-104.3300  2
 -73.4800-104.5400  2
 -73.4200-104.7900  2
 -73.3500-104.9100  2
 -73.3100-104.9000  2
 -68.8100 -90.4900  3
 -68.8600 -90.4300  2
 -68.9300 -90.3500  2
 -69.0300 -90.4000  2
 -69.0700 -90.4600  2
 -69.0700 -90.6300  2
 -69.0300 -90.8400  2
 -68.9600 -90.9200  2
 -68.8700 -90.8400  2
 -68.8100 -90.7400  2
 -68.7900 -90.6200  2
 -68.8100 -90.4900  2
 -75.0700-107.0100  3
 -74.2900-107.2200  3
 -74.2600-106.6100  2
 -74.2800-105.6100  2
 -74.3500-104.8000  2
 -74.4400-104.8900  2
 -74.6600-105.2500  2
 -74.8100-105.4800  2
 -74.8800-105.2200  2
 -74.8100-104.9300  2
 -74.8100-104.6300  2
 -74.8900-103.7100  2
 -75.0200-102.8400  2
 -75.1400-102.1000  2
 -75.1200-101.5000  2
 -75.0100-101.1800  2
 -74.8300-101.3500  2
 -74.7200-101.6400  2
 -74.6500-101.8900  2
 -74.5300-101.7900  2
 -74.3100-101.9300  2
 -74.2200-101.9900  2
 -74.1400-101.9300  2
 -73.9800-102.0200  2
 -73.8400-102.1300  2
 -73.7500-102.3200  2
 -73.7400-102.0000  2
 -73.7500-101.5600  2
 -73.7500-101.1400  2
 -73.7000-100.8800  2
 -73.5900-100.9700  2
 -73.5000-101.2900  2
 -73.4600-101.5900  2
 -73.5000-102.0200  2
 -73.5100-102.3300  2
 -73.5000-102.6800  2
 -73.4300-103.0100  2
 -73.3800-103.1300  2
 -73.2900-103.2700  2
 -73.2200-103.4200  2
 -73.1500-103.4900  2
 -73.0800-103.4900  2
 -73.0200-103.2300  2
 -72.9600-103.1100  2
 -72.9400-102.9000  2
 -72.8900-102.8000  2
 -72.8600-102.8400  2
 -72.7600-102.8700  2
 -72.6700-103.0000  2
 -72.5600-103.3300  2
 -72.5000-103.5900  2
 -72.4200-103.5800  2
 -72.4000-103.1500  2
 -72.4100-102.6500  2
 -72.3300-102.2800  2
 -72.2300-102.2100  2
 -72.1400-101.7900  2
 -72.0500-101.2100  2
 -72.0600-100.7100  2
 -72.0100-100.0500  2
 -72.0300 -99.8700  2
 -72.0900-100.0500  2
 -72.1400 -99.7700  2
 -72.1800 -99.5300  2
 -72.1800 -99.4600  2
 -72.1700 -99.2700  2
 -72.2700 -99.1200  2
 -72.2200 -98.9600  2
 -72.2700 -98.6400  2
 -72.3500 -98.4400  2
 -72.3200 -98.2800  2
 -72.2200 -98.1800  2
 -72.1400 -98.2400  2
 -72.1500 -98.4700  2
 -72.0300 -98.4200  2
 -72.0200 -98.1400  2
 -72.0900 -97.9600  2
 -72.2100 -98.0000  2
 -72.2400 -97.8000  2
 -72.2800 -97.5600  2
 -72.1200 -97.5400  2
 -72.1000 -97.3700  2
 -72.1800 -97.3300  2
 -72.2200 -97.0900  2
 -72.1000 -96.9500  2
 -72.0500 -96.8000  2
 -72.0000 -96.5400  2
 -72.1100 -96.6300  2
 -72.2500 -96.5800  2
 -72.2100 -96.3400  2
 -72.2100 -95.9300  2
 -72.2900 -95.8900  2
 -72.3700 -96.2000  2
 -72.4400 -96.1300  2
 -72.4100 -95.7600  2
 -72.4800 -95.7000  2
 -72.5300 -96.1200  2
 -72.6400 -95.9200  2
 -72.7300 -95.5400  2
 -72.7600 -95.3000  2
 -72.7200 -95.2000  2
 -72.7100 -95.1200  2
 -72.7100 -95.0200  2
 -72.7300 -94.9100  2
 -72.7200 -94.5200  2
 -72.6600 -94.0800  2
 -72.7000 -93.6700  2
 -72.7300 -93.2800  2
 -72.7400 -92.8900  2
 -72.7400 -92.4100  2
 -72.6900 -91.9500  2
 -72.6000 -91.4700  2
 -72.5400 -90.8600  2
 -72.5000 -90.3000  2
 -72.4900 -89.9600  2
 -72.5100 -89.4400  2
 -72.5200 -88.8200  2
 -72.5300 -88.2000  2
 -72.5600 -87.7600  2
 -72.5400 -87.3100  2
 -72.6400 -86.5900  2
 -72.7900 -86.1700  2
 -72.8800 -85.8000  2
 -72.8900 -85.2900  2
 -72.8700 -84.4900  2
 -72.8900 -83.8800  2
 -72.9300 -83.0000  2
 -72.9900 -82.2800  2
 -73.0300 -81.7200  2
 -73.0100 -81.2500  2
 -73.0600 -80.4900  2
 -73.0900 -80.0400  2
 -73.0200 -79.4800  2
 -73.0900 -78.9700  2
 -73.2500 -78.6700  2
 -73.4400 -78.3300  2
 -73.4800 -77.9700  2
 -73.3400 -77.9900  2
 -73.1800 -78.2700  2
 -73.0500 -78.6400  2
 -72.8900 -78.7100  2
 -72.8500 -78.2700  2
 -72.8200 -77.7600  2
 -72.7600 -77.5400  2
 -72.6500 -77.9700  2
 -72.5900 -78.0100  2
 -72.5600 -77.6800  2
 -72.5600 -77.1300  2
 -72.5900 -76.8700  2
 -72.5700 -76.8000  2
 -72.5800 -76.6300  2
 -72.6700 -76.6300  2
 -72.7000 -76.4700  2
 -72.6700 -76.3700  2
 -72.7000 -76.1000  2
 -72.8300 -76.1400  2
 -73.0300 -75.8500  2
 -73.0500 -75.8000  2
 -72.9400 -75.8000  2
 -72.9100 -75.4300  2
 -72.9000 -75.0800  2
 -72.9200 -74.6300  2
 -72.9800 -74.3300  2
 -72.9800 -73.9300  2
 -73.0700 -73.7100  2
 -73.1700 -73.8400  2
 -73.2700 -73.7600  2
 -73.2600 -73.4600  2
 -73.3200 -73.1900  2
 -73.5000 -72.9000  2
 -73.4800 -72.6600  2
 -73.3500 -72.7600  2
 -73.3400 -72.3100  2
 -73.3500 -71.9300  2
 -73.2100 -71.8000  2
 -73.0900 -72.3800  2
 -73.0200 -72.6400  2
 -72.9400 -72.5600  2
 -72.8700 -72.2200  2
 -72.6900 -72.1300  2
 -72.5900 -72.3200  2
 -72.4900 -72.5200  2
 -72.4900 -72.5500  2
 -72.4600 -72.4300  2
 -72.3100 -72.4300  2
 -72.1700 -72.7200  2
 -72.1200 -73.1100  2
 -72.1700 -73.2400  2
 -72.2000 -73.6100  2
 -72.1600 -73.9000  2
 -72.1000 -74.5400  2
 -71.9800 -74.9300  2
 -71.8400 -75.2900  2
 -71.6700 -75.5400  2
 -71.4900 -75.5100  2
 -71.5100 -75.1900  2
 -71.4500 -74.9000  2
 -71.3700 -74.8700  2
 -71.3700 -74.3400  2
 -71.3600 -74.0400  2
 -71.2600 -73.6600  2
 -71.1900 -73.3200  2
 -71.0900 -73.2600  2
 -70.9700 -73.6800  2
 -70.9100 -73.8400  2
 -70.8800 -74.2400  2
 -70.9100 -74.7700  2
 -70.9300 -75.2700  2
 -70.8900 -75.4100  2
 -70.7900 -75.1600  2
 -70.6700 -75.0800  2
 -70.7500 -74.6500  2
 -70.7300 -74.5700  2
 -70.7300 -74.3900  2
 -70.7200 -74.3300  2
 -70.5700 -74.2200  2
 -70.4000 -74.3800  2
 -70.2000 -74.6000  2
 -70.0900 -74.6100  2
 -70.0800 -74.6300  2
 -70.0000 -74.5700  2
 -69.8900 -74.3600  2
 -69.8700 -74.3500  2
 -69.8500 -74.1700  2
 -69.8000 -73.8400  2
 -69.8000 -73.4900  2
 -69.8000 -73.3000  2
 -69.7900 -73.0100  2
 -69.7500 -72.7000  2
 -69.7000 -72.6400  2
 -69.6500 -72.6500  2
 -69.6000 -72.8000  2
 -69.5800 -72.8000  2
 -69.5100 -72.6600  2
 -69.4400 -72.5400  2
 -69.4400 -72.4700  2
 -69.4700 -72.2900  2
 -69.5500 -72.0000  2
 -69.5700 -71.7900  2
 -69.5300 -71.6800  2
 -69.3900 -71.6900  2
 -69.2600 -71.9000  2
 -69.2300 -72.0300  2
 -69.1600 -71.7800  2
 -69.0700 -71.5700  2
 -69.0000 -71.3500  2
 -68.9400 -71.0500  2
 -68.9200 -70.6100  2
 -68.9200 -70.3500  2
 -68.9700 -70.2500  2
 -69.0600 -70.1400  2
 -69.1400 -70.0400  2
 -69.1200 -70.0400  2
 -69.1700 -70.0900  2
 -69.2900 -70.0600  2
 -69.3600 -69.9300  2
 -69.3700 -69.7200  2
 -69.4000 -69.5600  2
 -69.5300 -69.5500  2
 -69.5800 -69.5100  2
 -69.6300 -69.3800  2
 -69.8400 -69.3500  2
 -70.0100 -69.2100  2
 -70.0600 -69.0100  2
 -70.0000 -68.8400  2
 -69.9000 -68.6800  2
 -69.7700 -68.5200  2
 -69.6300 -68.6600  2
 -69.4700 -68.7400  2
 -69.4500 -68.3800  2
 -69.3400 -68.2800  2
 -69.2400 -68.4300  2
 -69.2000 -68.1900  2
 -69.2100 -67.6600  2
 -69.1200 -67.4900  2
 -68.9800 -67.4800  2
 -68.9200 -67.3200  2
 -68.8300 -67.0900  2
 -68.6500 -67.1100  2
 -68.5700 -67.0600  2
 -68.4700 -66.9300  2
 -68.3600 -67.1500  2
 -68.3300 -66.9700  2
 -68.3200 -66.7200  2
 -68.2200 -67.1000  2
 -68.1500 -67.1200  2
 -68.0900 -67.0300  2
 -68.0000 -66.8300  2
 -67.8700 -66.6800  2
 -67.8600 -66.8800  2
 -67.8300 -66.8800  2
 -67.8000 -66.8300  2
 -67.7800 -66.7700  2
 -67.7600 -66.7300  2
 -67.7000 -66.5900  2
 -67.6300 -66.6000  2
 -67.6300 -66.7300  2
 -67.6600 -66.9700  2
 -67.6500 -67.0500  2
 -67.6300 -67.2900  2
 -67.6300 -67.5300  2
 -67.5500 -67.5500  2
 -67.4800 -67.5900  2
 -67.4500 -67.6800  2
 -67.4200 -67.6100  2
 -67.3700 -67.5400  2
 -67.2700 -67.5400  2
 -67.1800 -67.3900  2
 -67.1000 -67.2600  2
 -67.0600 -67.1100  2
 -67.0300 -67.0500  2
 -67.0300 -66.8800  2
 -67.1500 -66.8300  2
 -67.2700 -66.8600  2
 -67.3400 -66.8100  2
 -67.3600 -66.6800  2
 -67.3600 -66.6400  2
 -67.3800 -66.4500  2
 -67.3300 -66.3200  2
 -67.1300 -66.3200  2
 -66.9200 -66.3300  2
 -66.8800 -66.3300  2
 -66.8800 -66.0400  2
 -66.7700 -65.5800  2
 -66.6300 -65.4000  2
 -66.5500 -65.5700  2
 -66.4300 -65.7600  2
 -66.3400 -65.7300  2
 -66.2400 -65.5900  2
 -66.2300 -65.4600  2
 -66.2200 -65.4200  2
 -66.1700 -65.3000  2
 -66.1200 -65.2300  2
 -66.1100 -65.0800  2
 -66.0600 -65.0900  2
 -66.0100 -65.0700  2
 -66.0100 -65.0900  2
 -66.0000 -64.9500  2
 -66.0400 -64.8500  2
 -66.0700 -64.6200  2
 -66.0700 -64.4000  2
 -66.0000 -64.3800  2
 -65.9200 -64.5900  2
 -65.8700 -64.6000  2
 -65.8600 -64.4200  2
 -65.8300 -64.3000  2
 -65.7200 -64.5300  2
 -65.7100 -64.4700  2
 -65.7200 -64.2700  2
 -65.7300 -64.0700  2
 -65.6600 -64.1400  2
 -65.6400 -64.0400  2
 -65.6500 -63.8600  2
 -65.6300 -63.6600  2
 -65.5800 -63.7300  2
 -65.5200 -63.9800  2
 -65.4100 -64.0300  2
 -65.3100 -64.1200  2
 -65.2000 -64.0500  2
 -65.1500 -63.8000  2
 -65.1400 -63.3000  2
 -65.2000 -63.0900  2
 -65.1500 -62.9000  2
 -65.0800 -63.1500  2
 -65.0500 -63.1400  2
 -64.9200 -62.7900  2
 -64.9000 -62.4000  2
 -64.8700 -62.5200  2
 -64.7200 -62.4700  2
 -64.6500 -62.3500  2
 -64.7400 -62.3500  2
 -64.7500 -62.2400  2
 -64.7200 -62.0700  2
 -64.6700 -61.9400  2
 -64.6100 -61.6700  2
 -64.5700 -61.5000  2
 -64.4800 -61.5100  2
 -64.4200 -61.2900  2
 -64.4000 -61.1000  2
 -64.2400 -60.9500  2
 -64.1400 -60.8200  2
 -64.0100 -60.4400  2
 -63.9500 -60.0600  2
 -63.8900 -59.8000  2
 -63.8900 -59.7600  2
 -63.9200 -59.5900  2
 -63.8800 -59.5000  2
 -63.8100 -59.3600  2
 -63.7400 -59.2300  2
 -63.7400 -59.0400  2
 -63.5900 -58.8500  2
 -63.5200 -58.4100  2
 -63.5100 -58.1900  2
 -63.4400 -57.9200  2
 -63.4000 -57.6700  2
 -63.3600 -57.3500  2
 -63.3400 -57.1400  2
 -63.3800 -57.0100  2
 -63.4900 -56.9300  2
 -63.6400 -57.0200  2
 -63.6800 -57.2000  2
 -63.6200 -57.2200  2
 -63.5600 -57.3200  2
 -63.5500 -57.4700  2
 -63.6200 -57.6700  2
 -63.6900 -57.7400  2
 -63.7000 -57.7500  2
 -63.7100 -57.8900  2
 -63.7800 -58.1300  2
 -63.8600 -58.3800  2
 -63.9800 -58.5300  2
 -64.1100 -58.6800  2
 -64.2500 -58.8100  2
 -64.4500 -58.9100  2
 -64.6100 -58.8400  2
 -64.7500 -58.9100  2
 -64.9800 -58.9700  2
 -65.1600 -59.0900  2
 -65.3200 -59.2600  2
 -65.4700 -59.4700  2
 -65.5700 -59.5000  2
 -65.6800 -59.5600  2
 -65.9500 -59.8300  2
 -66.1700 -60.2100  2
 -66.3600 -60.4400  2
 -66.6000 -60.6300  2
 -66.8100 -60.7200  2
 -66.9900 -60.7500  2
 -67.0400 -60.7200  2
 -64.6400 -57.2800  3
 -64.5900 -57.5300  2
 -64.6000 -57.4900  2
 -64.4800 -57.1100  2
 -64.4500 -56.9500  2
 -64.5100 -57.0400  2
 -64.6000 -57.2000  2
 -63.9400 -57.7400  3
 -63.9000 -57.6800  2
 -63.8800 -57.3700  2
 -63.9100 -57.2200  2
 -63.9500 -57.2100  2
 -64.0000 -57.3900  2
 -64.0100 -57.4900  2
 -63.9800 -57.6100  2
 -63.9400 -57.7400  2
 -63.9400 -57.7400  2
 -63.9400 -57.7400  2
 -63.9400 -57.7400  2
 -63.9400 -57.7400  2
  99.0000   0.0000  3
 80X 300 807 200 580.00   0.00 BA 3000  5
 -68.6600 -77.8900  3
 -68.6300 -77.6400  2
 -68.6000 -77.2900  2
 -68.5700 -76.8100  2
 -68.5300 -76.4300  2
 -68.4100 -76.3000  2
 -68.2500 -76.1800  2
 -68.0900 -76.0000  2
 -68.0100 -75.8100  2
 -67.9600 -75.4200  2
 -67.9300 -75.2100  2
 -67.8900 -75.2400  2
 -67.8400 -75.4300  2
 -67.7500 -75.4100  2
 -67.6200 -75.5500  2
 -67.4700 -75.2600  2
 -67.3600 -75.0400  2
 -67.2700 -75.0200  2
 -67.2800 -74.8000  2
 -67.3100 -74.6100  2
 -67.3600 -74.4500  2
 -67.2700 -74.2900  2
 -67.2200 -74.2400  2
 -67.2300 -73.8300  2
 -67.0900 -73.2300  2
 -66.9200 -73.0000  2
 -66.7700 -72.7500  2
 -66.6700 -72.6200  2
 -66.5800 -72.5900  2
 -66.4500 -72.5000  2
 -66.4000 -72.2900  2
 -66.4000 -72.0300  2
 -66.3700 -71.8900  2
 -61.7800 -60.7900  3
 -61.7900 -60.9500  2
 -61.8300 -61.0300  2
 -61.8500 -61.2500  2
 -61.9200 -61.5400  2
 -62.0100 -61.8300  2
 -62.0600 -61.9900  2
 -62.0600 -62.1400  2
 -62.1500 -62.2900  2
 -62.2100 -62.5300  2
 -62.2800 -62.7500  2
 -62.3700 -62.8700  2
 -62.4400 -63.0400  2
 -62.5100 -63.2300  2
 -62.6300 -63.3900  2
 -62.7100 -63.5300  2
 -62.7400 -63.6100  2
 -62.8000 -63.6700  2
 -61.7400 -60.7800  3
 -61.7200 -60.7200  2
 -61.7400 -60.7100  2
 -61.7500 -60.7500  2
 -61.7600 -60.6900  2
 -61.7800 -60.6900  2
 -61.7800 -60.7500  2
 -61.7000 -60.6300  3
 -61.7300 -60.6500  2
 -61.7500 -60.5900  2
 -61.7200 -60.5900  2
 -61.7100 -60.6100  2
 -61.6800 -60.5000  3
 -61.7100 -60.5300  2
 -61.7300 -60.4900  2
 -61.6900 -60.4700  2
 -61.6900 -60.5100  2
 -61.6500 -60.4100  3
 -61.6800 -60.4400  2
 -61.7200 -60.3900  2
 -61.6800 -60.3600  2
 -61.6700 -60.4100  2
 -61.6300 -60.2600  3
 -61.5600 -60.1400  2
 -61.5400 -60.0000  2
 -61.5000 -59.8700  2
 -61.5200 -59.6800  2
 -61.5100 -59.4600  2
 -61.4100 -59.2400  2
 -61.3500 -59.0600  2
 -61.3200 -58.6600  2
 -61.2800 -58.4000  2
 -61.2200 -58.1600  2
 -61.1600 -57.8500  2
 -61.1700 -57.6000  2
 -61.1700 -57.4000  2
 -61.1200 -57.2100  2
 -61.0600 -57.0800  2
 -60.9500 -57.1300  2
 -60.8000 -57.2900  2
 -60.8200 -57.1000  2
 -60.9000 -56.9600  2
 -60.7800 -56.8800  2
 -60.7300 -56.6200  2
 -60.8300 -56.5300  2
 -60.8500 -56.4100  2
 -60.7900 -56.2400  2
 -60.7400 -56.0800  2
 -60.7300 -55.9500  2
 -60.7600 -55.7600  2
 -60.7200 -55.4500  2
 -60.6900 -55.3100  2
 -60.7100 -55.0400  2
 -60.7400 -54.7900  2
 -60.7300 -51.6200  3
 -60.7500 -51.5200  2
 -60.7200 -51.2900  2
 -60.7400 -51.0000  2
 -60.7100 -50.6700  2
 -60.6400 -50.4000  2
 -60.4900 -50.0700  2
 -60.4300 -49.7800  2
 -60.3500 -49.4400  2
 -60.3500 -49.0100  2
 -60.3100 -48.7600  2
 -60.3000 -48.5100  2
 -60.2100 -48.4700  2
 -60.2400 -48.7800  2
 -60.2700 -49.1500  2
 -60.3000 -49.5200  2
 -60.3200 -49.7900  2
 -60.3500 -50.1100  2
 -60.3700 -50.4000  2
 -60.3800 -50.7000  2
 -60.3600 -51.0500  2
 -60.3800 -51.2300  2
 -60.4400 -51.3200  2
 -60.4700 -51.4500  2
 -60.5100 -51.6500  2
 -60.5600 -51.7900  2
 -60.5700 -51.6000  2
 -60.5400 -51.3700  2
 -60.5900 -51.3400  2
 -60.6800 -51.5300  2
 -60.7400 -51.5900  2
 -60.7500 -51.5800  3
 -63.1600 -49.0700  3
 -63.3100 -49.2400  2
 -63.4700 -49.5100  2
 -63.6600 -49.6900  2
 -63.7800 -49.9100  2
 -63.8300 -50.1800  2
 -63.8500 -50.4300  2
 -64.0300 -50.5100  2
 -64.1700 -50.6100  2
 -64.3700 -50.7300  2
 -64.5700 -50.8700  2
 -64.6800 -51.0400  2
 -64.6700 -51.5300  2
 -64.7200 -51.6700  2
 -64.8300 -51.7300  2
 -64.9700 -51.5900  2
 -65.1100 -51.6000  2
 -65.2300 -51.6800  2
 -65.3200 -51.5900  2
 -65.4400 -51.3900  2
 -65.6000 -51.3900  2
 -65.7100 -51.5000  2
 -65.8200 -51.6200  2
 -66.0200 -51.4800  2
 -66.1600 -51.3500  2
 -66.3300 -51.2000  2
 -66.4600 -51.1900  2
 -66.6500 -51.4400  2
 -66.7900 -51.7800  2
 -66.9200 -52.1600  2
 -67.0400 -52.6000  2
 -67.2400 -52.7800  2
 -67.4400 -52.7400  2
 -67.5400 -52.4700  2
 -67.6200 -52.1700  2
 -67.7200 -51.8000  2
 -67.8400 -51.4600  2
 -67.9400 -51.2400  2
 -68.0700 -51.0400  2
 -68.1700 -50.9100  2
 -68.2700 -50.8300  2
 -68.4000 -50.8800  2
 -68.5200 -50.9700  2
 -68.6200 -50.8500  2
 -68.7100 -50.5700  2
 -68.7700 -50.4200  2
 -68.8600 -50.4700  2
 -68.9200 -50.6700  2
 -69.0100 -51.0700  2
 -69.0400 -51.2300  2
 -69.0900 -51.4600  2
 -69.1300 -51.6200  2
 -69.2100 -51.7300  2
 -69.3100 -51.8300  2
 -69.4500 -52.1100  2
 -69.6300 -52.5400  2
 -69.7100 -52.7400  2
 -69.8300 -52.9600  2
 -69.8800 -52.6700  2
 -69.9800 -52.4600  2
 -70.1100 -52.0200  2
 -70.2100 -51.7100  2
 -70.2800 -51.4900  2
 -70.3900 -51.4900  3
 -70.4300 -51.4800  2
 -70.3800 -51.1300  2
 -70.3700 -50.7400  2
 -70.4200 -50.4000  2
 -70.5400 -49.9800  2
 -70.6400 -49.7500  2
 -70.7100 -49.5800  2
 -70.7800 -49.5700  2
 -70.8300 -49.5400  2
 -70.8400 -49.1900  2
 -70.8600 -48.9800  2
 -70.9700 -48.6300  2
 -71.0700 -48.2000  2
 -71.0900 -47.7800  2
 -71.1400 -47.7000  2
 -71.1900 -47.2300  2
 -71.2300 -46.8500  2
 -71.3200 -46.3200  2
 -71.4200 -45.8200  2
 -71.4400 -45.4000  2
 -71.4500 -44.9700  2
 -71.4500 -44.5700  2
 -71.5900 -44.3400  2
 -71.7300 -43.9800  2
 -71.8300 -43.6300  2
 -71.9100 -43.1900  2
 -71.9700 -42.8600  2
 -72.0000 -42.8200  2
 -72.0000 -42.8200  3
  99.0000   0.0000  3
 80X 300 807 200 580.00   0.00 BA 1000  7
 -68.7900 -77.9300  3
 -68.7700 -77.7900  2
 -68.7400 -77.5100  2
 -68.7400 -77.2100  2
 -68.7200 -76.8700  2
 -68.7200 -76.6000  2
 -68.6900 -76.2300  2
 -68.6500 -75.9900  2
 -68.5300 -75.9200  2
 -68.4100 -75.8500  2
 -68.2200 -75.7000  2
 -68.1100 -75.6000  2
 -68.0400 -75.4300  2
 -68.0000 -75.2200  2
 -67.9700 -75.0200  2
 -67.9300 -74.9800  2
 -67.8700 -75.0300  2
 -67.8200 -75.1600  2
 -67.7700 -75.1800  2
 -67.7800 -74.9500  2
 -67.8100 -74.6700  2
 -67.8000 -74.5500  2
 -67.7500 -74.6500  2
 -67.7000 -74.8700  2
 -67.6500 -75.0700  2
 -67.6000 -75.1700  2
 -67.5200 -75.1200  2
 -67.4600 -74.9400  2
 -67.5500 -74.7000  2
 -67.6300 -74.4300  2
 -67.7300 -74.1500  2
 -67.8000 -73.9000  2
 -67.7700 -73.7200  2
 -67.7000 -73.8200  2
 -67.5700 -74.0500  2
 -67.4500 -74.0300  2
 -67.4000 -73.8900  2
 -67.3900 -73.6700  2
 -67.2800 -73.4000  2
 -67.1400 -73.1300  2
 -67.0000 -72.8200  2
 -66.9100 -72.6700  2
 -66.8500 -72.5000  2
 -66.7900 -72.3400  2
 -66.7500 -72.2800  2
 -66.7100 -72.3600  2
 -66.6300 -72.4000  2
 -66.5700 -72.2700  2
 -66.5300 -72.2500  2
 -66.4700 -72.2200  2
 -66.4600 -72.0900  2
 -66.5000 -71.9500  2
 -66.5400 -71.8200  2
 -66.4600 -71.5900  2
 -66.3500 -71.3700  2
 -66.2400 -71.2200  2
 -66.1700 -71.1000  2
 -66.0700 -70.9100  2
 -65.9900 -70.7300  2
 -65.9300 -70.3900  2
 -65.8600 -70.1000  2
 -65.7700 -69.9900  2
 -65.6900 -69.8800  2
 -65.6100 -69.8300  2
 -65.5200 -69.7500  2
 -65.4500 -69.6500  2
 -65.3500 -69.4900  2
 -65.3000 -69.3100  2
 -65.2600 -69.0700  2
 -65.1900 -68.7700  2
 -65.0600 -68.5800  2
 -64.9200 -68.4400  2
 -64.8600 -68.4000  2
 -64.7900 -68.3500  2
 -64.7000 -68.2600  2
 -64.6300 -68.1700  2
 -64.5600 -68.0300  2
 -64.5000 -67.8700  2
 -64.4600 -67.6000  2
 -64.3700 -67.2900  2
 -64.2900 -66.9700  2
 -64.1900 -66.7200  2
 -64.1100 -66.5100  2
 -64.0300 -66.3000  2
 -63.9700 -66.2000  2
 -63.8500 -65.9200  2
 -63.7800 -65.8000  2
 -63.7000 -65.7700  2
 -63.6300 -65.6300  2
 -63.5600 -65.3900  2
 -63.5200 -65.2500  2
 -63.4700 -65.0000  2
 -63.4000 -64.8000  2
 -63.3000 -64.7700  2
 -63.2000 -64.6700  2
 -63.1200 -64.4600  2
 -63.0800 -64.2500  2
 -63.0800 -64.0700  2
 -63.0300 -63.9700  2
 -63.0200 -63.7700  2
 -63.0200 -63.6000  2
 -62.9700 -63.5500  2
 -62.9400 -63.5900  2
 -62.9400 -63.4100  2
 -62.9300 -63.3200  2
 -62.8900 -63.1700  2
 -62.8200 -63.0700  2
 -62.7500 -63.0000  2
 -62.6800 -62.9300  2
 -62.5900 -62.8000  2
 -62.5400 -62.5700  2
 -62.4900 -62.3200  2
 -62.4700 -62.1300  2
 -62.4600 -61.9000  2
 -62.4300 -61.8100  2
 -62.3800 -61.6700  2
 -62.3000 -61.5500  2
 -62.2800 -61.3400  2
 -62.2100 -61.0800  2
 -62.1700 -60.9600  2
 -62.1400 -60.8500  2
 -62.0800 -60.6600  2
 -62.0100 -60.6100  3
 -62.0600 -60.5400  2
 -61.9900 -60.5300  3
 -62.0000 -60.5600  2
 -62.0200 -60.5400  2
 -62.0300 -60.5100  2
 -62.0000 -60.4900  2
 -61.9900 -60.5100  2
 -61.9900 -60.5400  2
 -61.9500 -60.4800  3
 -61.9700 -60.4800  2
 -61.9900 -60.4500  2
 -62.0000 -60.4200  2
 -61.9800 -60.4100  2
 -61.9500 -60.4300  2
 -61.9500 -60.4600  2
 -61.9200 -60.3800  3
 -61.9300 -60.4000  2
 -61.9500 -60.3600  2
 -61.9500 -60.3200  2
 -61.9300 -60.3300  2
 -61.9200 -60.3700  2
 -61.9000 -60.2200  3
 -61.8900 -60.0900  2
 -61.8600 -59.9800  2
 -61.8300 -59.8900  2
 -61.8100 -59.8000  2
 -61.7600 -59.7500  2
 -61.7300 -59.5200  2
 -61.7100 -59.3100  2
 -61.6700 -59.1300  2
 -61.6300 -58.9600  2
 -61.5900 -58.9300  2
 -61.5400 -58.8200  2
 -61.5200 -58.5400  2
 -61.5100 -58.2800  2
 -61.4600 -57.9700  2
 -61.4000 -57.7500  2
 -61.4100 -57.5900  2
 -61.4500 -57.4700  2
 -61.4400 -57.3300  2
 -61.4100 -57.0800  2
 -61.3800 -56.9000  2
 -61.3500 -56.8700  2
 -61.3200 -56.9600  2
 -61.2700 -56.9500  2
 -61.2400 -56.8100  2
 -61.2000 -56.5900  2
 -61.1900 -56.5100  2
 -61.1400 -56.3300  2
 -61.0800 -56.2500  2
 -61.0900 -56.1600  2
 -61.0400 -56.1100  2
 -61.0200 -56.1600  2
 -60.9400 -56.0800  2
 -60.8500 -55.9700  2
 -60.8700 -55.9300  2
 -60.8700 -55.8600  2
 -60.8400 -55.7700  2
 -60.8100 -55.6300  2
 -60.7900 -55.4600  2
 -60.7900 -55.3500  2
 -60.8000 -55.2600  2
 -60.8600 -55.1400  2
 -60.8800 -54.9800  2
 -60.8800 -54.7500  2
 -60.8400 -54.5400  2
 -60.8700 -54.3900  2
 -60.9300 -54.2300  2
 -60.9000 -54.0600  2
 -60.8300 -54.0100  2
 -60.7200 -53.7500  2
 -60.9400 -54.0800  3
 -60.8700 -53.9900  2
 -60.8100 -53.9300  2
 -60.7300 -53.6900  2
 -60.6600 -53.5200  2
 -60.6200 -53.3100  2
 -60.5500 -53.0100  3
 -60.5400 -52.9500  3
 -60.4900 -52.7900  2
 -60.4400 -52.5100  2
 -60.4100 -52.3100  2
 -60.3500 -52.0700  2
 -60.3000 -51.8500  2
 -60.2300 -51.5300  2
 -60.1900 -51.2800  2
 -60.1700 -51.0400  2
 -60.1600 -50.7400  2
 -60.1400 -50.4600  2
 -60.1500 -50.2300  2
 -60.1900 -49.9700  2
 -60.2000 -49.7300  2
 -60.2200 -49.6500  2
 -60.2500 -49.8100  2
 -60.2800 -50.0500  2
 -60.3000 -50.2500  2
 -60.3000 -50.7400  2
 -60.3000 -50.9400  2
 -60.3300 -51.2500  2
 -60.3800 -51.5200  2
 -60.4900 -51.9300  2
 -60.5400 -52.2500  2
 -60.6200 -52.5200  2
 -60.7000 -52.5800  2
 -60.6800 -52.4100  2
 -60.7700 -52.5400  2
 -60.8100 -52.8500  2
 -60.8100 -52.9800  2
 -60.8500 -53.2900  2
 -60.8800 -53.4900  2
 -60.9400 -53.8100  2
 -60.9700 -54.1800  2
 -60.9400 -54.4700  2
 -60.9900 -54.5800  2
 -61.0400 -54.1500  2
 -61.0500 -53.8000  2
 -61.0900 -53.6100  2
 -61.1800 -53.4500  2
 -61.2000 -53.1900  2
 -61.1300 -52.8700  2
 -61.0800 -52.6100  2
 -61.0700 -52.2300  2
 -61.0400 -51.9800  2
 -61.0500 -51.9000  3
 -61.0800 -52.0000  2
 -61.0700 -51.8200  3
 -61.0800 -51.9200  2
 -61.1200 -51.9300  2
 -61.0900 -51.8400  2
 -61.0700 -51.8200  2
 -61.0600 -51.8500  2
 -61.0900 -51.7400  3
 -61.0900 -51.8000  2
 -61.1200 -51.8100  2
 -61.1100 -51.7400  2
 -61.0900 -51.7400  2
 -61.1100 -51.6400  3
 -61.1100 -51.6900  2
 -61.1500 -51.7200  2
 -61.1400 -51.6300  2
 -61.1100 -51.6300  2
 -61.1500 -51.5700  3
 -61.1800 -51.5500  2
 -61.2600 -51.5300  2
 -61.2500 -51.4000  2
 -61.1400 -51.1600  2
 -61.0600 -50.9500  2
 -60.9500 -50.8300  2
 -60.8500 -50.7600  2
 -60.7900 -50.5500  2
 -60.7700 -50.4600  2
 -60.7900 -50.4100  2
 -60.9600 -50.4700  2
 -61.0700 -50.6700  2
 -61.1900 -50.9300  2
 -61.3200 -51.2000  2
 -61.4500 -51.4400  2
 -61.5600 -51.6400  2
 -61.6400 -51.9300  2
 -61.7100 -52.2300  2
 -61.7700 -52.5200  2
 -61.8300 -52.9200  2
 -61.8500 -53.1600  2
 -61.9500 -53.3900  2
 -62.0100 -53.5700  2
 -62.1200 -53.6600  2
 -62.2500 -53.6500  2
 -62.3700 -53.7100  2
 -62.4500 -53.8200  2
 -62.5700 -53.7800  2
 -62.6900 -53.7400  2
 -62.7800 -53.6200  2
 -62.8300 -53.2900  2
 -62.8900 -53.1700  2
 -62.9300 -52.9000  2
 -62.9500 -52.6900  2
 -62.9500 -52.4000  2
 -62.9700 -52.1600  2
 -63.0300 -51.9400  2
 -63.0800 -51.6300  2
 -63.1300 -51.3300  2
 -63.1900 -51.1000  2
 -63.2500 -51.0500  2
 -63.3000 -51.1800  2
 -63.3400 -51.5100  2
 -63.4200 -51.8200  2
 -63.5300 -51.9800  2
 -63.5800 -52.0300  2
 -63.6700 -52.1300  2
 -63.7300 -52.0300  2
 -63.8000 -52.0300  2
 -63.8500 -52.4100  2
 -63.8600 -52.6400  2
 -63.9300 -52.8900  2
 -63.9200 -53.2000  2
 -64.0200 -53.3100  2
 -64.1800 -53.4200  2
 -64.3000 -53.6100  2
 -64.4200 -53.8300  2
 -64.5100 -54.0400  2
 -64.5700 -54.1700  2
 -64.6900 -54.2000  2
 -64.8400 -54.3000  2
 -64.9800 -54.5000  2
 -65.0600 -54.6000  2
 -65.2000 -54.7300  2
 -65.3200 -54.6000  2
 -65.4500 -54.3000  2
 -65.6000 -54.1200  2
 -65.7800 -53.9800  2
 -65.9600 -53.8200  2
 -66.0900 -53.6800  2
 -66.2500 -53.5100  2
 -66.3800 -53.4400  2
 -66.5400 -53.5100  2
 -66.6900 -53.6000  2
 -66.8200 -53.7400  2
 -66.9800 -53.8600  2
 -67.1200 -54.1100  2
 -67.2200 -54.1900  2
 -67.3500 -54.2600  2
 -67.4700 -54.2200  2
 -67.6600 -54.1000  2
 -67.7900 -53.9600  2
 -67.9800 -53.7200  2
 -68.1100 -53.5200  2
 -68.2600 -53.3200  2
 -68.4100 -53.2300  2
 -68.5400 -53.1800  2
 -68.6600 -53.2500  2
 -68.7900 -53.2900  2
 -68.9000 -53.3100  2
 -69.0500 -53.4400  2
 -69.2500 -53.5900  2
 -69.3800 -53.7900  2
 -69.5500 -54.0900  2
 -69.6700 -54.3100  2
 -69.7900 -54.4900  2
 -69.9600 -54.3300  2
 -70.1000 -54.1300  2
 -70.2600 -53.8300  2
 -70.4800 -53.6500  2
 -70.6800 -53.6200  2
 -70.8700 -53.6500  2
 -71.1300 -53.7700  2
 -71.2900 -53.7900  2
 -71.4600 -53.7800  2
 -71.6000 -53.4800  2
 -71.7900 -53.2400  2
 -71.9100 -53.0600  2
 -71.9700 -52.9400  2
 -71.9700 -52.9500  3
  99.0000   0.0000  3
 80X 300 807 200 580.00   0.00 BA 2000  6
 -68.7300 -77.9600  3
 -68.7200 -77.8100  2
 -68.6900 -77.6000  2
 -68.6600 -77.3100  2
 -68.6500 -76.9600  2
 -68.6300 -76.5900  2
 -68.6100 -76.3200  2
 -68.5500 -76.1600  2
 -68.4600 -76.1100  2
 -68.3600 -76.0400  2
 -68.2400 -75.8600  2
 -68.1100 -75.6700  2
 -68.0400 -75.4900  2
 -67.9900 -75.2100  2
 -67.9500 -75.0600  2
 -67.9200 -75.0600  2
 -67.8900 -75.1200  2
 -67.8700 -75.2100  2
 -67.8100 -75.2700  2
 -67.7400 -75.2400  2
 -67.7500 -74.9700  2
 -67.7200 -75.1300  2
 -67.6500 -75.3200  2
 -67.5600 -75.3500  2
 -67.5100 -75.2100  2
 -67.4800 -75.1000  2
 -67.4200 -74.9400  2
 -67.3800 -74.8600  2
 -67.3900 -74.7100  2
 -67.4700 -74.5800  2
 -67.5700 -74.4000  2
 -67.6400 -74.2000  2
 -67.6800 -74.1000  2
 -67.6200 -74.1300  2
 -67.5600 -74.2400  2
 -67.4900 -74.2600  2
 -67.4000 -74.1800  2
 -67.3400 -74.1500  2
 -67.3300 -73.8500  2
 -67.2700 -73.6000  2
 -67.1800 -73.4100  2
 -67.0600 -73.1900  2
 -66.9600 -72.9600  2
 -66.8100 -72.6200  2
 -66.7600 -72.5200  2
 -66.6800 -72.5200  2
 -66.6100 -72.5100  2
 -66.5400 -72.4500  2
 -66.4700 -72.3700  2
 -66.4300 -72.1500  2
 -66.4300 -72.0100  2
 -66.4700 -71.9200  2
 -66.4400 -71.8200  2
 -66.4000 -71.6000  2
 -66.3200 -71.4200  2
 -66.2200 -71.3600  2
 -66.1300 -71.2300  2
 -66.0500 -71.0900  2
 -65.9800 -70.9100  2
 -65.9200 -70.5600  2
 -65.8400 -70.2500  2
 -65.7800 -70.1000  2
 -65.6800 -69.9900  2
 -65.6000 -69.9200  2
 -65.5000 -69.8100  2
 -65.3200 -69.6500  2
 -65.2300 -69.4100  2
 -65.1700 -69.0900  2
 -65.1500 -68.9500  2
 -65.0500 -68.7900  2
 -64.9200 -68.5900  2
 -64.8900 -68.5000  2
 -64.8200 -68.4900  2
 -64.7300 -68.3500  2
 -64.6200 -68.2200  2
 -64.5300 -68.0800  2
 -64.4400 -67.9500  2
 -64.4000 -67.7800  2
 -64.4200 -67.6000  2
 -64.3200 -67.2700  2
 -64.2400 -66.9700  2
 -64.1400 -66.7100  2
 -64.0900 -66.5600  2
 -63.9900 -66.2900  2
 -63.9300 -66.2300  2
 -63.8500 -66.0900  2
 -63.7800 -65.9600  2
 -63.7300 -65.8700  2
 -63.6900 -65.8400  2
 -63.6200 -65.7600  2
 -63.5700 -65.5600  2
 -63.5300 -65.4500  2
 -63.4700 -65.2000  2
 -63.3900 -65.0600  2
 -63.2700 -64.9200  2
 -63.1900 -64.7800  2
 -63.1100 -64.6700  2
 -63.0400 -64.4200  2
 -63.0500 -64.2200  2
 -63.0500 -64.2800  3
 -63.0300 -64.1900  2
 -63.0100 -64.0900  2
 -62.9900 -64.0400  2
 -62.9800 -63.9100  2
 -62.9600 -63.8100  2
 -61.9400 -60.7900  3
 -61.9600 -60.9200  2
 -61.9700 -61.0300  2
 -62.0000 -61.1900  2
 -62.0500 -61.2800  2
 -62.0900 -61.3400  2
 -62.0900 -61.5300  2
 -62.1300 -61.7800  2
 -62.1900 -61.9700  2
 -62.1500 -61.7900  2
 -62.2100 -61.7900  2
 -62.2400 -61.9200  2
 -62.2400 -62.0500  2
 -62.2500 -62.1700  2
 -62.2900 -62.3300  2
 -62.3200 -62.5300  2
 -62.3900 -62.6500  2
 -62.4400 -62.7800  2
 -62.4700 -62.8900  2
 -62.5400 -62.9000  2
 -62.6000 -63.0200  2
 -62.6300 -63.1300  2
 -62.6300 -63.2700  2
 -62.6800 -63.3800  2
 -62.7200 -63.4100  2
 -62.7600 -63.4300  2
 -62.7700 -63.4900  2
 -62.8300 -63.4900  2
 -62.8700 -63.5900  2
 -62.9200 -63.6800  2
 -62.9500 -63.7200  2
 -62.9700 -63.8000  2
 -62.9700 -63.9000  2
 -62.9900 -64.0100  2
 -63.0100 -64.0500  2
 -63.0400 -64.1400  2
 -63.0400 -64.1900  2
 -61.9300 -60.7600  3
 -61.9100 -60.7400  2
 -61.9200 -60.7200  2
 -61.9600 -60.7400  2
 -61.9500 -60.6700  2
 -61.8800 -60.6300  3
 -61.9000 -60.6600  2
 -61.9300 -60.6200  2
 -61.9200 -60.5800  2
 -61.8800 -60.6100  2
 -61.8900 -60.6400  2
 -61.8600 -60.5200  3
 -61.8700 -60.5500  2
 -61.9000 -60.5200  2
 -61.8600 -60.5000  2
 -61.8600 -60.5400  2
 -61.8300 -60.4300  3
 -61.8500 -60.4500  2
 -61.8700 -60.4100  2
 -61.8300 -60.3900  2
 -61.8300 -60.4300  2
 -61.8300 -60.2600  3
 -61.8000 -60.1300  2
 -61.7600 -60.0300  2
 -61.6900 -59.9900  2
 -61.6700 -59.7900  2
 -61.6400 -59.5900  2
 -61.6200 -59.3800  2
 -61.6000 -59.2000  2
 -61.5500 -59.0500  2
 -61.5000 -58.9600  2
 -61.4600 -58.9600  2
 -61.4200 -58.6900  2
 -61.3900 -58.3500  2
 -61.3500 -57.9900  2
 -61.3100 -57.7800  2
 -61.3400 -57.6300  2
 -61.3800 -57.4700  2
 -61.3500 -57.2600  2
 -61.3300 -57.1200  2
 -61.2300 -57.0200  2
 -61.1400 -56.7600  2
 -61.1000 -56.5600  2
 -60.9800 -56.4400  2
 -60.9400 -56.3000  2
 -60.8800 -56.1400  2
 -60.8400 -56.0200  2
 -60.7800 -55.9200  2
 -60.8400 -55.8800  2
 -61.1100 -56.5500  3
 -61.0300 -56.5000  2
 -60.9700 -56.4000  2
 -60.8900 -56.2400  2
 -60.8700 -56.1100  2
 -60.8600 -56.0500  2
 -60.7700 -55.9500  2
 -60.8000 -55.8800  2
 -60.8300 -55.8600  2
 -60.8200 -55.7900  3
 -60.7900 -55.7200  2
 -60.7800 -55.5500  2
 -60.7700 -55.3700  2
 -60.8100 -55.2100  2
 -60.8500 -54.9800  2
 -60.8500 -54.7700  2
 -60.8200 -54.6200  2
 -60.8400 -54.4600  2
 -60.9000 -54.2200  2
 -60.8700 -54.0100  2
 -60.7800 -53.9700  2
 -60.7300 -53.7200  2
 -60.6800 -53.5900  2
 -60.5800 -53.4100  2
 -60.5000 -53.0300  2
 -60.4400 -52.7200  2
 -60.3500 -52.4800  2
 -60.2600 -52.2300  2
 -60.2200 -52.0200  2
 -60.1600 -51.6400  2
 -60.1200 -51.4600  2
 -60.0900 -51.2200  2
 -60.0800 -50.9200  2
 -60.0900 -50.5700  2
 -60.0800 -50.3000  2
 -60.0900 -50.0200  2
 -60.0700 -49.7600  2
 -60.0700 -49.7400  2
 -60.0800 -49.4100  2
 -60.0900 -49.1900  2
 -60.1300 -48.9600  2
 -60.0800 -48.6800  2
 -60.0800 -48.4200  2
 -60.1300 -48.4200  2
 -60.1900 -48.3100  2
 -60.2100 -48.5200  2
 -60.2300 -48.7900  2
 -60.2600 -49.0200  2
 -60.2600 -49.1000  2
 -60.2800 -49.2700  2
 -60.2800 -49.4800  2
 -60.3000 -49.6900  2
 -60.3200 -49.8800  2
 -60.3600 -50.1500  2
 -60.3900 -50.3800  2
 -60.4100 -50.6400  2
 -60.3900 -50.9400  2
 -60.3800 -51.1400  2
 -60.4500 -51.3300  2
 -60.4800 -51.4200  2
 -60.5100 -51.5600  2
 -60.5200 -51.6800  2
 -60.5500 -51.9100  2
 -60.6100 -52.0600  2
 -60.6600 -52.2400  2
 -60.7600 -52.4300  2
 -60.8200 -52.5900  2
 -60.8500 -52.7900  2
 -60.8400 -52.8200  2
 -60.8600 -53.0100  2
 -60.9200 -53.2300  2
 -60.9500 -53.2800  2
 -60.9900 -53.0300  2
 -61.0400 -52.8300  2
 -61.0000 -52.5700  2
 -60.9500 -52.2800  2
 -60.9200 -52.0800  2
 -60.8400 -51.7900  2
 -60.7900 -51.6200  2
 -60.7800 -51.4100  2
 -60.7800 -51.1900  2
 -60.8100 -50.9900  2
 -60.7900 -50.7300  2
 -60.7200 -50.4300  2
 -60.6600 -50.2300  2
 -60.5600 -50.0300  2
 -60.5100 -49.7700  2
 -60.4800 -49.3700  2
 -60.4700 -49.0600  2
 -60.5000 -49.4300  2
 -60.4800 -49.1500  2
 -60.4700 -48.8900  2
 -60.4300 -48.6500  2
 -60.3500 -48.5600  2
 -60.3200 -48.4100  2
 -60.3900 -48.4000  2
 -60.3200 -48.1300  2
 -60.3500 -47.9800  2
 -60.4000 -47.9100  2
 -60.4200 -47.8100  2
 -60.4900 -47.8800  3
 -60.6000 -48.1100  2
 -60.6700 -48.3200  2
 -60.7200 -48.4700  2
 -60.8100 -48.6100  2
 -60.9100 -48.8500  2
 -60.9600 -49.0900  2
 -60.9800 -49.2900  2
 -60.8800 -49.2500  2
 -60.7200 -49.1000  2
 -60.5900 -48.9900  2
 -60.6400 -49.2800  2
 -60.6800 -49.6300  2
 -60.7000 -49.8700  2
 -60.8000 -50.0600  2
 -60.9200 -50.1600  2
 -61.0600 -50.3900  2
 -61.1300 -50.5500  2
 -61.2100 -50.6900  2
 -61.3100 -50.9800  2
 -61.4000 -51.2600  2
 -61.4900 -51.4000  2
 -61.5700 -51.5700  2
 -61.6500 -51.7800  2
 -61.7300 -52.0800  2
 -61.8200 -52.4400  2
 -61.9000 -52.8100  2
 -61.9300 -53.0600  2
 -61.9900 -53.1700  2
 -62.1600 -53.2600  2
 -62.3600 -53.3200  2
 -62.4900 -53.2800  2
 -62.6200 -53.1000  2
 -62.7300 -52.8300  2
 -62.8300 -52.6100  2
 -62.8800 -52.1400  2
 -62.9000 -51.6400  2
 -62.9300 -51.0200  2
 -62.9500 -50.7000  2
 -63.0400 -50.4500  2
 -63.0500 -50.1200  2
 -63.1000 -49.8900  2
 -63.1900 -49.7700  2
 -63.2800 -49.6700  2
 -63.3800 -49.8900  2
 -63.4200 -50.3300  2
 -63.4000 -50.8000  2
 -63.5100 -51.2900  2
 -63.6300 -51.4500  2
 -63.7800 -51.5500  2
 -63.8700 -51.6600  2
 -63.9700 -51.9900  2
 -64.0100 -52.3300  2
 -64.0000 -52.6400  2
 -64.0900 -52.9100  2
 -64.2600 -53.0500  2
 -64.4300 -53.2400  2
 -64.5300 -53.4000  2
 -64.6000 -53.7200  2
 -64.7000 -53.8100  2
 -64.8900 -53.9300  2
 -65.1000 -54.1500  2
 -65.1900 -54.1000  2
 -65.3100 -53.8400  2
 -65.4500 -53.5800  2
 -65.6100 -53.4100  2
 -65.8100 -53.2900  2
 -65.9400 -53.2100  2
 -66.0900 -53.0200  2
 -66.2100 -52.8900  2
 -66.3700 -52.8600  2
 -66.5500 -52.9100  2
 -66.6900 -53.0400  2
 -66.9000 -53.2600  2
 -67.0000 -53.3900  2
 -67.1100 -53.5700  2
 -67.2100 -53.7000  2
 -67.3700 -53.7400  2
 -67.4700 -53.6700  2
 -67.5700 -53.5100  2
 -67.6800 -53.3200  2
 -67.7500 -53.1200  2
 -67.8700 -52.8500  2
 -67.9400 -52.6000  2
 -68.0600 -52.3400  2
 -68.1900 -52.1500  2
 -68.3100 -52.0800  2
 -68.4700 -52.1000  2
 -68.6100 -52.1400  2
 -68.7200 -52.2100  2
 -68.8100 -52.3000  2
 -68.9400 -52.4700  2
 -69.0200 -52.5900  2
 -69.1900 -52.7700  2
 -69.3700 -52.9100  2
 -69.4700 -52.9300  2
 -69.5700 -53.1900  2
 -69.7200 -53.5300  2
 -69.8800 -53.6800  2
 -70.1000 -53.4400  2
 -70.1800 -53.2800  2
 -70.3700 -53.0800  2
 -70.5100 -52.8700  2
 -70.6400 -52.8000  2
 -70.8500 -52.8600  2
 -70.9600 -52.9400  2
 -71.0300 -53.0900  2
 -71.1200 -53.0100  2
 -71.2100 -52.9700  2
 -71.2900 -52.9400  3
 -71.3100 -52.5800  2
 -71.3300 -52.3800  2
 -71.4200 -52.0100  2
 -71.4400 -51.6900  2
 -71.5000 -51.4300  2
 -71.5900 -51.3500  2
 -71.7700 -51.4500  2
 -71.8400 -51.6600  2
 -71.9400 -51.7100  2
 -71.9200 -51.5300  2
 -71.7900 -50.9700  2
 -71.6300 -50.4100  2
 -71.6100 -49.9300  2
 -71.6400 -49.6200  2
 -71.7000 -49.1800  2
 -71.7700 -48.7800  2
 -71.8600 -48.6800  2
 -71.8800 -48.4900  2
 -71.8600 -48.3500  2
 -71.9300 -47.7900  2
 -71.9800 -47.5600  2
 -71.9500 -47.3300  2
 -71.9300 -46.9300  2
 -71.9600 -46.6400  2
 -71.9800 -46.5200  2
 -71.9700 -46.5300  3
  99.0000   0.0000  3
 84X   1 807 200 250.00   0.00 TO 0     7
 -73.0600 -66.2500  3
 -73.1100 -66.3600  2
 -73.1700 -66.5200  2
 -73.2300 -66.7900  2
 -73.2800 -67.0200  2
 -73.3100 -67.1500  2
 -73.3400 -67.4100  2
 -73.4000 -67.6700  2
 -73.4400 -67.8900  2
 -73.4700 -68.0800  2
 -73.5500 -68.2000  2
 -73.6100 -68.3900  2
 -73.6800 -68.4600  2
 -73.7700 -68.6400  2
 -73.9300 -68.9200  2
 -74.0300 -69.0400  2
 -74.0500 -69.1200  2
 -74.1600 -69.3900  2
 -74.2500 -69.6400  2
 -74.2500 -69.9300  2
 -74.1800 -70.6000  2
 -74.0800 -70.9200  2
 -74.0200 -71.1500  2
 -73.9200 -71.4700  2
 -73.8200 -71.7400  2
 -73.7300 -72.1600  2
 -73.7000 -72.5000  2
 -73.7200 -73.0300  2
 -73.7700 -73.6100  2
 -73.8100 -73.9400  2
 -73.8900 -74.5000  2
 -73.9000 -74.8600  3
 -73.9400 -74.9600  2
 -73.9600 -74.9300  2
 -73.9900 -74.8000  2
 -74.0000 -74.6500  2
 -73.9600 -74.6300  2
 -73.9200 -74.7700  2
 -73.9300 -74.8300  2
 -73.9700 -75.1900  3
 -74.0100 -75.6000  2
 -74.0100 -75.7700  2
 -74.1100 -76.3500  2
 -74.2400 -76.7700  2
 -74.4100 -77.0200  2
 -74.5200 -77.1900  2
 -74.6200 -77.2700  2
 -74.7300 -76.9100  2
 -74.8200 -76.3500  2
 -74.8700 -75.9300  2
 -74.8900 -75.4900  2
 -74.8800 -75.1300  2
 -74.8900 -74.7900  2
 -74.9200 -74.3900  2
 -74.9400 -74.0800  2
 -74.9400 -73.7000  2
 -75.0100 -73.3600  2
 -75.0900 -73.2900  2
 -75.1900 -73.4300  2
 -75.2700 -73.6200  2
 -75.3900 -73.6900  2
 -75.4200 -73.5300  2
 -75.4500 -73.2700  2
 -75.4300 -72.9100  2
 -75.4000 -72.6900  2
 -75.3700 -72.4600  2
 -75.3500 -72.0000  2
 -75.4200 -71.8900  2
 -75.5300 -72.0500  2
 -75.6900 -72.4700  2
 -75.8200 -72.7600  2
 -75.9400 -73.1100  2
 -76.0500 -73.3800  2
 -76.1300 -73.4400  2
 -76.2100 -73.2300  2
 -76.1600 -72.7900  2
 -76.0800 -72.5100  2
 -75.9700 -72.1800  2
 -75.9200 -72.0200  2
 -75.8000 -71.6100  2
 -75.7100 -71.3400  2
 -75.6100 -71.0700  2
 -75.5200 -70.7700  2
 -75.4100 -70.4400  2
 -75.3800 -70.0700  2
 -75.4600 -69.9000  2
 -75.5600 -70.2100  2
 -75.6800 -70.5700  2
 -75.8100 -70.8800  2
 -75.9100 -71.0400  2
 -75.9700 -71.1000  2
 -76.0400 -70.9900  2
 -76.1200 -70.6700  2
 -76.0700 -69.6500  2
 -76.0300 -69.1100  2
 -75.9800 -68.6100  2
 -75.9200 -68.1500  2
 -75.8800 -67.7700  2
 -75.8100 -66.8900  2
 -75.7800 -66.3800  2
 -75.6900 -65.7800  2
 -75.6200 -65.2900  2
 -75.5800 -64.8500  2
 -75.5100 -64.4300  2
 -75.4400 -64.2100  2
 -75.3700 -63.9900  2
 -75.3100 -64.3400  2
 -75.2800 -64.6000  2
 -75.2500 -64.7500  2
 -75.2000 -64.6800  2
 -75.1600 -64.4000  2
 -75.1300 -64.1500  2
 -75.1000 -63.9300  2
 -75.0800 -63.8100  2
 -75.0100 -64.0000  2
 -74.9500 -64.2700  2
 -74.8800 -64.2300  2
 -74.8500 -64.0200  2
 -74.8200 -63.7900  2
 -74.7900 -63.5400  2
 -74.7300 -63.5800  2
 -74.6500 -63.5900  2
 -74.5800 -63.6100  2
 -74.5400 -63.6200  2
 -74.4900 -63.5000  2
 -74.4800 -63.2400  2
 -74.5000 -63.0900  2
 -74.5700 -62.8700  2
 -74.5900 -62.5400  2
 -74.5500 -62.3200  2
 -74.5100 -62.1300  2
 -74.4600 -61.9300  2
 -74.3900 -61.6900  2
 -76.3300 -79.1500  3
 -76.3000 -79.4100  2
 -76.2700 -79.8400  2
 -76.2900 -80.1800  2
 -76.3300 -80.4900  2
 -76.4300 -80.5200  2
 -76.5200 -80.5700  2
 -76.5700 -80.8800  2
 -76.6100 -81.3300  2
 -76.6600 -82.0100  2
 -76.7300 -82.4000  2
 -76.8300 -82.6500  2
 -76.8700 -82.5000  2
 -76.8900 -82.3200  2
 -76.9000 -82.0300  2
 -76.8800 -81.6800  2
 -76.8900 -81.3400  2
 -76.9700 -80.9900  2
 -77.0600 -81.0800  2
 -77.1600 -81.1100  2
 -77.2800 -81.0100  2
 -77.4000 -80.9100  2
 -77.4900 -80.4800  2
 -77.6200 -79.6200  2
 -77.6900 -79.1600  2
 -77.7500 -78.3900  2
 -77.7700 -77.7900  2
 -77.7900 -77.4100  2
 -77.8000 -76.5900  2
 -77.8300 -76.1100  2
 -77.8400 -75.7300  2
 -77.8300 -75.2900  2
 -77.8600 -74.9300  2
 -77.8500 -74.6700  2
 -77.7700 -74.3900  2
 -77.7100 -74.3800  2
 -77.6400 -74.8400  2
 -77.5700 -75.4300  2
 -77.4700 -76.0800  2
 -77.3900 -76.5000  2
 -77.2800 -77.0700  2
 -77.1900 -77.3000  2
 -77.0700 -77.6000  2
 -76.9500 -77.7400  2
 -76.7900 -77.9500  2
 -76.7000 -78.0100  2
 -76.5300 -78.3500  2
 -76.4200 -78.8300  2
 -76.3300 -79.3100  2
 -76.2800 -80.0300  2
 -76.3000 -80.3200  2
 -76.3000 -80.3200  2
 -76.3000 -80.3200  2
 -78.9900 -93.6600  3
 -79.0300 -94.0000  2
 -79.0600 -94.2500  2
 -79.1600 -94.4100  2
 -79.2000 -94.4700  2
 -79.2700 -94.7900  2
 -79.3300 -95.2000  2
 -79.4300 -95.9300  2
 -79.5700 -96.4400  2
 -79.5700 -96.4400  2
 -79.7300 -96.7200  2
 -79.7800 -96.7900  2
 -79.8900 -96.8500  2
 -79.9700 -97.0500  2
 -80.0300 -97.5500  3
 -80.0300 -97.6100  3
 -80.0300 -97.9800  2
 -80.0500 -98.5200  2
 -80.0900 -98.7700  2
 -80.1500 -99.0300  2
 -80.2200 -99.3500  2
 -80.2800 -99.7200  2
 -80.3100-100.5800  2
 -80.4200-100.8900  2
 -80.5100-100.5300  2
 -80.6400-100.8300  2
 -80.8100-101.5200  2
 -80.9100-101.6900  2
 -81.0500-101.9600  2
 -81.1800-101.9900  2
 -81.2900-101.7600  2
 -81.3900-101.9300  2
 -81.3900-102.5600  2
 -81.4000-103.5100  2
 -81.3700-104.4100  2
 -81.3800-105.4200  2
 -81.4400-106.1600  2
 -81.5200-106.5600  2
 -81.6200-106.6700  2
 -81.6800-107.0300  2
 -81.7200-107.7000  2
 -81.7600-108.1900  2
 -81.8300-108.6000  2
 -81.8600-109.0100  2
 -81.9300-109.9100  2
 -81.9100-110.4200  2
 -81.8500-111.2200  2
 -81.7900-112.1100  2
 -81.7500-112.7500  2
 -81.7100-112.8600  2
 -81.7000-112.2900  2
 -81.7300-111.6900  2
 -81.7200-111.0500  2
 -81.7100-110.6800  2
 -81.7200-110.1000  2
 -81.7000-109.5300  2
 -81.6500-109.3600  2
 -81.5900-109.1500  2
 -81.5800-109.1900  2
 -81.5600-109.3500  2
 -81.5600-109.8800  2
 -81.5200-110.4400  2
 -81.4800-110.9500  2
 -81.4500-111.5300  2
 -81.4300-112.2100  2
 -81.4500-112.7800  2
 -81.4600-113.4100  2
 -81.4600-113.7400  2
 -81.4500-114.1700  2
 -81.3800-114.4500  2
 -81.3300-114.0400  2
 -81.2900-113.4000  2
 -81.2500-113.1300  2
 -81.2000-113.1800  2
 -81.1400-113.1700  2
 -81.1500-112.4900  2
 -81.1800-111.9900  2
 -81.1900-111.4900  2
 -81.1100-111.4500  2
 -81.0300-111.5700  2
 -80.9700-111.4300  2
 -80.9900-110.9900  2
 -81.0700-110.6000  2
 -81.0000-110.3800  2
 -80.8800-110.8000  2
 -80.8100-111.4500  2
 -80.7900-112.2600  2
 -80.7800-112.9100  2
 -80.8100-113.5400  2
 -80.8300-113.9400  2
 -80.8700-114.4900  2
 -80.9400-114.8500  2
 -81.0200-115.2100  2
 -81.0700-115.2800  2
 -81.0900-115.2700  2
 -81.1100-114.9400  2
 -81.0900-114.4500  2
 -81.1000-113.9600  2
 -81.1300-113.8400  2
 -81.1600-113.8500  2
 -81.1900-114.1300  2
 -81.2200-114.4700  2
 -81.2600-114.6900  2
 -81.2900-114.8700  2
 -81.3800-115.5700  2
 -81.4200-116.2200  2
 -81.4600-116.7100  2
 -81.4900-117.1200  2
 -81.5500-117.6700  2
 -81.6000-118.1100  2
 -81.6200-118.5300  2
 -81.6600-119.0200  2
 -81.7000-119.3900  2
 -81.7400-119.8200  2
 -81.7900-120.0900  2
 -81.8400-120.0400  2
 -81.9000-119.9600  2
 -81.9400-119.6800  2
 -81.9800-119.1600  2
 -82.0100-118.6000  2
 -82.0400-117.9800  2
 -82.0700-117.6500  2
 -82.1200-117.5200  2
 -82.1600-117.7300  2
 -82.2000-118.1800  2
 -82.2400-118.2700  2
 -82.2700-117.9000  2
 -82.2600-117.5700  2
 -82.2800-117.3500  2
 -82.2700-116.8600  2
 -82.2400-116.2900  2
 -82.1400-115.8300  2
 -82.0900-115.5000  2
 -82.1200-115.6600  3
 -82.0600-115.2700  2
 -82.0300-114.8900  2
 -82.0000-114.1400  2
 -81.9900-113.4000  2
 -82.0000-112.8700  2
 -82.0500-112.3800  2
 -82.1100-111.9700  2
 -82.1700-111.0400  2
 -82.2300-110.3400  2
 -82.2900-110.3600  2
 -82.3900-110.6700  2
 -82.4100-111.5500  2
 -82.4300-112.3300  2
 -82.4400-113.2600  2
 -82.4300-113.9800  2
 -82.4700-114.3400  2
 -82.5400-114.1100  2
 -82.5700-113.5100  2
 -82.5800-112.9300  2
 -82.5500-112.2300  2
 -82.5200-111.5500  2
 -82.4800-110.7600  2
 -82.4800-109.9400  2
 -82.5100-109.5200  2
 -82.6000-109.6600  2
 -82.5500-109.6000  3
 -82.6500-110.0000  2
 -82.7000-110.7500  2
 -82.7200-111.9500  2
 -82.7100-113.1600  2
 -82.8100-113.4800  2
 -82.9200-113.1700  2
 -82.9400-112.6900  2
 -82.9300-112.0200  2
 -82.8900-111.2600  2
 -82.9100-110.3900  2
 -83.0100-110.4900  2
 -82.9900-111.7300  2
 -83.0100-112.4900  2
 -83.0300-112.3300  2
 -83.0600-111.8400  2
 -83.1300-110.5100  2
 -83.2700-110.4900  2
 -83.3600-111.2800  2
 -83.4300-112.0700  2
 -83.5000-111.5300  2
 -83.6400-111.2600  2
 -83.7700-111.4200  2
 -83.8700-111.6800  2
 -83.9800-111.6800  2
 -84.0900-110.9100  2
 -84.1500-110.1800  2
 -84.2200-109.5400  2
 -84.3100-108.9400  2
 -84.4100-108.6700  2
 -84.5100-109.0700  2
 -78.9800 -93.4200  3
 -79.0300 -93.5700  2
 -79.0700 -93.4300  2
 -79.0600 -93.1900  2
 -79.0100 -93.1800  2
 -78.9700 -93.3700  2
 -78.9700 -93.4600  2
 -78.9700 -92.9400  3
 -78.9400 -92.7000  2
 -78.9300 -92.4100  2
 -78.9200 -92.1200  2
 -78.8800 -92.1700  2
 -78.8200 -92.3100  2
 -78.8100 -92.2100  2
 -78.7900 -91.9300  2
 -78.7500 -92.0300  2
 -78.7200 -92.0200  2
 -78.6900 -91.5600  2
 -78.7200 -91.1400  2
 -78.8000 -91.0400  2
 -78.9000 -91.0800  2
 -79.0000 -91.2600  2
 -79.1100 -91.3500  2
 -79.1900 -91.2000  2
 -79.1900 -90.7600  3
 -79.1900 -90.8100  3
 -79.1400 -90.4300  2
 -79.0700 -90.2400  2
 -79.0100 -89.7700  2
 -78.9300 -89.2600  2
 -78.8600 -89.1400  2
 -78.7900 -89.0200  2
 -78.7300 -88.9800  2
 -78.6600 -89.0000  2
 -78.6100 -88.9200  2
 -78.5100 -88.9000  2
 -78.4000 -88.8400  2
 -78.3300 -88.7700  2
 -78.2800 -88.6900  2
 -78.2300 -88.4800  2
 -78.1900 -88.3100  2
 -78.1300 -88.2000  2
 -78.1000 -88.3400  2
 -78.0800 -88.9700  2
 -78.0500 -89.2800  2
 -78.0100 -89.6900  2
 -77.9200 -89.9700  2
 -77.7800 -89.7700  2
 -77.7000 -89.5300  2
 -77.6100 -89.1200  2
 -77.5800 -88.8700  2
 -77.5000 -88.5100  2
 -77.4300 -88.2800  2
 -77.3500 -88.0500  2
 -77.2800 -87.7800  2
 -77.2400 -87.4200  2
 -77.2200 -86.9700  2
 -77.2500 -86.6300  2
 -77.2800 -86.4100  2
 -77.2900 -86.2400  2
 -77.4200 -86.1800  2
 -77.4600 -85.9900  2
 -77.5300 -85.6600  2
 -77.6200 -85.6200  2
 -77.6800 -85.6700  2
 -77.7000 -85.8800  2
 -77.7800 -85.9300  2
 -77.8500 -85.6700  2
 -77.9700 -85.3900  2
 -78.0100 -85.2300  2
 -78.0700 -84.9800  2
 -78.1200 -84.7700  2
 -78.2000 -84.8100  2
 -78.3000 -84.2100  2
 -78.4600 -84.0500  2
 -78.6100 -83.8100  2
 -78.7100 -83.5900  2
 -78.8300 -83.4500  2
 -78.8700 -83.4700  2
 -78.8800 -83.7000  2
 -78.8400 -83.9700  2
 -78.8400 -84.1600  2
 -78.8700 -84.2800  2
 -78.9200 -84.4400  2
 -78.9600 -84.2700  2
 -79.0300 -84.2700  2
 -79.0000 -84.7700  2
 -78.8800 -85.1400  2
 -78.8000 -85.3700  2
 -78.6900 -85.7200  2
 -78.5800 -86.0100  2
 -78.5400 -86.3100  2
 -78.5700 -86.5300  2
 -78.6900 -86.0500  2
 -78.8200 -85.7400  2
 -78.9100 -85.5000  2
 -78.9600 -85.5200  2
 -78.8800 -85.9500  2
 -78.8200 -86.2200  2
 -78.7700 -86.4800  2
 -78.8600 -86.6300  2
 -78.9400 -86.3000  2
 -79.0100 -86.0200  2
 -79.0400 -85.4200  2
 -79.0600 -84.9300  2
 -79.1200 -84.7400  2
 -79.1300 -84.3400  2
 -79.1400 -83.9000  2
 -79.2000 -83.5500  2
 -79.1600 -83.4400  3
 -79.2100 -83.3000  2
 -79.2800 -83.0500  2
 -79.3400 -82.8000  2
 -79.3800 -82.7600  2
 -79.4100 -82.6800  2
 -79.4100 -82.9900  2
 -79.4400 -83.1100  2
 -79.5200 -82.6400  2
 -79.6000 -82.3100  2
 -79.6400 -82.5300  2
 -79.6500 -82.9800  2
 -79.7000 -82.8300  2
 -79.7100 -82.4100  2
 -79.7400 -82.0200  2
 -79.7300 -81.5000  2
 -79.7100 -81.1100  2
 -79.7700 -81.0500  2
 -79.8000 -81.7000  2
 -79.8000 -81.7500  2
 -79.8600 -81.5200  2
 -79.9400 -80.9700  2
 -79.9700 -80.4500  2
 -80.0500 -80.3000  2
 -80.0900 -80.3100  2
 -80.1900 -80.3000  2
 -80.2700 -80.0300  2
 -80.3700 -79.9100  2
 -80.4200 -80.1300  2
 -80.4800 -80.6700  2
 -80.4800 -80.7300  2
 -80.4800 -80.7300  2
 -80.5400 -81.5100  2
 -80.6000 -81.6100  2
 -80.7600 -81.1500  2
 -80.8900 -80.8100  2
 -80.9600 -81.0200  2
 -80.8600 -81.6100  2
 -80.7400 -82.4400  2
 -80.6600 -82.8700  2
 -80.5600 -83.3000  2
 -80.4600 -83.8400  2
 -80.3600 -84.3700  2
 -80.2400 -85.2200  2
 -80.2800 -86.0100  2
 -80.4300 -86.2000  2
 -80.6000 -85.5300  2
 -80.7200 -84.7000  2
 -80.8200 -84.3900  2
 -80.9600 -83.8000  2
 -81.0700 -83.4000  2
 -81.1500 -83.2100  2
 -81.2600 -83.1600  2
 -81.3100 -83.5900  2
 -81.3100 -84.2700  2
 -81.3600 -84.2200  2
 -81.4100 -84.6800  2
 -81.4800 -84.8100  2
 -81.4800 -84.8100  2
 -81.5300 -85.1400  2
 -81.4500 -85.7600  2
 -81.3700 -86.3700  2
 -81.4500 -86.8700  2
 -81.6100 -86.4100  2
 -81.6700 -86.0400  2
 -81.6600 -85.9900  2
 -81.6800 -85.5300  2
 -81.6500 -84.7200  2
 -81.6200 -83.8000  2
 -81.6900 -83.5900  2
 -81.7700 -83.0700  2
 -81.8400 -82.7200  2
 -81.9000 -82.6600  2
 -81.8800 -82.6800  3
 -81.8500 -82.9800  2
 -81.8900 -83.1900  2
 -81.9100 -83.7000  2
 -82.0000 -83.6100  2
 -82.0600 -83.0800  2
 -82.1100 -82.4800  2
 -82.1700 -81.7800  2
 -82.2700 -81.1600  2
 -82.3500 -80.9800  2
 -82.4000 -80.7700  2
 -82.4400 -81.4200  2
 -82.4200 -81.9400  2
 -82.4000 -82.8100  2
 -82.4000 -83.4500  2
 -82.4400 -84.3900  2
 -82.4000 -84.7800  2
 -82.3500 -85.1000  2
 -82.2900 -84.8100  2
 -82.2100 -84.6200  2
 -82.1300 -85.2300  2
 -82.1100 -85.8500  2
 -82.1300 -86.3100  2
 -82.2300 -86.0300  2
 -82.2900 -85.7100  2
 -82.3300 -86.0200  2
 -82.3200 -86.4500  2
 -82.4000 -86.5300  2
 -82.4500 -86.4200  2
 -82.4700 -86.9700  2
 -82.5000 -87.5100  2
 -82.5600 -87.2000  2
 -82.6200 -87.0100  2
 -82.6800 -87.4800  2
 -82.6300 -88.3000  2
 -82.5600 -88.6900  2
 -82.4400 -88.9500  2
 -82.3600 -88.9800  2
 -82.2600 -88.7500  2
 -82.1800 -88.4400  2
 -82.0800 -88.4200  2
 -82.0300 -88.7000  2
 -82.0000 -89.6400  3
 -81.9700 -89.1200  3
 -81.9600 -89.7200  2
 -81.9500 -90.4400  2
 -81.9000 -91.2300  2
 -81.8700 -92.0100  2
 -81.8600 -92.6600  2
 -81.9300 -92.6700  2
 -82.0000 -92.8700  2
 -82.0200 -93.4700  2
 -82.1600 -93.1700  2
 -82.2900 -93.0500  2
 -82.4200 -92.7900  2
 -82.4900 -92.5200  2
 -82.5400 -92.2400  2
 -82.6000 -92.6700  2
 -82.5900 -93.1000  2
 -82.7100 -93.4800  2
 -82.7900 -92.9800  2
 -82.8500 -92.3300  2
 -82.8800 -91.6600  2
 -82.9300 -90.9100  2
 -82.9800 -90.5300  2
 -83.0700 -90.5900  2
 -83.0500 -91.4300  2
 -83.0500 -92.1900  2
 -83.0500 -93.1000  2
 -83.0600 -94.0200  2
 -83.0000 -94.6000  2
 -82.9900 -94.6700  2
 -82.9900 -94.6700  2
 -82.8900 -94.6400  2
 -82.7600 -94.7300  2
 -82.6800 -95.0600  2
 -82.6600 -96.0600  2
 -82.7400 -96.9900  2
 -82.8400 -97.8700  2
 -82.9000 -98.4500  2
 -82.9200 -99.1400  2
 -82.9800 -99.9600  2
 -83.0300 -99.9400  2
 -83.0700 -99.2200  2
 -83.1500 -99.2300  2
 -83.2200 -99.0700  2
 -83.2700 -98.8100  2
 -83.3300 -98.8700  2
 -83.4000 -99.7500  2
 -83.4700 -99.4300  2
 -83.5500 -99.0300  2
 -83.5700 -98.4700  2
 -79.0400-108.3300  3
 -79.0600-108.6600  2
 -79.1300-108.6600  2
 -79.1800-108.5300  2
 -79.1500-108.3400  2
 -79.0900-108.2400  2
 -79.0500-108.3900  2
 -79.0700-108.9800  3
 -79.0400-109.2700  2
 -79.0200-109.7400  2
 -79.0100-110.1800  2
 -79.0000-110.5200  2
 -78.9300-110.7600  2
 -78.8200-110.9000  2
 -78.8100-111.3900  2
 -78.8400-111.8400  2
 -78.9100-112.5700  2
 -78.9100-113.3400  2
 -79.0000-114.2000  2
 -79.0700-114.9800  2
 -79.0900-115.7200  2
 -79.0700-116.5700  2
 -79.0000-117.1400  2
 -78.8300-116.9700  2
 -78.6200-116.2900  2
 -78.5000-115.9100  2
 -78.3600-115.4900  2
 -78.2800-115.0300  2
 -78.2500-114.7800  2
 -78.2800-114.3000  2
 -78.3200-113.7000  2
 -78.3800-112.9900  2
 -78.3300-112.4200  2
 -78.3200-111.5700  2
 -78.4100-110.8200  2
 -78.5000-110.1000  2
 -78.5100-109.5900  2
 -78.5200-108.9000  2
 -78.5700-108.7300  2
 -78.6000-108.7700  2
 -78.6600-109.1600  2
 -78.7600-109.1600  2
 -78.8500-108.7200  2
 -78.8900-108.1400  2
 -78.9400-107.6700  2
 -78.9700-107.1700  2
 -79.0400-107.0200  2
 -79.1100-107.0300  2
 -79.1500-107.1800  2
 -79.1300-107.6000  2
 -79.1000-107.9600  2
 -75.3700-101.4900  3
 -75.4300-101.3500  2
 -75.3800-101.5000  3
 -75.4900-101.2000  2
 -75.5800-101.0400  2
 -75.6800-100.6200  2
 -75.7400-100.3600  2
 -75.8100 -99.7700  2
 -75.9000 -99.2900  2
 -75.9800 -98.9200  2
 -76.0500 -99.0000  2
 -76.1000 -99.4000  2
 -76.1000 -99.9400  2
 -76.1000-100.8900  2
 -76.0900-101.5400  2
 -76.0400-102.1200  2
 -75.9500-102.5000  2
 -75.8200-102.7500  2
 -75.7100-103.0400  2
 -75.5900-103.2000  2
 -75.4700-103.3300  2
 -75.3400-103.3000  2
 -75.2800-103.1400  2
 -75.2300-102.8500  2
 -75.2300-102.4100  2
 -75.2600-102.0300  2
 -75.2900-101.8300  2
 -75.3200-101.6400  2
 -75.3700-101.5300  2
 -74.1400-100.7600  3
 -74.0900-100.9400  2
 -74.1200-101.0500  2
 -74.1500-101.1100  2
 -74.1700-100.9500  2
 -74.1600-100.8500  2
 -74.1500-100.7700  2
 -74.2500-100.9000  3
 -74.3400-100.7100  2
 -74.4200-100.4500  2
 -74.4600-100.1700  2
 -74.5300-100.0000  2
 -74.6700 -99.9700  2
 -74.7800 -99.8500  2
 -74.8800 -99.7000  2
 -74.9700 -99.4300  2
 -75.0000 -98.8400  2
 -75.0200 -98.4600  2
 -74.9600 -98.1600  2
 -74.9100 -97.8500  2
 -74.8000 -97.7100  2
 -74.6700 -97.6200  2
 -74.5400 -97.7100  2
 -74.3700 -97.8100  2
 -74.1900 -97.8400  2
 -74.0500 -97.6200  2
 -73.9600 -97.3000  2
 -73.9100 -96.9800  2
 -73.8700 -96.4500  2
 -73.8700 -95.7300  2
 -73.9300 -95.0200  2
 -73.9600 -94.4400  2
 -73.9400 -93.8200  2
 -73.9300 -93.2900  2
 -73.8500 -92.8300  2
 -73.7600 -92.5600  2
 -73.6300 -92.6200  2
 -73.4700 -92.9000  2
 -73.4300 -93.5000  2
 -73.4800 -94.3300  2
 -73.5100 -95.0700  2
 -73.5100 -96.0300  2
 -73.4800 -96.9200  2
 -73.4200 -97.4000  2
 -73.3200 -97.7500  2
 -73.1700 -98.2000  2
 -73.1000 -98.6700  2
 -73.0800 -99.6300  2
 -73.0800-100.5400  2
 -73.0800-101.1100  2
 -73.0800-101.8900  2
 -73.0600-102.7300  2
 -73.0000-102.8200  2
 -72.8800-102.8300  2
 -72.8400-103.1800  2
 -72.9500-103.2900  2
 -73.1600-103.2100  2
 -73.2900-102.9200  2
 -73.3200-102.5500  2
 -73.2700-102.2000  2
 -73.2300-101.9900  2
 -73.2200-101.3800  2
 -73.2500-100.7000  2
 -73.2900-100.0800  2
 -73.4000 -99.5000  2
 -73.5100 -99.2000  2
 -73.6800 -99.1100  2
 -73.8000 -99.2300  2
 -73.8600 -99.6600  2
 -73.8600-100.2800  2
 -73.8300-101.1900  3
 -73.8300-100.5900  3
 -73.8200-100.9500  2
 -73.7700-101.4800  2
 -73.7100-102.0000  2
 -73.6800-102.5000  2
 -73.7400-102.7100  2
 -73.8200-102.6000  2
 -73.8700-102.1300  2
 -73.9000-101.5900  2
 -73.9300-101.2800  2
 -74.0200-101.0300  2
 -74.0700-100.9600  2
 -71.9300-102.1000  3
 -72.0000-102.2200  2
 -72.0600-102.1500  2
 -72.0900-101.9500  2
 -72.0900-101.6600  2
 -72.1000-101.3300  2
 -72.1300-100.7900  2
 -72.1400-100.5200  2
 -72.1900 -99.9500  2
 -72.2200 -99.3700  2
 -72.2500 -99.0500  2
 -72.2600 -99.1200  2
 -72.2700 -99.3900  2
 -72.3100 -99.4100  2
 -72.3200 -99.0800  2
 -72.3200 -98.7900  2
 -72.3700 -98.5100  2
 -72.4100 -98.2500  2
 -72.3700 -97.8500  2
 -72.3700 -97.5200  2
 -72.3500 -97.2400  2
 -72.3700 -97.0100  2
 -72.4000 -96.6900  2
 -72.4200 -96.4000  2
 -72.4000 -96.2400  2
 -72.3200 -96.4000  2
 -72.2700 -96.0900  2
 -72.2700 -95.7300  2
 -72.2300 -95.5800  2
 -72.1200 -95.5800  2
 -72.0600 -95.6600  2
 -72.0400 -96.1200  2
 -72.0100 -96.4700  2
 -71.9600 -96.4800  2
 -71.8600 -96.2300  2
 -71.7700 -96.1800  2
 -71.7500 -96.4300  2
 -71.7400 -96.8300  2
 -71.8100 -97.0200  2
 -71.8300 -97.2900  2
 -71.7900 -97.4200  2
 -71.7700 -97.5300  2
 -71.8300 -97.8100  2
 -71.8600 -97.9700  2
 -71.7900 -98.1200  2
 -71.7000 -98.2900  2
 -71.6200 -98.7200  2
 -71.6700 -99.0000  2
 -71.7200 -99.1300  2
 -71.8000 -99.0500  2
 -71.8800 -99.0800  2
 -71.8700 -99.4300  2
 -71.8700 -99.6300  2
 -71.9000 -99.8200  2
 -71.9100-100.0300  2
 -71.9100-100.3200  2
 -71.9000-100.5800  2
 -71.8300-100.3700  2
 -71.7700-100.2800  2
 -71.7600-100.5100  2
 -71.8000-100.7100  2
 -71.8600-101.0300  2
 -71.8900-101.4600  2
 -71.9400-101.8100  2
 -71.9700-101.9700  2
 -72.0500-102.1300  2
 -72.1200-101.9700  2
 -75.0400 -81.6700  3
 -74.9900 -82.0300  2
 -74.9700 -82.3600  2
 -75.0400 -82.7800  2
 -75.0400 -83.3100  2
 -74.9800 -83.7300  2
 -74.9000 -84.3100  2
 -74.7800 -84.9600  2
 -74.6900 -85.3500  2
 -74.5700 -85.7400  2
 -74.4600 -86.1600  2
 -74.4000 -86.4900  2
 -74.4100 -86.6500  2
 -74.5700 -86.9700  2
 -74.7300 -87.0900  2
 -74.8400 -87.3000  2
 -74.8600 -87.6400  2
 -74.8200 -87.9700  2
 -74.7700 -88.3300  2
 -74.7000 -88.8200  2
 -74.6000 -89.3600  2
 -74.5100 -89.7800  2
 -74.4000 -90.2000  2
 -74.2800 -90.5100  2
 -74.1900 -90.7500  2
 -74.1000 -90.8600  2
 -74.0000 -90.9000  2
 -73.9600 -90.6100  2
 -73.9500 -90.0200  2
 -73.9300 -89.4300  2
 -73.8900 -88.9200  2
 -73.8300 -88.4100  2
 -73.7500 -88.0000  2
 -73.7500 -87.1900  2
 -73.7700 -86.5700  2
 -73.8700 -85.8500  2
 -73.9100 -85.3800  2
 -74.0100 -85.1000  2
 -74.2600 -84.9600  2
 -74.4200 -84.8500  2
 -74.5000 -84.3700  2
 -74.4800 -83.9000  2
 -74.4200 -83.4500  2
 -74.3900 -83.2000  2
 -74.5100 -82.5500  2
 -74.5700 -82.0900  2
 -74.4500 -81.8900  2
 -74.2400 -81.6900  2
 -74.0900 -81.2900  2
 -74.0500 -80.9200  2
 -74.0700 -80.4600  2
 -74.1500 -80.1000  2
 -74.2100 -79.8500  2
 -74.1600 -79.5100  2
 -74.1100 -79.2200  2
 -74.1600 -78.7700  2
 -74.3400 -78.4800  2
 -74.5500 -78.3500  2
 -74.7500 -78.6000  2
 -74.8700 -78.9200  2
 -74.9600 -79.3100  2
 -75.0800 -79.6300  2
 -75.1200 -79.9900  2
 -75.1500 -80.4100  2
 -75.1600 -80.7600  2
 -75.1300 -81.1100  2
 -75.0600 -81.3000  3
 -75.0700 -81.5400  2
 -75.1200 -81.5800  2
 -75.1400 -81.4600  2
 -75.1400 -81.3900  2
 -75.1200 -81.3300  2
 -75.0800 -81.3600  2
 -75.0700 -81.3600  2
  99.0000   0.0000  3
 84X   1 807  36 250.00   0.00 TO 0     7
 -80.1700-115.9300  3
 -80.1000-115.9900  2
 -80.0800-116.5000  2
 -80.0100-116.8000  2
 -80.0500-117.3600  2
 -80.1300-117.7100  2
 -80.2000-117.9700  2
 -80.2400-117.9200  2
 -80.2000-117.5600  2
 -80.1500-117.1100  2
 -80.1600-116.7200  2
 -80.1600-116.2400  2
 -80.1300-115.9900  2
  99.0000   0.0000  3
 84X   3 807 200 250.00   0.00 BA 500   5
 -74.7700 -35.2900  3
 -74.8600 -35.0400  2
 -75.0100 -35.1500  2
 -75.1700 -35.4500  2
 -75.3400 -35.8000  2
 -75.5100 -36.2200  2
 -75.6500 -36.7700  2
 -75.7900 -36.9900  2
 -75.9500 -37.5500  2
 -76.0700 -38.2000  2
 -76.2200 -39.0300  2
 -76.3500 -39.3400  2
 -76.5400 -40.0700  2
 -76.7200 -40.7900  2
 -76.9700 -41.7100  2
 -77.1900 -42.2600  2
 -77.5600 -42.8100  2
 -77.7800 -42.9500  2
 -78.1100 -43.1200  2
 -78.3600 -42.9800  2
 -78.6800 -42.8600  2
 -78.9500 -42.5900  2
 -79.1700 -42.3000  2
 -79.4700 -41.9200  2
 -79.6800 -41.9300  2
 -79.8700 -42.4600  2
 -80.0700 -43.4300  2
 -80.2200 -44.7100  2
 -80.3300 -46.3100  2
 -80.2900 -48.3100  2
 -80.2500 -49.7200  2
 -80.1200 -51.0100  2
 -79.9900 -52.6300  2
 -79.9100 -54.0700  2
 -79.9600 -55.2400  2
 -80.0300 -56.3600  2
 -80.2600 -59.3500  3
 -80.2200 -58.8400  2
 -80.1100 -58.1900  3
 -80.1500 -58.5500  2
 -80.1900 -58.4500  2
 -80.1800 -58.3100  2
 -80.2100 -58.1200  2
 -80.2500 -58.1600  2
 -80.2400 -58.4300  2
 -80.1100 -57.8100  3
 -80.1400 -57.9600  2
 -80.1900 -57.8700  2
 -80.2000 -57.6400  2
 -80.1800 -57.5800  2
 -80.1600 -57.5600  2
 -80.1300 -57.7900  2
 -80.0900 -57.2500  3
 -80.1100 -57.4000  2
 -80.1500 -57.2400  2
 -80.1600 -57.0200  2
 -80.1400 -56.9200  2
 -80.1200 -56.9800  2
 -80.0900 -57.0600  2
 -80.0900 -57.2500  2
 -80.2700 -59.5200  3
 -80.2200 -60.7500  2
 -80.1200 -61.7800  2
 -79.9700 -62.8300  2
 -79.8200 -63.8400  2
 -79.6400 -64.8200  2
 -79.4700 -65.6800  2
 -79.4300 -66.7900  2
 -79.4200 -67.6400  2
 -79.5400 -69.1100  2
 -79.6400 -70.1500  2
 -79.6700 -71.1100  2
 -79.4900 -71.7000  2
 -79.2900 -72.0500  2
 -79.0700 -71.9600  2
 -78.8900 -71.7200  2
 -78.7200 -71.0600  2
 -78.4900 -69.9100  2
 -78.3800 -69.1600  2
 -78.2400 -68.6700  2
 -78.0000 -67.3000  2
 -77.7800 -66.3400  2
 -77.5800 -65.3400  2
 -77.3700 -64.5400  2
 -77.2200 -63.7700  2
 -76.9700 -63.3100  2
 -76.7400 -63.0100  2
 -76.4300 -62.8900  2
 -76.2000 -62.7300  2
 -75.9900 -62.4300  2
 -75.8500 -61.9100  2
 -75.7100 -61.5500  2
 -75.6200 -60.7300  2
 -75.5500 -59.9700  2
 -75.4900 -59.2600  2
 -75.4800 -58.5200  2
 -75.6500 -57.8100  2
 -75.8700 -57.1300  2
 -76.0600 -56.5900  2
 -76.2300 -55.9800  2
 -76.2500 -55.4400  2
 -76.1500 -55.4600  2
 -76.0000 -55.9300  2
 -75.8200 -56.4500  2
 -75.6100 -57.0200  2
 -75.4800 -57.5500  2
 -75.3400 -57.9400  2
 -75.2200 -58.3800  2
 -75.1200 -58.8900  2
 -75.0300 -59.3200  2
 -74.9800 -59.7900  2
 -74.9000 -60.3000  2
 -74.8100 -60.4700  2
 -74.7300 -60.1700  2
 -74.7100 -59.8100  2
 -74.7200 -58.8400  2
 -74.6800 -57.9200  2
 -74.6200 -57.4600  2
 -74.5000 -56.9300  2
 -74.3700 -56.6100  2
 -74.2200 -56.4400  2
 -74.1000 -56.6300  2
 -74.1500 -57.1100  2
 -74.2100 -57.8700  2
 -74.2300 -58.6800  2
 -74.2200 -59.0800  2
 -74.1300 -59.3900  2
 -73.9600 -59.4900  2
 -73.8000 -59.4400  2
 -73.6400 -59.4200  2
 -73.5400 -59.5800  2
 -73.5700 -59.9200  2
 -73.8900 -60.1500  2
 -74.1100 -60.3300  2
 -74.2700 -60.5000  2
 -74.4800 -60.8900  2
 -74.6500 -61.1000  2
 -74.8600 -61.2800  2
 -75.0600 -61.5500  2
 -75.1800 -62.1400  2
 -75.1700 -62.8600  2
 -75.2000 -63.4800  2
 -75.2500 -63.1700  2
 -75.3400 -62.5600  2
 -75.5400 -63.2400  2
 -75.6800 -63.8600  2
 -75.9000 -65.0500  2
 -76.0900 -66.3400  2
 -76.2300 -67.3200  2
 -76.3600 -68.3900  2
 -76.4100 -69.1300  2
 -76.5200 -70.3400  2
 -76.5400 -71.4300  2
 -76.5400 -72.2300  2
 -76.4800 -73.1800  2
 -76.3400 -73.8300  2
 -76.2200 -74.1900  2
 -76.0600 -74.0000  2
 -75.9200 -73.6900  2
 -75.7500 -73.0500  2
 -75.6600 -72.7900  2
 -75.5800 -72.7800  2
 -75.6300 -73.6400  2
 -75.5900 -74.1200  2
 -75.4400 -74.3400  2
 -75.3000 -74.1900  2
 -75.1200 -74.1800  2
 -75.1200 -74.3700  2
 -75.2800 -74.8100  2
 -75.3400 -74.9600  2
 -75.2700 -75.2700  2
 -75.1400 -75.2000  2
 -74.9900 -75.2900  2
 -74.9800 -75.5600  2
 -75.0400 -76.0700  2
 -75.0200 -76.3200  2
 -74.9300 -76.7100  2
 -74.8700 -77.1200  2
 -74.7900 -77.8500  2
 -74.7300 -78.1200  2
 -74.9200 -78.6600  2
 -75.0400 -78.9800  2
 -75.1800 -79.6900  2
 -75.2900 -80.5500  2
 -75.3000 -81.1600  2
 -75.2500 -81.6700  2
 -75.2000 -82.0000  2
 -75.1600 -82.3100  2
 -75.2100 -83.0300  2
 -75.1400 -84.1100  2
 -75.0700 -84.7900  2
 -75.0500 -85.3300  2
 -75.0900 -86.1300  2
 -75.2400 -86.7100  2
 -75.4000 -87.0900  2
 -75.5700 -87.5100  2
 -75.6200 -88.3000  2
 -75.5900 -89.3300  2
 -75.5200 -89.8900  2
 -75.4100 -90.3300  2
 -75.2600 -90.3100  3
 -75.1500 -90.0100  2
 -75.0200 -89.8800  2
 -74.9200 -89.9700  2
 -74.6900 -90.6100  2
 -74.5100 -91.1400  2
 -74.3000 -91.6200  2
 -74.2200 -91.9500  2
 -74.1700 -92.6500  2
 -74.1400 -93.4100  2
 -74.1600 -94.3400  2
 -74.1100 -95.2900  2
 -74.0800 -96.0100  2
 -74.1200 -96.6500  2
 -74.2600 -97.0300  2
 -74.5000 -97.1800  2
 -74.7300 -97.1900  2
 -74.9500 -97.2400  2
 -75.0900 -97.6100  2
 -75.1200 -98.1500  2
 -75.0900 -99.2800  2
 -74.9900 -99.9700  2
 -74.9400-100.3700  2
 -74.8100-100.9900  2
 -74.7300-101.5700  2
 -74.6300-102.9300  2
 -74.5400-103.6600  2
 -74.4000-104.5200  2
 -74.2600-104.9500  2
 -74.0800-105.1700  2
 -73.9000-105.2900  2
 -73.7100-105.2900  2
 -73.5200-105.3300  2
 -73.2700-105.3800  2
 -73.1900-105.4100  2
 -73.0500-105.1600  2
 -72.8500-104.5000  2
 -72.7600-103.8500  2
 -72.7400-103.2400  2
 -72.7800-102.5800  2
 -72.8000-102.1600  2
 -72.9300-101.9300  2
 -72.9700-101.3600  2
 -72.9500-100.5700  2
 -72.8500-100.6100  2
 -72.7600-100.9000  2
 -72.5800-100.9600  2
 -72.5400-100.5100  2
 -72.5000-100.0700  2
 -72.4300-100.5200  2
 -72.4200-101.7200  2
 -72.2700-102.7500  2
 -72.0600-103.1800  2
 -71.8300-102.8600  2
 -71.8500-102.1700  2
 -71.8400-101.4000  2
 -71.7400-100.8200  2
 -71.6700-100.2400  2
 -71.5600 -99.7300  2
 -71.3300 -99.3800  2
 -71.2800 -99.5000  2
 -71.4400-100.0500  2
 -71.5200-100.4800  2
 -71.3800-100.9300  2
 -71.1700-100.7200  2
 -71.0100-100.3000  2
 -71.0700 -99.9100  2
 -71.0200 -99.4100  2
 -70.8700 -98.7800  2
 -70.8400 -98.1300  2
 -70.9700 -97.7000  2
 -70.9000 -97.0800  2
 -70.8100 -96.4800  2
 -70.7600 -95.4800  2
 -70.8000 -94.5000  2
 -70.8000 -93.6600  2
 -70.8200 -92.7000  2
 -70.8300 -91.9400  2
 -70.8500 -91.0600  2
 -70.8700 -90.5400  2
 -70.8400 -90.2200  2
 -76.7800 -99.3100  3
 -76.6900 -99.9400  2
 -76.6500-100.5900  2
 -76.5400-101.4700  2
 -76.2200-102.4800  2
 -75.8900-103.0300  2
 -75.5500-103.6900  2
 -75.2700-103.9400  2
 -75.0600-103.3700  2
 -75.1300-102.4500  2
 -75.1700-101.4300  2
 -75.3400-100.5600  2
 -75.5400 -99.9500  2
 -75.7100 -98.9300  2
 -75.8000 -97.9300  2
 -75.7300 -96.7200  2
 -75.7000 -95.6800  2
 -75.6900 -94.2000  2
 -75.7200 -92.9500  2
 -75.7700 -92.3700  2
 -75.8900 -91.8800  2
 -76.0600 -91.1700  2
 -76.1700 -90.1000  2
 -76.2400 -89.1700  2
 -76.3300 -88.1900  2
 -76.3800 -88.3700  2
 -76.4300 -88.8600  2
 -76.5500 -89.3800  2
 -76.7500 -89.8200  2
 -76.8600 -90.1600  2
 -77.0000 -90.3500  2
 -77.1000 -90.2900  2
 -77.1400 -90.6200  2
 -77.2500 -90.7300  2
 -77.2500 -91.4300  2
 -77.3800 -91.7200  2
 -77.3500 -92.7200  2
 -77.2900 -93.9600  2
 -77.2600 -94.8200  2
 -77.1500 -95.7400  2
 -77.0600 -96.6500  2
 -76.9900 -97.3600  2
 -76.9100 -98.1300  2
 -76.8700 -98.6800  2
 -76.3300 -83.8100  3
 -76.4100 -83.9200  2
 -76.5700 -83.7800  2
 -76.7700 -83.9800  2
 -76.8900 -84.0300  2
 -77.0900 -83.8200  2
 -77.2800 -83.3200  2
 -77.4000 -82.9000  2
 -77.4300 -82.3700  2
 -77.3400 -82.2300  2
 -77.2300 -82.0600  2
 -77.2200 -81.7000  2
 -77.3500 -81.4600  2
 -77.5600 -81.1600  2
 -77.7100 -80.4100  2
 -77.8100 -79.4700  2
 -77.8900 -78.3700  2
 -77.9200 -77.3300  2
 -78.0000 -76.6000  2
 -78.0500 -75.5300  2
 -78.0500 -74.4700  2
 -77.9600 -73.6400  2
 -77.8100 -72.9200  2
 -77.6900 -72.2900  2
 -77.5500 -72.2100  2
 -77.4500 -72.8100  2
 -77.4400 -73.7700  2
 -77.4600 -74.7500  2
 -77.4200 -75.6300  2
 -77.2100 -76.5500  2
 -77.0200 -77.0700  2
 -76.7600 -77.6200  2
 -76.6300 -77.8100  2
 -76.4500 -78.2700  2
 -76.3000 -79.0600  2
 -76.2200 -79.7300  2
 -76.1500 -80.7200  2
 -76.1200 -81.3300  2
 -76.1500 -82.2300  2
 -76.1800 -82.9700  2
 -76.2600 -83.5100  2
 -76.3300 -83.8900  2
 -76.3500 -83.8800  2
 -77.4400 -84.1500  3
 -77.4800 -84.1700  2
 -77.5900 -84.0100  2
 -77.7800 -83.9300  2
 -77.8900 -83.8100  2
 -78.1100 -83.1700  2
 -78.2400 -82.6600  2
 -78.4600 -82.0600  2
 -78.6500 -81.1400  2
 -78.7700 -80.3500  2
 -78.8200 -79.6300  2
 -78.8000 -78.6400  2
 -78.7100 -77.9300  2
 -78.6000 -77.3400  2
 -78.4400 -77.4600  2
 -78.3100 -77.9600  2
 -78.1400 -79.2100  2
 -78.0200 -80.1400  2
 -77.9100 -81.0500  2
 -77.8000 -81.8100  2
 -77.6700 -82.3100  2
 -77.5500 -83.0500  2
 -77.4400 -83.8900  2
 -77.4100 -84.2500  2
 -77.4400 -84.2700  2
 -78.5500 -92.3900  3
 -78.5600 -92.6700  2
 -78.6900 -93.0000  3
 -78.6600 -92.7700  2
 -78.6400 -92.8600  2
 -78.6500 -93.0500  2
 -78.6300 -93.2300  2
 -78.5900 -93.2200  3
 -78.6200 -93.3200  3
 -78.5800 -93.2700  2
 -78.5800 -93.0400  2
 -78.7300 -93.3300  3
 -78.6700 -93.1900  2
 -78.6300 -93.3700  2
 -78.6400 -93.5600  2
 -78.6900 -93.5600  2
 -78.7200 -93.3800  2
 -78.6800 -93.3300  2
 -78.7800 -93.8100  3
 -78.7400 -93.6600  2
 -78.7000 -93.8000  2
 -78.7000 -94.0300  2
 -78.7400 -93.9900  2
 -78.7600 -93.7600  2
 -78.7500 -94.2300  3
 -78.8300 -94.6700  2
 -78.9400 -94.8900  2
 -79.1400 -95.0400  2
 -79.2400 -95.3700  2
 -79.3900 -96.2600  2
 -79.4600 -96.6400  2
 -79.6400 -97.1300  2
 -79.7900 -97.4700  2
 -79.9500 -98.4600  2
 -80.0500 -99.1100  2
 -80.0800 -99.6200  2
 -80.0400-100.1800  2
 -79.9100-100.3300  2
 -79.8200-100.6700  2
 -79.7500-101.4500  2
 -79.7900-102.0600  2
 -79.8300-102.6900  2
 -79.8500-103.6000  2
 -79.8400-104.5500  2
 -79.8600-105.4800  2
 -79.9000-106.1900  2
 -79.9600-106.1100  2
 -79.9800-105.4400  2
 -80.0600-105.2800  2
 -80.1400-105.1000  2
 -80.2700-103.7400  2
 -80.3500-103.1600  2
 -80.4900-103.1100  2
 -80.5700-103.7200  2
 -80.4600-103.8600  2
 -80.4800-104.5100  2
 -80.6100-105.7800  2
 -80.6700-106.4600  2
 -80.8000-106.8000  2
 -80.9800-107.1600  2
 -81.1500-108.0800  2
 -81.2700-108.8100  2
 -81.3300-109.6500  2
 -81.3000-111.1100  2
 -81.1700-110.5100  2
 -81.0100-109.8600  2
 -80.8700-110.4700  2
 -80.7600-111.4600  2
 -80.7400-112.9900  2
 -80.7500-114.3600  2
 -80.8500-115.3800  2
 -80.9700-115.5700  2
 -81.0900-116.0400  2
 -81.1700-117.0900  2
 -81.2500-117.8000  2
 -81.2800-117.2300  2
 -81.2700-116.5300  2
 -81.4000-116.7200  2
 -81.5100-118.3100  2
 -81.5700-119.2600  2
 -81.6200-120.3100  2
 -81.8000-120.5500  2
 -81.8100-120.7600  2
 -81.9200-120.9300  2
 -82.0700-120.5100  2
 -82.1600-120.2300  2
 -82.2700-119.8800  2
 -82.3500-119.3400  2
 -82.3500-118.5700  2
 -82.3700-117.8900  2
 -82.4300-117.8900  2
 -82.4900-117.8500  2
 -82.5500-117.5600  2
 -82.6200-118.3500  2
 -82.7200-117.9600  2
 -82.7700-116.7500  2
 -82.7600-115.6800  2
 -82.7500-114.7700  2
 -82.8600-114.3500  2
 -82.9900-114.3700  2
 -82.9600-116.5000  3
 -83.5300-113.0000  3
 -83.5600-112.2400  2
 -83.6000-111.6800  2
 -83.7100-111.6000  2
 -83.8100-111.8300  2
 -83.9800-111.8500  2
 -84.0600-111.3100  2
 -84.1300-110.6600  2
 -84.1900-110.5800  2
 -78.5600 -92.3500  3
 -78.5200 -91.7000  2
 -78.5800 -91.1000  2
 -78.7400 -90.7600  2
 -78.9300 -90.8400  2
 -79.0600 -91.3100  2
 -79.1900 -90.9100  2
 -79.0500 -90.3000  2
 -78.8300 -89.8100  2
 -78.6700 -89.5100  2
 -78.4700 -89.2300  2
 -78.3100 -89.1800  2
 -78.1400 -89.0400  2
 -78.1000 -89.5800  2
 -78.0900 -89.9400  2
 -78.0100 -90.6500  2
 -77.8100 -91.0600  2
 -77.6100 -91.3300  2
 -77.4800 -91.0000  2
 -77.3900 -90.6700  2
 -77.3800 -89.9200  2
 -77.4200 -89.0400  2
 -77.3200 -88.3900  2
 -77.1500 -87.8300  2
 -77.0800 -87.2700  2
 -77.1500 -86.8000  2
 -77.2300 -86.3500  2
 -77.3500 -86.2500  2
 -77.4200 -86.0100  2
 -79.0800 -83.8900  3
 -79.2100 -83.3000  2
 -79.3500 -82.6800  2
 -79.2400 -82.2900  2
 -79.1700 -81.8500  2
 -79.3400 -81.5400  2
 -79.5600 -81.1700  2
 -79.7000 -80.6500  2
 -79.6700 -79.9500  2
 -79.4900 -79.7000  2
 -79.4100 -78.9800  2
 -79.4200 -77.7900  2
 -79.5200 -77.0300  2
 -79.7400 -76.8000  2
 -79.8600 -77.1500  2
 -79.9100 -78.6500  2
 -80.0100 -79.6400  2
 -80.2400 -79.5100  2
 -80.4200 -79.6200  2
 -80.5500 -80.0800  2
 -80.5500 -80.8700  2
 -80.6400 -81.1700  2
 -80.8100 -79.6700  2
 -80.8900 -78.6800  2
 -81.0100 -78.2500  2
 -81.1300 -79.3500  2
 -81.1300 -80.8100  2
 -80.9800 -82.1200  2
 -80.7300 -82.9700  2
 -80.5700 -83.9700  2
 -80.5700 -84.9900  3
 -80.7600 -84.1500  2
 -80.6000 -84.6800  3
 -80.7300 -84.1200  2
 -80.9300 -83.3000  2
 -81.0700 -82.8600  2
 -81.2200 -82.2800  2
 -81.2900 -81.7200  2
 -81.4500 -81.1400  2
 -81.7000 -79.6400  2
 -81.9100 -78.6600  2
 -82.0200 -78.7300  2
 -82.2700 -77.9500  2
 -82.4400 -77.2100  2
 -82.5300 -77.6800  2
 -82.4700 -79.0100  2
 -82.5600 -79.9500  2
 -82.6000 -81.1900  2
 -82.6300 -82.8900  2
 -82.6400 -83.7500  2
 -82.6300 -84.5600  2
 -82.7000 -85.5000  2
 -82.7800 -86.6800  2
 -82.9200 -86.7300  2
 -83.0000 -86.2900  2
 -83.0400 -85.8800  2
 -82.9700 -84.9600  2
 -82.9200 -83.8800  2
 -83.0200 -84.0700  2
 -83.0800 -83.0000  2
 -83.0400 -81.9000  2
 -83.1400 -81.6600  2
 -83.2300 -82.0000  2
 -83.2800 -80.5700  2
 -83.1200 -79.6600  2
 -83.0300 -78.8000  2
 -83.0100 -77.5400  2
 -83.0400 -76.3600  2
 -83.1600 -75.8400  2
 -83.2400 -74.2700  2
 -83.3100 -73.4000  2
 -83.4100 -74.2900  2
 -83.4400 -74.5500  2
  99.0000   0.0000  3
 84X  45 807 200 250.00   0.00 BA 0     5
 -78.5800-118.5900  3
 -78.4700-118.0200  2
 -78.5600-117.4600  2
 -78.5700-116.6100  2
 -78.3900-115.9700  2
 -78.2300-115.1800  2
 -78.2500-113.8500  3
 -78.2700-113.0400  2
 -78.2800-112.0800  2
 -78.3400-111.0500  2
 -78.4100-110.2000  2
 -78.4600-109.1800  2
 -78.5300-108.5200  2
 -78.6400-107.7200  2
 -78.6100-107.0500  2
 -78.3900-106.4800  2
 -78.1900-106.0800  2
 -78.1000-105.9300  2
 -78.0200-105.5200  2
 -78.0000-104.4100  2
 -78.0200-103.6300  2
 -78.1100-102.8100  2
 -78.2300-102.2400  2
 -78.3700-101.8200  2
 -78.5500-101.1300  2
 -78.5400-100.2400  2
 -78.5200 -99.6200  2
 -78.5500 -98.9900  2
 -78.6000 -98.5100  2
 -78.5900 -98.0400  2
 -78.6100 -97.6300  2
 -78.7300 -97.9800  2
 -78.8100 -99.1600  2
 -78.9300 -99.9100  2
 -79.1300-100.2500  2
 -79.2400-100.6900  2
 -79.2900-101.5300  2
 -79.3800-102.7300  2
 -79.4300-103.2800  2
 -79.4000-104.2700  2
 -79.2100-104.3400  2
 -78.9600-103.8600  2
 -78.7700-103.8500  2
 -78.7000-104.3900  2
 -78.7800-105.1600  2
 -78.9200-105.2900  2
 -78.9800-105.9000  2
 -78.9600-106.5600  2
 -79.1400-106.6600  2
 -79.3500-106.9100  2
 -79.4300-107.6500  2
 -79.4700-108.6400  2
 -79.4000-109.6700  2
 -79.2800-110.0900  2
 -79.1300-110.7500  2
 -79.0700-111.9700  2
 -79.0900-112.8400  2
 -79.1300-113.4300  2
 -79.1700-113.9400  2
 -79.1800-114.5500  2
 -79.3000-114.9700  2
 -79.3500-115.3000  2
 -79.3100-116.7300  2
 -79.3600-117.6300  2
 -79.4500-118.2000  2
 -79.5400-117.9300  2
 -79.5800-117.4300  2
 -79.6900-116.9200  2
 -79.6600-116.7400  2
 -79.5800-116.5700  2
 -79.6100-116.0900  2
 -79.7200-116.4300  2
 -79.8400-116.2200  2
 -79.7300-115.8500  2
 -79.6600-115.2100  2
 -79.7500-114.7200  2
 -80.1000-115.2300  2
 -80.2600-116.3900  2
 -80.3800-117.5700  2
 -80.4400-118.7500  2
 -80.5800-118.7300  2
 -80.6600-118.6800  2
 -80.7400-120.0800  2
 -80.8700-120.7000  2
 -80.8300-121.1500  2
 -80.7200-121.1200  2
 -80.6200-120.5900  2
 -80.5300-120.3900  2
 -80.4800-121.1300  2
  99.0000   0.0000  3
 84X  45 807  71 250.00   0.00 SS 000   7
 -74.9700 -32.6900  3
 -75.1200 -32.9600  2
 -75.2600 -33.1300  3
 -75.4600 -33.4400  2
 -75.7300 -33.9800  3
 -75.9900 -34.6300  2
 -76.2100 -35.2300  3
 -76.4300 -35.8400  2
 -76.7100 -36.4100  3
 -77.0300 -37.0500  2
 -77.1900 -37.4600  3
 -77.4500 -37.9200  2
 -77.7100 -38.5200  3
 -77.9700 -39.0900  2
 -78.2700 -39.4300  3
 -78.5600 -39.7300  2
 -78.9600 -39.6400  3
 -79.1700 -39.6000  2
 -79.4400 -39.8400  3
 -79.7800 -40.2600  2
 -79.9700 -40.5900  3
 -80.1600 -41.3800  2
 -80.3600 -42.1600  3
 -80.6000 -43.5100  2
 -80.7700 -44.8200  3
 -80.9700 -46.3500  2
 -81.1500 -47.9800  3
 -81.3000 -49.4200  2
 -81.4200 -50.4100  3
 -81.6200 -52.7700  2
 -81.7200 -53.9800  3
 -81.8400 -55.2000  2
 -81.0900 -45.8800  3
 -81.3500 -46.0200  2
 -81.6200 -45.8200  3
 -81.9600 -45.7700  2
 -82.2900 -45.5800  3
 -82.6300 -46.3300  2
 -83.0300 -47.1500  3
 -83.4500 -48.6000  2
 -83.7200 -49.1500  3
 -83.9200 -49.5300  2
 -81.7400 -55.3200  3
 -81.9700 -55.8400  2
 -82.2600 -56.9300  3
 -82.7500 -58.5000  2
 -83.1000 -59.5500  3
 -83.4400 -60.3400  2
 -83.6400 -60.5900  3
 -83.9900 -61.2700  2
 -84.1700 -60.2800  3
 -84.4600 -58.9100  2
 -83.9000 -62.3800  3
 -84.1400 -64.7100  2
 -84.2900 -65.9400  3
 -84.4300 -68.2500  2
 -84.6300 -69.9000  3
 -84.7900 -71.2700  2
 -85.0800 -73.5200  3
 -85.1900 -78.3500  2
 -82.5400 -67.9200  3
 -82.6400 -69.8200  2
 -82.7300 -71.9300  3
 -82.8400 -75.0600  2
 -82.8400 -76.9700  3
 -82.8800 -79.4000  2
 -82.7800 -80.4700  3
 -82.7600 -83.9800  2
 -82.8100 -87.2600  3
 -82.8400 -89.1500  2
 -83.4600 -98.0400  3
  99.0000   0.0000  3
 84X  45 807 200 250.00   0.00 TO 1000  7
 -73.6100 -65.1300  3
 -73.5900 -65.4500  2
 -73.7200 -65.8000  2
 -73.8600 -66.2100  2
 -73.9300 -66.6200  2
 -74.0100 -67.0700  2
 -74.1900 -67.6700  2
 -74.2600 -68.5000  2
 -74.3100 -69.0800  2
 -74.4100 -69.7600  2
 -74.4200 -70.6200  2
 -74.3300 -71.1800  2
 -74.2500 -71.9000  2
 -74.2500 -72.7400  2
 -74.3000 -73.9200  2
 -74.3700 -74.3600  2
 -74.4700 -74.1800  2
 -74.4800 -73.5900  2
 -74.5300 -72.7700  2
 -74.5600 -71.6800  2
 -74.5900 -71.1100  2
 -74.6400 -70.6200  2
 -74.8500 -70.4600  2
 -74.9800 -70.7900  2
 -75.0800 -70.8800  2
 -75.0700 -70.5100  2
 -75.0000 -70.1500  2
 -74.9400 -69.8000  2
 -75.0700 -69.2600  2
 -75.2600 -68.9100  2
 -75.3900 -68.5300  2
 -75.4200 -68.1600  2
 -75.3700 -67.6500  2
 -75.2600 -67.2300  2
 -75.0400 -66.8800  2
 -74.8200 -66.5900  2
 -74.5700 -66.1600  2
 -74.3600 -65.7100  2
 -74.2000 -65.2600  2
 -73.9600 -64.5900  2
 -73.8500 -64.1900  2
 -77.6200 -88.3100  3
 -77.7000 -88.5400  2
 -77.7600 -88.6100  2
 -77.8200 -88.4600  2
 -77.8700 -87.9300  2
 -77.9300 -87.6500  2
 -77.9800 -87.5800  2
 -78.1000 -87.7200  2
 -78.1800 -88.1800  2
 -78.2700 -88.4200  2
 -78.4200 -88.6500  2
 -78.5000 -88.3500  2
 -78.5400 -87.8800  2
 -78.6300 -87.7600  2
 -78.6900 -87.8700  2
 -78.7500 -88.3700  2
 -78.9000 -88.3200  2
 -79.0200 -88.2300  2
 -79.0700 -88.4600  2
 -78.9900 -88.4800  2
 -78.9800 -88.6300  2
 -79.1400 -88.9700  2
 -79.2200 -89.0000  2
 -79.3200 -89.1200  2
 -79.4300 -89.5400  2
 -79.5100 -89.9700  2
 -79.5700 -90.3700  2
 -79.5000 -90.9800  2
 -79.5400 -91.3800  2
 -79.5300 -91.7800  2
 -79.5900 -92.0400  2
 -79.6500 -91.9400  3
 -79.6000 -92.3400  2
 -79.7300 -92.3000  3
 -79.6500 -92.2400  2
 -79.6400 -92.5500  2
 -79.6900 -92.6500  2
 -79.7300 -92.4000  2
 -79.7000 -92.2900  2
 -79.7900 -92.5000  3
 -79.7400 -92.4500  2
 -79.7300 -92.8100  2
 -79.7800 -92.9200  2
 -79.8300 -92.6100  2
 -79.7900 -92.5000  2
 -79.9000 -92.7700  3
 -79.8500 -92.6600  2
 -79.8400 -92.9800  2
 -79.9000 -93.1900  2
 -79.9300 -93.0400  2
 -79.9200 -92.7700  2
 -79.8900 -92.7200  2
 -79.9600 -93.2500  3
 -80.0400 -93.2100  2
 -80.1300 -93.7000  2
 -80.2200 -93.9300  2
 -80.2800 -94.2200  2
 -80.2600 -94.6500  2
 -80.3700 -94.9000  2
 -80.5300 -95.1700  2
 -80.6200 -95.6600  2
 -80.6200 -96.3300  2
 -80.5400 -96.5700  2
 -80.4500 -97.0300  2
 -80.3900 -97.3300  2
 -80.3700 -98.1900  2
 -80.4700 -99.1000  2
 -80.6700 -99.2000  2
 -80.8600 -99.0600  2
 -81.0000 -98.7000  2
 -81.0300 -97.7800  2
 -81.0700 -97.0300  2
 -81.1300 -96.7100  2
 -81.2300 -96.8900  2
 -81.2200 -96.6400  2
 -81.1700 -96.4900  2
 -81.1300 -95.9900  2
 -81.0300 -95.8300  2
 -80.8800 -95.6500  2
 -80.8100 -94.8100  2
 -80.7400 -94.0500  2
 -80.7100 -93.0800  2
 -80.7000 -92.0000  2
 -80.6600 -90.9800  2
 -80.6100 -90.4800  2
 -80.4600 -90.1200  2
 -80.2100 -89.3000  2
 -80.1200 -88.8400  2
 -80.0000 -88.3500  2
 -80.0600 -88.1700  2
 -80.0700 -87.7900  2
 -79.8300 -87.4700  2
 -79.6700 -87.7400  2
 -79.4800 -87.6200  2
 -79.4700 -87.1200  2
 -79.5500 -86.9300  2
 -79.6500 -86.6800  2
 -79.6900 -86.0900  2
 -79.7700 -85.0600  2
 -79.8400 -84.6000  2
 -79.9300 -84.1100  2
 -79.9900 -83.7400  2
 -80.0700 -83.5100  2
 -80.1200 -82.7100  2
 -80.0000 -83.2000  2
 -79.9400 -82.8800  2
 -79.9700 -82.4300  2
 -80.0500 -82.1300  2
 -79.9900 -81.8200  2
 -79.8700 -82.5300  2
 -79.8100 -82.8400  2
 -79.7600 -83.2000  2
 -79.6800 -83.6200  2
 -79.6200 -83.7800  2
 -79.5600 -84.0300  2
 -79.5200 -83.9600  2
 -79.4200 -83.8300  2
 -79.2700 -83.6500  2
 -79.1800 -83.8200  2
 -79.2100 -84.1400  2
 -79.3300 -84.4000  2
 -79.3600 -84.7300  2
 -79.3000 -85.1200  2
 -79.1800 -85.5900  2
 -79.1000 -85.7300  2
 -79.0200 -86.2100  2
 -78.9600 -86.4800  2
 -78.8200 -86.5000  2
 -78.8300 -85.8800  2
 -78.8900 -85.4700  2
 -78.7300 -85.9300  2
 -78.5500 -86.5400  2
 -78.5100 -86.1400  2
 -78.6100 -85.7200  2
 -78.7500 -85.2700  2
 -78.9000 -84.8400  2
 -78.9300 -84.6800  2
 -78.8000 -84.8500  2
 -78.7200 -84.7200  2
 -78.6800 -84.2700  2
 -78.5700 -84.6200  2
 -78.5200 -84.7900  2
 -78.4100 -84.7700  2
 -78.2900 -84.8900  2
 -78.2000 -85.5300  2
 -78.1100 -85.8000  2
 -78.0200 -85.9400  2
 -77.9200 -86.2000  2
 -77.8200 -86.4300  2
 -77.7200 -86.5200  2
 -77.6500 -86.2900  2
 -77.5700 -86.7100  2
 -77.4900 -86.6100  2
 -77.3600 -86.5400  2
 -77.3200 -86.8900  2
 -77.3600 -87.4200  2
 -77.4700 -87.8100  2
 -77.5400 -88.0300  2
 -81.1500 -84.8300  3
 -81.1800 -85.2900  3
 -81.2000 -85.5700  2
 -81.2800 -85.7000  2
 -81.2600 -85.2200  2
 -81.2000 -84.7900  2
 -81.1400 -84.8400  2
 -81.1500 -85.1300  2
 -81.1700 -85.4100  2
 -77.0600 -77.9100  3
 -77.0000 -78.1800  2
 -77.0100 -78.3800  2
 -77.0800 -78.3900  2
 -77.1300 -78.1700  2
 -77.1400 -77.9900  2
 -77.1000 -77.9900  2
 -77.0500 -78.0900  2
 -82.3400 -94.6400  3
 -82.3100 -95.5300  2
 -82.3100 -96.0800  2
 -82.4100 -95.5700  2
 -82.4800 -94.6200  2
 -82.5100 -93.7200  2
 -82.4400 -93.8400  2
 -82.3500 -94.3700  2
 -82.3100 -94.9100  2
 -82.0000 -99.3000  3
 -82.0200-100.1200  2
 -82.0000-100.5700  2
 -81.9400-101.2300  2
 -81.8400-101.7000  2
 -81.8100-102.3200  2
 -81.8800-103.2100  2
 -81.9400-104.0300  2
 -82.0100-104.0600  2
 -82.0600-104.3600  2
 -82.0600-104.9700  2
 -82.1800-104.6100  2
 -82.2900-104.5300  2
 -82.3900-105.2000  2
 -82.4800-105.6300  2
 -82.5300-106.4700  2
 -82.5900-107.9100  2
 -82.6700-108.4000  2
 -82.7700-108.6300  2
 -82.7700-107.4800  2
 -82.7200-106.4800  2
 -82.6900-106.1800  2
 -82.7600-105.6600  2
 -82.7900-105.1200  2
 -82.8300-104.4400  2
 -82.8500-103.1800  2
 -82.7200-101.8700  2
 -82.6600-101.5700  2
 -82.5400-100.8500  2
 -82.4200 -99.8600  2
 -82.2800 -98.8800  2
 -82.1500 -98.4900  2
 -82.0700 -98.6900  2
 -82.0200 -98.9100  2
 -82.0100 -99.9700  2
 -82.0100-100.7100  2
 -81.9600-101.0600  2
 -81.9000-101.4400  2
 -81.8200-101.8100  2
 -83.6600 -89.1300  3
 -83.6500 -88.7200  2
 -83.6200 -88.6500  2
 -83.6100 -89.2400  2
 -83.6500 -89.4700  2
 -83.6700 -89.0500  2
 -72.0100-100.8100  3
 -72.0500-100.5700  2
 -72.1000 -99.7300  2
 -72.1300 -99.2700  2
 -72.1900 -98.6700  2
 -72.2300 -98.2700  2
 -72.2400 -97.8000  2
 -72.2200 -97.2300  2
 -72.1700 -97.4000  2
 -72.1500 -97.9500  2
 -72.0600 -98.5400  2
 -72.0100 -99.0200  2
 -72.0000 -99.7200  2
 -72.0000-100.1300  2
 -72.0300-100.5800  2
 -72.0200-100.7900  2
  99.0000   0.0000  3
 84X1000 807 200 250.00   0.00 BA 1000  6
 -77.4900 -38.0600  3
 -77.5500 -38.7200  2
 -77.6600 -39.4700  2
 -77.7300 -39.8500  2
 -77.8700 -40.3000  2
 -78.0000 -40.4800  2
 -78.2500 -40.5900  2
 -78.4100 -40.6400  2
 -78.7000 -40.6000  2
 -79.0000 -40.3600  2
 -79.2900 -40.2900  2
 -79.5700 -40.4000  2
 -79.7500 -40.6200  2
 -79.9700 -41.2300  2
 -80.1600 -41.9100  2
 -80.3500 -43.2100  2
 -80.4700 -43.9500  2
 -80.6200 -45.3700  2
 -80.7300 -46.8800  2
 -80.8300 -48.3100  2
 -80.9400 -49.8500  2
 -80.9900 -51.2400  2
 -81.0200 -52.9200  2
 -80.9800 -54.0200  2
 -80.9900 -54.4400  2
 -80.6500 -56.7100  3
 -80.7100 -56.5300  2
 -80.7100 -55.9600  3
 -80.7500 -56.5300  2
 -80.7700 -55.6600  3
 -80.7500 -56.1200  2
 -80.8400 -56.3700  2
 -80.8400 -56.0500  2
 -80.8300 -55.7500  2
 -80.7700 -55.6600  2
 -80.8700 -55.3700  3
 -80.8400 -55.7200  2
 -80.8800 -55.8000  2
 -80.9200 -55.6300  2
 -80.8900 -55.4000  2
 -80.8700 -55.3700  2
 -80.9200 -54.8400  3
 -80.9200 -55.2600  2
 -80.9800 -55.3500  2
 -81.0000 -55.2500  2
 -81.0000 -55.0400  2
 -80.9800 -54.9000  2
 -80.9500 -54.8300  2
 -80.9200 -54.8900  2
 -80.6100 -56.5900  3
 -80.5300 -57.0700  2
 -80.5400 -57.7200  2
 -80.6600 -58.3800  2
 -80.7400 -58.7800  2
 -80.9100 -59.2600  2
 -81.0700 -59.7900  2
 -81.1700 -60.5300  2
 -81.2100 -61.3900  2
 -81.2500 -62.7000  2
 -81.3300 -63.2500  2
 -81.4700 -63.1600  2
 -81.6100 -62.7600  2
 -81.7300 -62.9800  2
 -81.8900 -63.4000  2
 -82.1300 -63.6700  2
 -82.2700 -63.1800  2
 -82.3800 -62.3100  2
 -82.5600 -61.4400  2
 -82.7300 -61.2600  2
 -82.9200 -61.5500  2
 -83.1200 -62.0500  2
 -83.1600 -62.1400  2
 -83.3600 -62.4400  2
 -83.5300 -62.5400  2
 -83.7500 -62.9400  2
 -83.8600 -63.2800  2
 -83.9800 -63.5100  2
 -81.9500 -72.3500  3
 -81.8800 -72.8100  2
 -81.7500 -72.9200  2
 -81.6500 -72.6300  2
 -81.5100 -73.0200  2
 -81.4600 -73.7800  2
 -81.3500 -74.9200  2
 -81.2700 -75.2700  2
 -81.1200 -75.6900  2
 -81.0600 -76.0400  2
 -81.0700 -76.5200  2
 -81.1800 -76.3100  2
 -81.2200 -76.6100  2
 -81.1800 -77.1800  2
 -81.2000 -77.7600  2
 -81.2800 -78.0700  2
 -81.3800 -77.7900  2
 -81.4600 -77.4600  2
 -81.6400 -77.3900  2
 -81.7600 -77.0400  2
 -81.9000 -76.3200  2
 -81.9800 -75.9500  2
 -82.1400 -76.1100  2
 -82.2900 -75.6400  2
 -82.4100 -74.6600  2
 -82.4700 -74.3600  2
 -82.4700 -74.8000  2
 -82.5500 -74.7500  2
 -82.6500 -74.2200  2
 -82.7200 -74.2800  2
 -82.7500 -73.8200  2
 -82.7400 -73.5400  2
 -82.7500 -73.2000  2
 -82.8000 -72.6800  2
 -82.8700 -72.4900  2
 -82.9500 -72.4800  2
 -83.0600 -72.4900  2
 -83.0900 -71.6600  2
 -83.0000 -71.2300  2
 -82.8600 -70.6200  2
 -82.7900 -70.3700  2
 -82.7400 -69.7200  2
 -82.6500 -68.9200  2
 -82.5900 -68.4400  2
 -82.5300 -68.7000  2
 -82.5800 -69.6900  2
 -82.5600 -70.3100  2
 -82.4700 -70.1200  2
 -82.4200 -70.3400  2
 -82.3300 -70.6200  2
 -82.3000 -70.0200  2
 -82.3100 -69.5000  2
 -82.2900 -68.8100  2
 -82.1600 -68.6100  2
 -82.1200 -69.1000  2
 -82.1000 -69.8400  2
 -82.0600 -70.7400  2
 -82.0300 -71.2300  2
 -82.0000 -71.8200  2
 -82.9500 -75.3200  3
 -82.8700 -75.1400  2
 -82.7800 -75.4900  2
 -82.7800 -76.4800  2
 -82.8100 -78.1000  2
 -82.8600 -79.2100  2
 -82.9300 -79.6100  2
 -82.9100 -78.8800  2
 -82.8800 -78.0300  2
 -82.9100 -77.0500  2
 -82.9400 -76.2000  2
 -82.9600 -75.5400  2
 -82.9000 -75.1400  2
 -82.7500 -80.5200  3
 -82.6800 -80.7000  2
 -82.6600 -81.9700  2
 -82.6600 -83.3600  2
 -82.7300 -84.6700  2
 -82.7700 -85.0800  2
 -82.8300 -85.0200  2
 -82.8300 -83.8300  2
 -82.8200 -82.3500  2
 -82.8100 -81.4000  2
 -82.7700 -80.4900  2
 -82.7100 -80.6600  2
 -76.8800 -73.4800  3
 -76.8900 -73.1600  2
 -76.8200 -72.8400  3
 -76.9400 -72.8800  2
 -76.8500 -72.5000  3
 -76.8700 -72.8000  2
 -76.9300 -72.8000  2
 -76.9700 -72.6100  2
 -76.9600 -72.4200  2
 -76.9000 -72.4200  2
 -76.8800 -72.5700  2
 -76.8800 -72.0700  3
 -76.8800 -72.3200  2
 -76.9500 -72.3400  2
 -76.9800 -72.1700  2
 -76.9600 -71.9800  2
 -76.9200 -72.0000  2
 -76.9000 -72.1300  2
 -76.9000 -71.6100  3
 -76.9200 -71.8000  2
 -76.9700 -71.8400  2
 -77.0100 -71.7300  2
 -77.0100 -71.5500  2
 -76.9700 -71.4000  2
 -76.9400 -71.4100  2
 -76.9100 -71.5900  2
 -76.9300 -71.1300  3
 -76.9300 -70.2300  2
 -76.9300 -69.5700  2
 -76.9400 -68.8600  2
 -76.9400 -68.0600  2
 -76.9500 -67.3800  2
 -77.0200 -66.8800  2
 -77.1300 -66.6000  2
 -77.2600 -66.6900  2
 -77.4300 -67.3400  2
 -77.5600 -68.1200  2
 -77.8200 -69.2900  2
 -78.0600 -69.9000  2
 -78.3500 -70.6900  3
 -78.1400 -70.2700  3
 -78.2400 -70.6600  2
 -78.5000 -71.1900  2
 -78.6200 -71.6500  2
 -78.7800 -72.2500  2
 -78.9200 -72.6800  2
 -79.1400 -73.3600  2
 -79.2400 -73.7000  2
 -79.3300 -74.6200  2
 -79.3000 -75.2400  2
 -79.2200 -75.9900  2
 -79.1500 -77.0500  2
 -79.1500 -78.0500  2
 -79.1600 -78.8300  2
 -79.1400 -79.8000  2
 -79.1600 -80.1300  2
 -79.2500 -80.6800  2
 -79.1800 -81.3000  2
 -79.0800 -81.4000  2
 -79.0800 -82.1800  2
 -79.0900 -83.3500  2
 -79.0100 -83.6500  2
 -78.9300 -83.5700  2
 -78.8700 -83.1900  2
 -78.7900 -83.2500  2
 -78.6400 -83.5100  2
 -78.5300 -83.6300  2
 -78.4700 -83.6300  2
 -78.3000 -83.8900  2
 -78.2200 -84.2500  2
 -78.1200 -84.4600  2
 -78.0100 -84.7100  2
 -77.7900 -85.1400  2
 -77.6000 -85.2900  2
 -77.3800 -85.7400  2
 -77.1500 -85.8900  2
 -77.0100 -85.9600  2
 -76.8300 -86.2800  2
 -76.8100 -87.0900  2
 -76.9100 -87.7800  2
 -76.9600 -88.4500  2
 -76.9100 -89.2300  2
 -76.7200 -88.8300  2
 -76.6500 -88.6100  2
 -76.5700 -88.4300  2
 -76.4700 -87.9100  2
 -76.3700 -87.5600  2
 -76.3000 -87.2300  2
 -76.3600 -86.5900  2
 -76.5900 -86.1000  2
 -76.7500 -85.6800  2
 -76.6900 -85.1100  2
 -76.5300 -84.9500  2
 -76.3900 -84.7900  2
 -76.4200 -84.5000  2
 -76.6000 -84.6400  2
 -76.7700 -84.7000  2
 -76.9700 -84.3500  2
 -77.1300 -84.0400  2
 -77.2500 -83.8900  2
 -77.2200 -84.6500  2
 -77.1600 -85.1900  2
 -77.3500 -85.0800  2
 -77.6600 -84.7400  2
 -77.9500 -84.2600  2
 -78.3000 -83.2500  2
 -78.6100 -82.2200  2
 -78.8600 -81.0800  2
 -78.9800 -79.9400  2
 -78.9400 -78.5100  2
 -78.9600 -78.0000  2
 -78.9600 -76.8200  2
 -78.8300 -75.6200  2
 -78.6800 -75.1700  2
 -78.4800 -75.9800  2
 -78.3200 -77.2500  2
 -78.1200 -79.1000  2
 -77.9600 -80.6900  2
 -77.8200 -81.4500  2
 -77.6700 -82.4000  2
 -77.5900 -82.6300  2
 -77.5300 -82.5100  2
 -77.5300 -82.1200  2
 -77.4800 -81.9000  2
 -77.5300 -81.7300  2
 -77.6800 -81.6100  2
 -77.8600 -80.1700  2
 -77.9100 -78.9600  2
 -78.0000 -77.9100  2
 -78.1600 -76.7000  2
 -78.2900 -75.5000  2
 -78.3000 -74.2600  2
 -78.2100 -73.3200  2
 -78.0600 -72.5000  2
 -77.8700 -71.9800  2
 -77.6900 -71.2800  2
 -77.4600 -71.1500  2
 -77.3500 -71.5100  2
 -77.3100 -72.1100  2
 -77.3200 -73.5900  2
 -77.3100 -74.6400  2
 -77.2000 -75.4900  2
 -76.9400 -76.2900  2
 -76.7000 -76.9900  2
 -76.5400 -77.4600  2
 -76.3800 -77.8700  2
 -76.2500 -78.4100  2
 -76.1300 -79.3800  2
 -76.0100 -80.1000  2
 -75.8500 -81.5700  2
 -75.8200 -82.7600  2
 -75.7400 -83.5100  2
 -75.7200 -84.1200  2
 -75.6100 -84.7400  2
 -75.5100 -84.5700  2
 -75.4100 -84.0000  2
 -75.3600 -83.3400  2
 -75.3700 -82.9000  2
 -75.4600 -81.9600  2
 -75.5000 -80.8600  2
 -75.4400 -80.2400  2
 -75.3700 -79.3800  2
 -75.2600 -78.9000  2
 -75.1600 -78.5800  2
 -75.0900 -78.3500  2
 -74.9700 -78.0000  2
 -75.0000 -77.5400  2
 -75.1200 -76.9800  2
 -75.1800 -76.5900  2
 -75.1600 -76.2400  2
 -75.0900 -75.7400  2
 -75.0800 -75.4800  2
 -75.2200 -75.5400  2
 -75.4100 -75.5500  2
 -75.5200 -75.3100  2
 -75.4500 -74.8600  2
 -75.4300 -74.5100  2
 -75.6000 -74.6000  2
 -75.7000 -74.5900  2
 -75.6800 -74.0800  2
 -75.6300 -73.5300  2
 -75.6100 -73.1600  2
 -75.7000 -73.3100  2
 -75.8400 -73.9100  2
 -76.0000 -74.6000  2
 -76.1300 -75.0600  2
 -76.3300 -75.2900  2
 -76.5700 -75.1500  2
 -76.7000 -74.8900  2
 -76.7900 -74.4800  2
 -76.8800 -73.7700  2
 -76.9400 -73.1700  2
 -76.9200 -72.9900  2
 -75.4600 -95.5400  3
 -75.3700 -95.5900  2
 -75.3300 -95.9800  2
 -75.3300 -96.8700  2
 -75.3500 -97.7500  2
 -75.4100 -98.2100  2
 -75.5100 -97.7000  2
 -75.5400 -96.4400  2
 -75.5500 -95.9300  2
 -75.5200 -95.5900  2
 -75.4400 -95.5400  2
 -77.1100 -99.3400  3
 -77.0600-100.0500  2
 -76.9700-101.2200  2
 -76.9500-102.1900  2
 -76.9500-103.5900  2
 -77.0900-104.3000  2
 -77.1300-105.3100  2
  99.0000   0.0000  3
 84X1000 807 200 250.00   0.00 BA 1000  6
 -78.1800-112.7200  3
 -78.1800-112.3400  2
 -78.1200-111.8500  2
 -78.1100-110.9400  2
 -78.1500-109.8800  2
 -78.2500-109.9400  2
 -78.3100-109.9900  2
 -78.3500-109.0200  2
 -78.3900-108.0800  2
 -78.3900-107.6100  2
 -78.1800-107.0500  2
 -77.9500-106.4300  2
 -77.7900-105.2900  2
 -77.7500-104.2400  2
 -77.7700-102.9800  2
 -77.7700-102.1500  2
 -77.8400-100.9800  2
 -77.9800-100.5100  2
 -78.1900 -99.9900  2
 -78.3500 -99.4100  2
 -78.4100 -98.5400  2
 -78.5300 -97.6400  2
 -78.6900 -96.7800  2
 -78.7900 -96.3600  2
 -78.9200 -96.4600  2
 -79.0200 -97.1300  2
 -79.1600 -97.3400  2
 -79.2300 -96.6900  2
 -79.2300 -96.5400  2
 -79.1800 -96.2300  2
 -79.1200 -95.8600  2
 -79.0100 -95.4400  2
 -78.8400 -95.3300  2
 -78.5700 -95.9000  2
 -78.4300 -96.3100  2
 -78.2700 -96.7000  2
 -78.1800 -96.7500  2
 -78.1000 -95.7000  2
 -78.1300 -95.0400  2
 -78.1200 -94.3200  2
 -78.0100 -93.6000  2
 -77.8800 -93.0100  2
 -77.8100 -92.2700  2
 -77.6900 -92.1000  2
 -77.6200 -92.9100  2
 -77.6200 -94.3100  2
 -77.5500 -95.2700  2
 -77.4300 -95.9500  2
 -77.3100 -96.9100  2
 -77.2300 -97.6300  2
 -79.5700-107.3900  3
 -79.4800-106.8900  2
 -79.4100-106.3800  2
 -79.3900-105.7900  2
 -79.4200-105.2700  2
 -79.4700-104.8200  2
 -79.4900-104.3800  2
 -79.4900-103.8600  2
 -79.5100-103.2200  2
 -79.6100-103.2800  2
 -79.7100-104.2300  2
 -79.7600-105.4600  2
 -79.8000-106.5200  2
 -79.9200-107.0800  2
 -80.1000-107.3700  2
 -80.2600-107.4100  2
 -80.4600-107.6800  2
 -80.5600-108.2700  2
 -80.6200-109.1800  2
 -80.6100-110.3000  2
 -80.6200-111.2600  2
 -80.6100-112.0800  2
 -80.6200-113.0600  2
 -80.6300-113.9400  2
 -80.6800-115.1600  2
 -80.7900-116.0200  2
 -80.9000-116.6600  2
 -81.0100-117.1900  2
 -81.1100-118.0800  2
 -81.2100-118.6100  2
 -81.3700-119.1300  2
 -81.4600-119.9400  2
 -81.3900-119.9000  2
 -81.3100-119.8400  2
 -81.1800-120.1400  2
 -81.1100-120.1500  2
 -81.0500-120.8200  2
 -81.0000-120.2300  2
 -80.9600-119.6500  2
 -80.8800-119.1200  2
 -80.8700-117.9800  2
 -80.8300-117.0900  2
 -80.6600-116.5300  2
 -80.5300-115.8100  2
 -80.4700-115.3500  2
 -80.4100-114.5800  2
 -80.3300-114.0300  2
 -80.2300-112.8600  2
 -80.1500-112.0100  2
 -80.1000-111.2800  2
 -80.0200-110.3400  2
 -79.9900-109.7700  2
 -79.8900-108.8300  3
 -79.9200-109.0500  2
 -79.8600-108.3900  3
 -79.8200-108.7000  2
 -79.7800-108.1000  3
 -79.7400-108.3000  2
 -79.7200-108.4400  2
 -79.7500-108.4300  2
 -79.7900-108.2800  2
 -79.7800-108.1500  2
 -79.7200-107.6800  3
 -79.6600-107.7400  2
 -79.6300-107.9700  2
 -79.6500-108.1000  2
 -79.7100-107.8700  2
 -79.7200-107.6800  2
 -79.5900-107.2700  3
 -79.5600-107.3800  2
 -79.5700-107.6600  2
 -79.6200-107.5200  2
 -79.6300-107.2800  2
 -81.6000-121.1800  3
 -81.9600-123.3000  3
 -81.8900-122.4100  2
 -81.8000-121.6500  2
 -81.7000-121.2100  2
 -81.6100-121.2100  2
 -82.8100-118.7100  3
 -82.7600-118.8400  2
 -82.6600-119.1600  2
 -82.5600-118.9900  2
 -82.4700-119.4500  2
 -82.3800-120.1900  2
 -82.4100-120.6300  2
 -82.4900-120.6500  2
 -82.5500-121.3700  2
 -82.8100-118.6100  3
 -84.2700-126.1900  3
 -84.4000-124.7900  2
 -84.4500-123.0900  2
 -84.4600-121.7400  2
 -84.3900-118.8700  2
 -84.3600-117.2800  2
 -84.3300-115.7000  2
 -84.3500-114.1400  2
 -84.3900-113.3900  2
 -84.2700-113.1200  2
 -84.1200-113.2200  2
 -83.9500-113.0500  2
 -83.7800-112.2800  2
 -83.6900-111.9600  2
 -83.6200-112.3600  2
 -83.5600-113.2000  2
  99.0000   0.0000  3
 84X1000 807 200 250.00   0.00 BA 1000  6
 -70.7700 -90.3600  3
 -70.7200 -90.8000  2
 -70.6700 -91.4200  2
 -70.6600 -92.1600  2
 -70.6200 -92.8800  2
 -70.5000 -93.5500  2
 -70.3900 -93.5900  2
 -70.2600 -93.4500  2
 -70.1600 -93.3400  2
 -70.1100 -93.7500  2
 -70.1200 -94.5200  2
 -70.1300 -94.9900  2
 -70.2000 -95.1900  2
 -70.3200 -95.4500  2
 -70.4100 -95.9800  2
 -70.5200 -96.6200  2
 -70.5900 -96.9900  2
 -70.6400 -97.3900  2
 -70.6300 -97.6500  2
 -70.5600 -97.6900  2
 -70.4200 -97.7500  2
 -70.3600 -98.1100  2
 -70.4800 -98.5800  2
 -70.6200 -98.9600  2
 -70.6800 -99.2500  2
 -70.7200 -99.5700  2
 -70.7200 -99.8500  2
 -70.6000 -99.6000  2
 -70.5700 -99.7300  2
 -70.6600-100.3900  2
 -70.7200-101.1100  2
 -70.7000-101.3700  2
 -70.7700-101.5800  2
 -70.8600-101.8700  2
 -71.0200-102.1300  2
 -71.0200-102.6300  2
 -71.0100-103.1300  2
 -70.9300-103.7800  2
 -70.8800-104.1500  2
 -70.8900-104.7400  2
 -70.9700-105.1100  2
 -71.0200-105.5700  2
 -70.9800-105.8200  2
 -71.0100-106.1600  2
 -71.0600-106.8300  2
 -71.0900-107.0800  2
 -71.1800-106.7000  2
 -71.2500-105.8300  2
 -71.3300-105.4900  2
 -71.4100-105.1100  2
 -71.5300-104.6500  2
 -71.6400-104.6700  2
 -71.6600-104.7400  2
 -71.6900-105.0900  2
 -71.7600-105.5900  2
 -71.8000-106.0600  2
 -71.8000-106.6300  2
 -71.8000-107.0500  2
 -71.7300-107.4600  2
 -71.6500-107.8600  2
 -71.5300-108.4300  2
 -71.3500-108.9200  2
 -71.2300-109.4700  2
  99.0000   0.0000  3
