 1XX 577 113   8  43.00   0.00 SS 000   1
  18.5300 -78.5800  3
  18.3900 -78.5800  2
  18.2900 -78.6400  3
  18.1100 -78.4800  2
  18.3400 -78.5200  3
  18.2300 -78.5500  2
  18.1100 -78.6000  2
  16.8500 -80.0700  3
  99.0000   0.0000  3
 1XX 535 113  65 600.00   0.00 CS 000   7
  15.1300 -92.8200  3
  14.9900 -92.7200  2
  14.6900 -92.3700  2
  14.3700 -91.9300  2
  14.1200 -91.6700  2
  13.9500 -91.2800  2
  13.9000 -90.6700  2
  13.8400 -90.1700  2
  13.5700 -89.7400  2
  13.4400 -89.1700  2
  13.2400 -88.7600  2
  13.2300 -88.1900  2
  13.4300 -87.8100  2
  13.2400 -87.5400  2
  13.1000 -87.4800  2
  12.8700 -87.5800  2
  12.5400 -87.2800  2
  12.3800 -87.0600  2
  12.1200 -86.8000  2
  11.8600 -86.5400  2
  11.7500 -86.4600  2
  11.6100 -86.3000  2
  11.8800 -83.7200  3
  12.1400 -83.6900  2
  12.5200 -83.6200  2
  13.0900 -83.5800  2
  13.6800 -83.5500  2
  14.2500 -83.3900  2
  14.8600 -83.3200  2
  15.2100 -83.4500  2
  15.4900 -83.8900  2
  15.8000 -84.3900  2
  15.8000 -84.6800  2
  15.9300 -85.0900  2
  15.8900 -85.6700  2
  15.9400 -85.9500  2
  15.8100 -86.3900  2
  15.7800 -86.7900  2
  15.7300 -87.3000  2
  15.7800 -87.6500  2
  15.7700 -88.1200  2
  15.7600 -88.3800  2
  15.8100 -88.4700  2
  15.7700 -88.7200  2
  18.4000 -78.3700  3
  18.2800 -78.2900  2
  18.2200 -78.0800  2
  17.9900 -77.9000  2
  17.9100 -77.6000  2
  17.8200 -77.3300  2
  17.8800 -77.1500  2
  17.9400 -76.9600  2
  17.9600 -76.7100  2
  17.9700 -76.4400  2
  18.1900 -76.4700  2
  18.2600 -76.7600  2
  18.4000 -77.0000  2
  18.4900 -77.4200  2
  18.5800 -77.9200  2
  18.4600 -78.2200  2
  18.4000 -78.3800  2
  18.2800 -78.3000  2
  18.1000 -77.9700  2
  17.9800 -77.8200  2
  17.9300 -77.7600  3
  99.0000   0.0000  3
 1XX 536 113   7 600.00   0.00 GR 000   7
  15.0000 -86.0400  3
  15.0100 -85.0300  2
  15.0000 -84.0300  2
  16.0000 -85.0500  3
  15.0000 -85.0400  2
  14.0000 -85.0200  2
  13.1600 -54.8300  3
  99.0000   0.0000  3
 1XX 537 113  42  60.00   0.00 SS 000   2
  15.4300 -96.0200  3
  15.4400 -95.7700  2
  15.4100 -95.1300  2
  15.2400 -93.3600  2
  15.1800 -92.9600  2
  15.1100 -92.4500  2
  15.0200 -91.9000  2
  14.9600 -91.3000  2
  14.9200 -90.8000  2
  14.8500 -90.3100  2
  14.9600 -89.6400  2
  15.1400 -89.2400  2
  15.4000 -88.8100  2
  15.6500 -88.3800  2
  15.9400 -87.8400  2
  16.2500 -87.2600  2
  16.4000 -86.9600  2
  16.5100 -86.6000  2
  16.6900 -86.1000  2
  16.9500 -85.5100  2
  17.1100 -85.0100  2
  17.3400 -84.4500  2
  17.5400 -83.9100  2
  17.5800 -83.5100  2
  17.5900 -83.0500  2
  17.7100 -82.2600  2
  17.8000 -81.8200  2
  17.8400 -81.3600  2
  17.9300 -80.7300  2
  18.0100 -80.2300  2
  18.1100 -79.7900  2
  18.2500 -79.3100  2
  18.3700 -78.8900  2
  18.4900 -78.5100  2
  18.5800 -78.2200  2
  18.6200 -77.9200  2
  18.6300 -77.5300  2
  18.6000 -77.2800  2
  18.5900 -77.0400  2
  18.6000 -76.8200  2
  18.5800 -76.6400  2
  18.5400 -76.5000  3
  99.0000   0.0000  3
 1XX 537 113  33  60.00   0.00 SS 000   2
  17.1700 -84.6500  3
  16.9900 -84.6200  2
  16.9300 -84.6100  3
  16.7800 -84.4600  2
  17.0100 -84.4700  3
  16.7600 -84.6000  2
  16.9600 -84.3400  3
  16.9800 -84.2200  2
  16.8900 -84.2300  2
  16.8900 -84.1700  2
  16.7800 -84.2500  2
  16.9800 -84.0900  3
  16.8600 -84.1200  2
  16.8600 -84.0400  2
  16.9100 -84.0600  2
  16.8800 -84.1000  2
  17.8800 -80.6500  3
  17.7500 -80.6000  2
  17.7500 -80.6800  3
  17.6200 -80.5400  2
  17.7500 -80.5700  3
  17.5800 -80.6800  2
  17.6300 -80.8700  3
  17.4900 -80.9400  2
  17.4700 -80.8600  2
  17.5300 -80.8400  2
  17.5200 -80.9000  2
  17.6100 -80.8000  3
  17.5400 -80.8200  2
  17.5100 -80.7800  2
  17.5800 -80.7500  2
  17.6300 -80.7900  2
  17.6300 -80.7900  3
  99.0000   0.0000  3
 1XX 537 113   7  60.00   0.00 SS 000   2
  18.3400 -79.1300  3
  18.1900 -79.1200  2
  18.1600 -79.2100  3
  17.9900 -79.0900  2
  18.1500 -79.0900  3
  18.0100 -79.2100  2
  18.0000 -79.2000  3
  99.0000   0.0000  3
 1XX 538 113  16  43.00   0.00 TE 000   1
  15.3100 -95.9500  3
  15.1700 -95.6300  2
  14.9600 -95.2400  2
  14.3500 -94.1600  2
  14.0700 -93.6600  2
  13.8000 -93.1100  2
  13.5600 -92.6200  2
  13.2800 -92.0400  2
  12.9600 -91.3900  2
  12.5800 -90.5500  2
  12.2200 -89.6900  2
  11.9000 -88.9800  2
  11.6400 -88.4400  2
  11.3000 -87.8000  2
  11.2300 -87.6700  2
  -0.0500 -55.6300  3
  99.0000   0.0000  3
 1XX 539 113  88  84.00   0.00 TE 000   2
  15.3200 -94.5700  3
  15.1400 -94.2900  2
  14.4000 -93.1500  2
  13.0100 -90.1600  2
  12.6900 -89.3500  2
  12.3600 -88.7200  2
  12.0300 -88.1200  2
  11.8000 -87.5500  2
  11.7000 -87.0000  2
  11.6100 -86.4300  2
  11.5300 -85.8700  2
  11.4800 -85.2600  2
  11.4900 -84.7500  2
  11.5700 -84.3000  2
  11.9400 -83.6000  3
  12.2600 -83.1700  2
  12.7900 -82.7600  3
  13.1600 -82.5000  2
  13.5800 -82.2000  3
  13.9800 -81.8700  2
  14.3800 -81.5300  3
  14.6900 -81.3500  2
  15.1300 -80.8500  3
  15.3200 -80.6000  2
  15.7200 -80.0000  3
  16.0000 -79.6600  2
  16.3100 -79.0500  3
  16.4400 -78.8400  2
  16.7200 -78.2400  3
  16.8200 -78.1200  2
  17.1500 -77.6900  3
  17.4200 -77.3500  2
  17.6800 -77.0100  3
  17.8400 -76.7600  2
  18.0100 -76.5000  3
  18.1700 -76.3500  2
  18.3000 -76.0800  3
  18.3000 -76.0400  2
  18.1200 -75.9800  3
  17.9800 -76.2300  2
  17.7700 -76.6200  3
  17.5700 -76.8300  2
  17.3500 -77.0000  3
  17.0500 -77.4100  2
  16.8600 -77.6300  3
  16.6400 -78.0000  2
  16.3400 -78.4700  3
  16.2000 -78.7200  2
  16.0600 -78.8900  3
  15.8500 -79.4800  2
  15.7600 -79.6100  3
  15.5000 -80.0500  2
  15.2500 -80.3500  3
  14.9500 -80.7200  2
  14.7300 -80.8500  3
  14.4500 -81.2100  2
  14.1800 -81.3500  3
  13.8900 -81.6300  2
  13.5800 -81.6900  3
  13.1500 -82.0600  2
  12.9300 -82.1100  3
  12.5900 -82.4300  2
  12.2000 -82.5600  3
  11.8900 -82.8700  2
  11.5900 -83.1000  3
  11.3000 -83.6400  2
  11.2200 -83.8900  3
  11.0800 -84.4100  2
  11.0500 -84.8600  3
  11.0500 -85.2200  2
  11.1000 -85.5100  3
  11.0400 -85.9200  2
  11.1000 -86.4100  3
  11.1200 -86.7500  2
  11.2300 -87.0700  3
  11.2500 -87.4700  2
  11.2900 -87.6700  2
  11.3000 -87.8400  3
  14.0800 -92.3700  3
  14.1300 -92.1700  2
  13.9700 -92.1200  2
  12.7300 -89.3900  3
  12.7900 -89.2200  2
  12.6500 -89.1600  2
  11.8500 -87.5100  3
  12.0000 -87.3000  2
  11.8000 -87.1600  2
  14.1400 -77.5300  3
  99.0000   0.0000  3
 1XX 540 113  35 138.00   0.00 TE 000   3
  15.2700 -93.5400  3
  14.7500 -92.8100  2
  14.1300 -91.9300  2
  13.2400 -89.9800  2
  12.9900 -89.3300  2
  12.6600 -88.5600  2
  12.3200 -87.8800  2
  12.1100 -87.2600  2
  12.0000 -86.7000  2
  11.8800 -86.0400  2
  11.8400 -85.2400  2
  11.8400 -84.8200  2
  11.9100 -84.2800  2
  12.0900 -83.8500  2
  12.1500 -83.5700  2
  12.2000 -83.4300  2
  12.5700 -83.1000  3
  12.8500 -82.8000  2
  13.3800 -82.4000  3
  13.7100 -82.2000  2
  14.1500 -81.8700  3
  14.4700 -81.6500  2
  14.9400 -81.1800  3
  15.1900 -80.8400  2
  15.5400 -80.4900  3
  15.8300 -80.1300  2
  16.1200 -79.7300  3
  16.3800 -79.2300  2
  16.6800 -78.6000  3
  16.8900 -78.0700  2
  17.1900 -77.6600  3
  17.4700 -77.4000  2
  17.7600 -77.0300  3
  17.9500 -76.8000  2
  18.0300 -76.6800  3
  99.0000   0.0000  3
 1XX 541 113   5   1.00   0.00 RI 000   1
  18.9200 -81.8200  3
  18.5600 -81.8500  2
  18.1700 -81.9000  2
  17.7500 -81.9100  2
  17.7500 -81.9100  3
  99.0000   0.0000  3
