 737   2 701  18 138.00   0.00 MA 000   3
 -25.2500  35.1200  3
 -25.2400  35.0000  2
 -25.2300  34.8900  2
 -25.2300  34.7600  2
 -25.2300  34.6500  2
 -25.2400  34.5600  2
 -25.2500  34.4600  2
 -25.2600  34.3700  2
 -25.2700  34.2500  2
 -25.2900  34.1100  2
 -25.2800  33.8900  2
 -25.2700  33.8100  2
 -25.2800  33.7200  2
 -25.2900  33.6200  2
 -25.3000  33.5000  2
 -25.3000  33.4500  2
 -25.3100  33.3700  2
 -25.3000  33.3700  3
  99.0000   0.0000  3
 733  11 701  49 175.00   0.00 MA 000   4
 -18.3400  35.9700  3
 -18.3200  36.0500  2
 -18.2800  36.1800  2
 -18.2500  36.2900  2
 -18.2200  36.4000  2
 -18.1900  36.5000  2
 -18.1400  36.6400  2
 -18.1000  36.7300  2
 -18.0500  36.8600  2
 -18.0200  36.9400  2
 -17.9800  37.0200  2
 -17.9700  37.0800  2
 -17.9400  37.1800  2
 -17.9100  37.2400  2
 -17.8900  37.3200  2
 -17.8700  37.4100  2
 -17.8200  37.5300  2
 -17.7900  37.6100  2
 -17.7400  37.7200  2
 -17.6600  37.8400  2
 -17.6100  38.0100  2
 -17.5800  38.1000  2
 -17.5600  38.1500  2
 -17.5000  38.2700  2
 -17.4400  38.4000  2
 -17.4100  38.5100  2
 -17.3900  38.5600  2
 -17.3300  38.7400  2
 -17.2800  38.9000  2
 -17.2400  39.0300  2
 -17.1800  39.1400  2
 -17.1200  39.2600  2
 -17.0600  39.3700  2
 -16.9900  39.4700  2
 -16.8400  39.6300  2
 -16.7400  39.7300  2
 -16.6600  39.8400  2
 -16.5500  39.9900  2
 -16.4300  40.0800  2
 -16.3100  40.1700  2
 -16.2200  40.2700  2
 -16.1000  40.4000  2
 -15.9500  40.5200  2
 -15.8400  40.6100  2
 -15.7600  40.6800  2
 -15.6500  40.7600  2
 -15.5800  40.8100  2
 -15.5000  40.8700  2
 -15.5000  40.8700  3
  99.0000   0.0000  3
 93X  15 701 200  68.96   0.00 AN    31 5
 -43.8000  16.3000  3
 -44.0300  16.3200  2
 -44.2100  16.4300  2
 -44.3600  16.5100  2
 -44.5200  16.5900  2
 -44.7100  16.6300  2
 -44.8800  16.6900  2
 -45.0500  16.7600  2
 -45.1800  16.7300  2
 -45.4000  16.8600  2
 -45.5800  16.8400  2
 -45.8100  16.8100  2
 -46.0600  16.8300  2
 -46.2000  16.8300  2
 -46.3300  16.8500  2
 -46.3500  16.8500  2
 -46.5900  16.6200  3
 -46.5500  16.8300  2
 -46.6800  16.6900  2
 -46.7100  16.8700  2
 -46.8100  16.8300  2
 -46.7600  16.5800  2
 -46.5100  17.1000  3
 -46.7800  17.0600  2
 -46.7600  21.2900  3
 -46.8000  21.4100  2
 -46.7900  21.5200  2
 -46.8000  21.6400  2
 -46.8200  21.8100  2
 -46.8000  21.9300  2
 -46.8300  21.9900  2
 -46.4600  20.7100  3
 -46.4900  20.9800  2
 -46.5700  20.7900  2
 -46.6000  20.9500  2
 -46.7300  20.9300  2
 -46.7600  20.8100  2
 -46.7200  20.6800  2
 -46.5200  21.2300  3
 -46.7400  21.1000  2
  99.0000   0.0000  3
 93X  15 701  39  68.96   0.00 AN    31 5
 -48.2400  23.1100  3
 -48.2600  23.2400  2
 -48.2700  23.3000  2
 -48.2700  23.4200  2
 -48.3000  23.5500  2
 -48.3500  23.6700  3
 -48.3700  23.7600  2
 -48.4000  23.9000  2
 -48.4000  24.0300  2
 -48.4100  24.0500  2
 -48.4400  24.1900  3
 -48.4500  24.2300  2
 -48.4500  24.3000  2
 -48.4500  24.3400  2
 -47.9800  22.4500  3
 -48.0500  22.7000  2
 -48.1100  22.5100  2
 -48.1800  22.6500  2
 -48.2400  22.5900  2
 -48.2400  22.4200  2
 -48.2000  22.3600  2
 -48.0300  22.8800  3
 -48.2700  22.8200  2
 -46.7500  24.8700  3
 -46.8500  24.9900  2
 -47.0100  25.2400  3
 -47.1700  25.5100  2
 -47.2700  25.6800  3
 -47.3900  25.9100  2
 -47.7200  26.0300  3
 -47.6100  26.1300  2
 -47.7300  26.1500  2
 -47.7200  26.3200  2
 -47.7500  26.3600  2
 -47.8200  26.3200  2
 -47.8400  26.2200  2
 -47.4500  26.3000  3
 -47.6200  26.5100  2
 -47.3100  27.4100  3
  99.0000   0.0000  3
 93X  16 701  83  72.46   0.00 AN    32 6
 -43.8000  16.3300  3
 -43.5300  17.0600  3
 -43.6700  17.1000  2
 -43.8800  17.1600  2
 -44.1600  17.3200  2
 -44.4200  17.3800  2
 -44.5100  17.4000  2
 -44.7200  17.5300  2
 -44.9100  17.5900  2
 -45.1000  17.6700  2
 -45.3900  17.7500  2
 -45.5700  17.7900  2
 -45.7900  17.9200  2
 -46.0200  17.9200  2
 -46.2200  17.9600  2
 -46.4800  17.9800  2
 -46.7100  18.0000  2
 -46.8500  18.0000  2
 -46.2700  21.3700  3
 -46.2900  21.4800  2
 -46.3000  21.5800  2
 -46.3200  21.7100  2
 -46.3500  21.8700  2
 -46.3700  22.0400  2
 -46.3700  22.1400  2
 -47.5400  23.1600  3
 -47.5600  23.3000  2
 -47.5700  23.4500  2
 -47.5900  23.5300  2
 -47.6100  23.7400  3
 -47.6200  23.9300  2
 -47.6600  24.1300  2
 -47.6700  24.3200  3
 -47.6900  24.4100  2
 -47.7100  24.5100  2
 -46.1700  24.9500  3
 -46.2800  25.1200  2
 -46.4000  25.3500  3
 -46.5300  25.6000  2
 -46.7100  25.7800  3
 -46.8000  25.9700  2
 -36.6000  39.7700  3
 -36.6600  40.0400  2
 -36.7000  40.2000  2
 -36.7500  40.3500  2
 -36.7600  40.3900  2
 -36.2400  39.4100  3
 -36.2300  39.6400  2
 -36.3600  39.5600  2
 -36.3800  39.6600  2
 -36.4600  39.6200  2
 -36.4600  39.5400  2
 -36.2300  39.7100  3
 -36.1900  39.9100  2
 -36.3100  39.8900  2
 -36.4100  39.7700  2
 -36.4000  39.9800  2
 -46.0000  20.5000  3
 -46.0500  20.7900  2
 -46.1300  20.6400  2
 -46.2000  20.7900  2
 -46.2700  20.7100  2
 -46.2600  20.5000  2
 -46.1100  20.9800  3
 -46.0700  21.1000  2
 -46.1300  21.1900  2
 -46.2300  21.0000  2
 -46.3100  20.9100  2
 -46.3400  21.0800  2
 -47.1200  17.7700  3
 -47.1200  18.0200  2
 -47.2100  17.9500  2
 -47.2600  18.0600  2
 -47.3300  17.9900  2
 -47.3600  17.8900  2
 -47.3500  17.7900  2
 -47.1400  18.1800  3
 -47.1100  18.2700  2
 -47.1100  18.3900  2
 -47.1800  18.3900  2
 -47.3600  18.2000  2
 -47.3900  18.3900  2
 -47.3900  18.5100  3
  99.0000   0.0000  3
 93X  17 701 193  77.24   0.00 AN    33 1
 -39.4500  17.7000  3
 -39.6600  17.7800  2
 -39.7400  17.8000  2
 -39.9600  17.9100  2
 -40.1400  17.9900  2
 -40.3900  18.1100  2
 -40.5500  18.1700  2
 -40.7700  18.2600  2
 -40.9800  18.3400  2
 -41.2500  18.4200  2
 -41.4600  18.5200  2
 -41.6500  18.6300  2
 -41.7100  18.6500  2
 -42.4100  19.0400  3
 -42.5800  19.1000  2
 -42.7800  19.1800  2
 -43.0500  19.2700  2
 -43.3100  19.3700  2
 -43.5200  19.4900  2
 -43.7700  19.5700  2
 -43.9600  19.6600  2
 -44.2000  19.7600  2
 -44.3900  19.8200  2
 -44.4800  19.8600  2
 -44.5000  19.8600  2
 -45.0800  20.1700  3
 -45.1600  20.3800  2
 -45.1700  20.4800  2
 -45.2700  20.7700  2
 -45.2700  20.9200  2
 -45.3100  21.1900  2
 -45.3300  21.3800  2
 -45.3700  21.7300  2
 -45.4000  21.9200  2
 -45.4300  22.1100  2
 -45.4900  22.3300  2
 -45.4900  22.6100  2
 -45.5100  22.7300  2
 -46.2200  23.0000  3
 -46.2500  23.3100  2
 -46.2800  23.5600  2
 -46.3600  23.7900  2
 -46.3900  24.0200  2
 -46.4400  24.2900  2
 -46.4500  24.5000  2
 -46.4700  24.7000  2
 -46.4800  24.8300  2
 -35.4800  39.6000  3
 -35.5000  39.7500  2
 -35.5500  39.9400  2
 -35.6400  40.1700  2
 -35.7100  40.3700  2
 -45.8400  23.0200  3
 -45.8600  23.2500  2
 -45.9300  23.1200  2
 -46.0300  23.2500  2
 -46.1600  23.1600  2
 -46.0900  23.0000  2
 -45.8700  23.4200  3
 -45.8900  23.6200  2
 -45.9900  23.4600  2
 -46.0800  23.5800  2
 -46.1600  23.5000  2
 -46.1200  23.3500  2
 -41.9900  18.6700  3
 -41.9800  18.7900  2
 -42.0900  18.7900  2
 -42.1500  18.9600  2
 -42.2700  18.8300  2
 -42.2600  18.6700  2
 -41.9500  19.0000  3
 -41.8900  19.2100  2
 -42.0100  19.1500  2
 -42.0300  19.2900  2
 -42.1500  19.2500  2
 -42.1600  19.1000  2
 -35.8600   2.4500  3
 -35.7800   2.6800  2
 -35.9100   2.6200  2
 -35.9300   2.8300  2
 -36.0800   2.7600  2
 -36.1000   2.6400  2
 -35.7100   2.7900  3
 -35.6300   3.0200  2
 -35.7800   2.9300  2
 -35.8100   3.1200  2
 -35.9500   3.1000  2
 -35.9700   2.9100  2
 -36.0200   2.9300  3
  99.0000   0.0000  3
 93X  19 701  20  60.00   0.00 RI 000   2
 -41.0000  16.3600  3
 -41.1500  16.3600  2
 -41.2700  16.3600  2
 -41.4400  16.3600  2
 -41.6300  16.3400  2
 -41.9400  16.2900  2
 -42.0200  16.2700  2
 -42.0300  16.2700  2
 -44.9100  14.7400  3
 -45.0300  14.7400  2
 -45.1500  14.7400  2
 -45.3100  14.7400  2
 -45.4300  14.7600  2
 -45.6000  14.8000  2
 -45.7600  14.8000  2
 -45.9800  14.8100  2
 -46.1500  14.8100  2
 -46.3100  14.8300  2
 -46.4900  14.8700  2
 -46.5000  14.8500  3
  99.0000   0.0000  3
 93X  22 701 200 138.00   0.00 TA 000   3
 -43.6300   7.4300  3
 -43.5500   7.6200  2
 -43.4500   7.8500  2
 -43.3100   8.1200  2
 -43.1800   8.3700  2
 -43.0400   8.6700  2
 -42.9300   8.9000  2
 -42.8300   9.1300  2
 -42.7400   9.4600  2
 -42.6200   9.7900  2
 -42.5600  10.0400  2
 -42.4500  10.5200  2
 -42.3400  10.9000  2
 -42.2000  11.2500  2
 -42.0700  11.5700  2
 -41.9300  11.8600  2
 -41.8400  12.0500  2
 -41.7400  12.2500  2
 -41.6500  12.4800  2
 -41.6000  12.6900  2
 -41.5300  12.9200  2
 -41.3700  13.1700  2
 -41.2600  13.3800  2
 -41.1400  13.7600  2
 -41.0500  13.9900  2
 -40.9000  14.2600  2
 -40.7000  14.6100  2
 -40.5600  14.9300  2
 -40.4200  15.2400  2
 -40.1800  15.8400  2
 -40.1700  15.9100  2
 -40.0200  16.2200  2
 -39.7700  16.6800  2
 -39.6300  17.0100  2
 -39.4800  17.3900  2
 -39.3400  17.7200  2
 -39.1900  18.0100  2
 -39.0000  18.4500  2
 -38.8900  18.7000  2
 -38.8600  18.8500  2
 -38.6300  19.3700  2
 -38.5000  19.5600  2
 -38.3400  19.8300  2
 -38.1100  20.2300  2
 -37.9300  20.6000  2
 -37.8000  20.8100  2
 -37.6500  21.0400  2
 -37.3400  21.6500  2
 -37.2700  21.7300  2
 -37.1400  21.9800  2
 -37.0100  22.2300  2
 -36.8900  22.4000  2
 -36.8600  22.4800  2
 -36.6500  22.9600  2
 -36.4800  23.2500  2
 -36.2300  23.6500  2
 -36.1100  23.8400  2
 -35.9100  24.3000  2
 -35.9100  24.3000  2
 -35.6900  24.6900  2
 -35.5100  24.9700  2
 -35.3700  25.2200  2
 -35.1900  25.5900  2
 -35.0300  25.8200  2
 -34.7800  26.2600  2
 -34.6600  26.4500  2
 -34.5600  26.5500  2
 -34.5900  26.5700  3
  99.0000   0.0000  3
 94X   2 701  32 139.29   0.00 AN   M15 2
 -24.0200  38.3200  3
 -24.0000  38.3400  2
 -24.0200  38.3700  2
 -24.0200  38.4000  2
 -24.0200  38.4400  2
 -24.0200  38.5000  2
 -24.0200  38.5500  2
 -24.0100  38.6200  2
 -24.0000  38.6800  2
 -24.0000  38.7200  2
 -24.0000  38.7700  2
 -23.9900  38.8100  2
 -23.9900  38.8500  2
 -23.9900  38.8700  2
 -23.9900  38.9100  2
 -23.9900  38.9200  3
 -24.0800  38.3000  3
 -24.0600  38.3100  2
 -24.0400  38.3000  2
 -24.0300  38.3000  2
 -24.0200  38.3000  2
 -23.9900  38.2900  2
 -23.9900  38.2900  3
 -24.0200  38.8900  3
 -24.0300  38.9000  3
 -24.0200  38.9000  2
 -24.0000  38.9000  2
 -23.9900  38.9000  2
 -23.9700  38.9000  2
 -23.9500  38.9100  2
 -23.9600  38.9000  3
 -25.7100  48.3900  3
  99.0000   0.0000  3
 94X   3 701  12 144.54   0.00 AN   M18 5
 -23.2500  38.2200  3
 -23.2500  38.2700  2
 -23.2500  38.3400  2
 -23.2500  38.4300  2
 -23.2300  38.8500  3
 -23.3200  38.2400  3
 -23.3000  38.2400  2
 -23.2700  38.2300  2
 -23.2400  38.2300  2
 -23.2000  38.2200  2
 -23.2000  38.2200  3
 -23.2900  37.8900  3
  99.0000   0.0000  3
 94X   4 701  21 143.01   0.00 AN   M17 4
 -23.4100  38.2600  3
 -23.4000  38.3200  2
 -23.3900  38.4600  2
 -23.3800  38.5600  2
 -23.3800  38.6700  2
 -23.3800  38.7400  2
 -23.3800  38.8200  2
 -23.3700  38.8400  2
 -23.3700  38.8500  3
 -23.4800  38.2700  3
 -23.4600  38.2700  2
 -23.4300  38.2700  2
 -23.3900  38.2700  2
 -23.3600  38.2600  2
 -23.3700  38.2600  3
 -23.4500  38.4300  3
 -23.4400  38.4300  2
 -23.3900  38.4300  2
 -23.3700  38.4300  2
 -23.3700  38.4300  3
 -22.0400  36.2400  3
  99.0000   0.0000  3
 94X   5 701  20 141.53   0.00 AN   M16 3
 -23.6800  38.2900  3
 -23.6900  38.3400  2
 -23.6800  38.4100  2
 -23.6800  38.5000  2
 -23.6800  38.5900  2
 -23.6700  38.7800  2
 -23.6600  38.8800  2
 -23.6600  38.8900  3
 -23.7600  38.2800  3
 -23.7600  38.2800  2
 -23.7200  38.3000  2
 -23.6800  38.3100  2
 -23.6600  38.3100  3
 -23.7300  38.6800  3
 -23.7100  38.6800  2
 -23.6900  38.6800  2
 -23.6500  38.6900  2
 -23.6200  38.7000  2
 -23.6100  38.7000  3
 -23.6200  38.4400  3
  99.0000   0.0000  3
 94X   6 701  25 139.29   0.00 AN   M15 2
 -24.0300  38.3200  3
 -24.0300  38.3400  2
 -24.0200  38.3900  2
 -24.0300  38.4100  2
 -24.0300  38.4600  2
 -24.0200  38.5400  2
 -24.0200  38.6200  2
 -24.0100  38.6900  2
 -24.0000  38.7700  2
 -23.9900  38.8300  2
 -23.9700  38.8900  2
 -23.9800  38.9200  2
 -23.9800  38.9200  3
 -24.0700  38.3200  3
 -24.0600  38.3300  2
 -24.0300  38.3400  2
 -24.0100  38.3400  2
 -23.9900  38.3300  2
 -23.9800  38.3300  3
 -24.0200  38.9200  3
 -23.9800  38.9100  2
 -23.9700  38.9200  2
 -23.9400  38.9200  2
 -23.9400  38.9200  3
 -23.6200  38.2400  3
  99.0000   0.0000  3
 94X   7 701  24 137.85   0.00 AN   M14 1
 -24.2100  38.3600  3
 -24.2200  38.3900  2
 -24.2100  38.4400  2
 -24.2000  38.5100  2
 -24.2000  38.5800  2
 -24.1800  38.6600  2
 -24.1700  38.7500  2
 -24.1700  38.8200  2
 -24.1600  38.8900  2
 -24.1600  38.9400  2
 -24.1600  38.9500  3
 -24.2500  38.3400  3
 -24.2500  38.3400  2
 -24.2200  38.3500  2
 -24.2000  38.3500  2
 -24.1700  38.3500  2
 -24.1700  38.3500  3
 -24.2100  38.9200  3
 -24.1800  38.9300  2
 -24.1600  38.9300  2
 -24.1400  38.9300  2
 -24.1400  38.9300  2
 -24.1400  38.9200  3
 -23.5600  38.1700  3
  99.0000   0.0000  3
 94X   8 701  18 135.15   0.00 AN   M12 5
 -24.5100  38.3900  3
 -24.5200  38.4200  2
 -24.5300  38.4500  2
 -24.5100  38.5200  2
 -24.5000  38.6000  2
 -24.4800  38.7100  2
 -24.4900  38.7700  2
 -24.4800  38.8400  2
 -24.4800  38.9000  2
 -24.4800  38.9300  2
 -24.4800  38.9400  3
 -24.5900  38.4000  3
 -24.5100  38.4000  2
 -24.4700  38.4100  3
 -24.5200  38.8400  3
 -24.4400  38.8500  2
 -24.4300  38.8500  3
  99.0000   0.0000  3
 94X   9 701  18 133.01   0.00 AN   M11 4
 -24.7500  38.4400  3
 -24.7500  38.6300  2
 -24.7400  38.7000  2
 -24.7300  38.7700  2
 -24.7400  38.8400  2
 -24.7300  38.9100  2
 -24.7200  38.9400  2
 -24.7200  38.9400  3
 -24.7900  38.4600  3
 -24.7500  38.4600  2
 -24.7200  38.4600  2
 -24.7100  38.4600  3
 -24.7600  38.8900  3
 -24.7400  38.8900  2
 -24.6900  38.8800  2
 -24.6700  38.8800  2
 -24.6600  38.8700  3
 -24.8000  38.7700  3
  99.0000   0.0000  3
 94X  10 701  38 130.01   0.00 AN   M10 2
 -25.0700  38.5300  3
 -25.0600  38.5600  2
 -25.0600  38.6100  2
 -25.0600  38.6500  2
 -25.0500  38.7100  2
 -25.0500  38.7700  2
 -25.0400  38.8200  2
 -25.0400  38.8600  2
 -25.0300  38.9200  2
 -25.0300  38.9600  2
 -25.0300  38.9700  2
 -25.0300  38.9900  3
 -25.1000  38.5400  3
 -25.0700  38.5500  2
 -25.0600  38.5500  2
 -25.0300  38.5500  2
 -25.0200  38.5500  3
 -25.0700  38.9700  3
 -25.0400  38.9700  2
 -25.0200  38.9800  2
 -25.0000  38.9700  2
 -24.9900  38.9700  3
 -23.9600  39.0100  3
 -23.9400  39.0300  2
 -23.9300  39.1200  2
 -23.9100  39.2200  2
 -23.9200  39.2800  2
 -23.9200  39.3100  2
 -23.9100  39.3700  2
 -23.9100  39.4500  2
 -23.9100  39.4900  2
 -23.9100  39.5500  2
 -23.9100  39.5700  2
 -23.9200  39.5800  3
 -23.9500  39.6000  3
 -23.9400  39.6000  2
 -23.8800  39.5900  3
 -24.1200  39.8300  3
  99.0000   0.0000  3
 94X  11 701  39 130.01   0.00 AN   M10 2
 -25.3800  38.6200  3
 -25.3500  38.6600  2
 -25.3600  38.7000  2
 -25.3400  38.8200  2
 -25.3400  38.8800  2
 -25.3400  38.9700  2
 -25.3400  39.0300  2
 -25.3200  39.0800  2
 -25.3400  39.0900  3
 -25.4200  38.6200  3
 -25.3800  38.6300  2
 -25.3400  38.6300  2
 -25.3100  38.6200  2
 -25.3100  38.6200  3
 -25.3500  39.0600  3
 -25.3200  39.0600  2
 -25.2800  39.0600  3
 -24.2400  39.0500  3
 -24.2400  39.0900  2
 -24.2300  39.1500  2
 -24.2100  39.2200  2
 -24.2100  39.3100  2
 -24.2100  39.3700  2
 -24.2100  39.4200  2
 -24.2100  39.4800  2
 -24.2000  39.5400  2
 -24.2100  39.6100  2
 -24.2100  39.6600  2
 -24.2000  39.6800  2
 -24.2100  39.6700  3
 -24.2500  39.6800  3
 -24.1900  39.6500  3
 -24.2800  39.1600  3
 -24.2600  39.1700  2
 -24.2400  39.1800  2
 -24.2100  39.1800  2
 -24.2000  39.1800  2
 -24.2000  39.1800  3
 -27.6100  40.7500  3
  99.0000   0.0000  3
 94X  12 701  33 127.75   0.00 AN    M7 5
 -25.8400  38.7300  3
 -25.8400  38.7500  2
 -25.8400  38.8100  2
 -25.8200  38.8700  2
 -25.8300  38.9200  2
 -25.8200  38.9700  2
 -25.8200  39.0200  2
 -25.8200  39.0600  2
 -25.8200  39.0600  3
 -25.8900  38.7400  3
 -25.8500  38.7400  2
 -25.8200  38.7400  2
 -25.7900  38.7400  2
 -25.7700  38.7400  3
 -24.7200  39.0800  3
 -24.7300  39.1100  2
 -24.7200  39.1500  2
 -24.7000  39.2600  2
 -24.7100  39.3400  2
 -24.7100  39.4100  2
 -24.6800  39.4900  2
 -24.6900  39.5400  2
 -24.7000  39.5900  2
 -24.6900  39.6700  2
 -24.6800  39.7100  2
 -24.6800  39.7300  3
 -24.7300  39.5400  3
 -24.6700  39.5200  3
 -24.7100  39.7600  3
 -24.6800  39.7600  2
 -24.6400  39.7600  2
 -24.6400  39.7500  3
 -24.6400  39.7600  3
  99.0000   0.0000  3
 94X  13 701  23 126.76   0.00 AN    M5 3
 -24.9200  39.1200  3
 -24.9100  39.1600  2
 -24.9200  39.1900  2
 -24.9100  39.2300  2
 -24.9000  39.2800  2
 -24.9000  39.3200  2
 -24.8900  39.4000  2
 -24.8800  39.4800  2
 -24.8800  39.5800  2
 -24.8800  39.6500  2
 -24.8800  39.7100  2
 -24.8800  39.7700  2
 -24.8700  39.7900  2
 -24.8700  39.7900  3
 -24.9000  39.6900  3
 -24.8800  39.6800  2
 -24.8700  39.6800  2
 -24.8400  39.6800  3
 -24.8800  39.8000  3
 -24.8600  39.8000  2
 -24.8400  39.8000  2
 -24.8300  39.8000  3
 -24.7600  39.9800  3
  99.0000   0.0000  3
 94X  14 701  36 125.91   0.00 AN    M4 2
 -26.0300  38.7900  3
 -26.0300  38.8200  2
 -26.0100  38.8900  2
 -26.0200  38.9500  2
 -26.0200  38.9800  2
 -26.0100  39.0400  2
 -26.0000  39.0800  2
 -26.0100  39.0800  3
 -26.0800  38.8200  3
 -26.0000  38.7900  2
 -25.9900  38.7900  2
 -25.9800  38.7900  3
 -24.9900  39.1300  3
 -24.9800  39.1500  2
 -24.9800  39.2000  2
 -24.9700  39.2600  2
 -24.9700  39.3300  2
 -24.9700  39.4200  2
 -24.9500  39.5200  2
 -24.9500  39.6000  2
 -24.9500  39.6600  2
 -24.9500  39.7300  2
 -24.9500  39.7900  2
 -24.9500  39.8500  2
 -24.9600  39.8500  3
 -24.9900  39.7600  3
 -24.9600  39.7600  2
 -24.9500  39.7600  2
 -24.9400  39.7600  2
 -24.9400  39.7600  3
 -24.9700  39.8400  3
 -24.9500  39.8300  2
 -24.9400  39.8300  2
 -24.9300  39.8300  2
 -24.9200  39.8200  3
 -25.0600  40.9600  3
  99.0000   0.0000  3
 94X  15 701  42 122.64   0.00 AN    M2 6
 -26.5800  38.9700  3
 -26.5800  38.9800  2
 -26.5800  39.0000  2
 -26.5700  39.0400  2
 -26.5800  39.0800  2
 -26.5700  39.1200  2
 -26.5700  39.1500  2
 -26.5700  39.1500  3
 -26.6700  38.9900  3
 -26.6600  38.9900  2
 -26.6300  38.9800  2
 -26.5900  38.9800  2
 -26.5300  38.9800  2
 -25.3900  39.1500  3
 -25.3900  39.1600  2
 -25.4000  39.2200  2
 -25.3800  39.4000  2
 -25.3700  39.6000  2
 -25.3600  39.7600  2
 -25.3200  39.9200  2
 -25.3200  39.9800  2
 -25.3300  40.0700  2
 -25.3300  40.1000  3
 -25.4000  40.1000  3
 -25.3800  40.0900  2
 -25.3600  40.0800  2
 -25.3100  40.0900  2
 -25.3100  40.0900  3
 -25.3800  39.9300  3
 -25.3700  39.9300  2
 -25.3400  39.9200  2
 -25.3100  39.9100  3
 -25.4300  39.7500  3
 -25.4000  39.7500  2
 -25.3800  39.7500  2
 -25.3500  39.7600  2
 -25.3300  39.7600  3
 -25.4400  39.1500  3
 -25.4200  39.1500  2
 -25.3800  39.1300  2
 -25.3500  39.1300  3
 -23.6700  36.4900  3
  99.0000   0.0000  3
 94X  31 701  39 153.35   0.00 AN   M22 3
 -22.4400  37.3700  3
 -22.4500  37.4000  2
 -22.4300  37.4400  2
 -22.4300  37.4900  2
 -22.4300  37.5400  2
 -22.4300  37.5800  2
 -22.4200  37.7200  2
 -22.4200  37.7600  2
 -22.4200  37.8000  2
 -22.3900  37.8800  2
 -22.3800  37.9200  2
 -22.3800  38.0300  2
 -22.3700  38.2400  2
 -22.3800  38.2800  2
 -22.3600  38.3400  2
 -22.3500  38.3800  2
 -22.3500  38.4100  2
 -22.3600  38.4600  2
 -22.3300  38.5000  2
 -22.3400  38.5400  2
 -22.3400  38.5800  2
 -22.3300  38.6300  2
 -22.3300  38.6700  2
 -22.3200  38.7200  2
 -22.3200  38.7500  2
 -22.3100  38.7500  3
 -22.4700  37.3500  3
 -22.4600  37.3500  2
 -22.4300  37.3500  2
 -22.4200  37.3600  2
 -22.3900  37.3500  2
 -22.3900  37.3500  3
 -22.4100  38.1300  3
 -22.3800  38.1300  2
 -22.3700  38.1300  2
 -22.3500  38.1400  2
 -22.3300  38.1400  2
 -22.3200  38.1400  3
 -25.8600  48.2400  3
  99.0000   0.0000  3
 94X  32 701  37 149.65   0.00 AN   M21 2
 -22.6300  37.5800  3
 -22.6100  37.6400  2
 -22.6100  37.6800  2
 -22.6100  37.7900  2
 -22.6000  37.9300  2
 -22.6000  38.0400  2
 -22.5900  38.2000  2
 -22.5700  38.3600  2
 -22.5700  38.4600  2
 -22.5600  38.5600  2
 -22.5400  38.6500  2
 -22.5400  38.7000  2
 -22.5400  38.7700  2
 -22.5400  38.7900  3
 -22.6500  37.5900  3
 -22.6300  37.5800  2
 -22.6000  37.5800  2
 -22.5900  37.5800  2
 -22.5900  37.5900  3
 -22.6300  38.1500  3
 -22.6200  38.1500  2
 -22.6000  38.1500  2
 -22.5600  38.1600  2
 -22.5700  38.1500  3
 -22.6300  37.5900  3
 -22.6400  37.6600  2
 -22.6300  37.7400  2
 -22.6100  37.8800  2
 -22.6100  37.9700  2
 -22.6000  38.0700  2
 -22.5900  38.1900  2
 -22.5800  38.3900  2
 -22.5700  38.5200  2
 -22.5600  38.6500  2
 -22.5400  38.7300  2
 -22.5400  38.7300  3
  99.0000   0.0000  3
 94X  33 701  21 147.90   0.00 AN   M20 1
 -22.8500  37.8600  3
 -22.8400  37.9200  2
 -22.8200  38.0400  2
 -22.8200  38.1400  2
 -22.8100  38.2600  2
 -22.8100  38.4000  2
 -22.8000  38.5300  2
 -22.8000  38.6300  2
 -22.8000  38.7000  2
 -22.8000  38.8200  2
 -22.8000  38.8300  3
 -22.8700  37.9000  3
 -22.8600  37.8900  2
 -22.8200  37.8800  2
 -22.8200  37.8800  3
 -22.8600  38.1400  3
 -22.8500  38.1400  2
 -22.8100  38.1500  2
 -22.8000  38.1500  2
 -22.7900  38.1500  3
 -21.5800  36.8100  3
  99.0000   0.0000  3
 94X  34 701  25 146.21   0.00 AN   M19 6
 -23.0000  38.0000  3
 -23.0000  38.0300  2
 -22.9900  38.0900  2
 -22.9900  38.1600  2
 -22.9900  38.2600  2
 -22.9800  38.3800  2
 -22.9600  38.4700  2
 -22.9600  38.5900  2
 -22.9500  38.6700  2
 -22.9500  38.7300  2
 -22.9500  38.8000  2
 -22.9500  38.8100  3
 -23.0400  38.0300  3
 -23.0300  38.0400  3
 -23.0200  38.0300  2
 -22.9800  38.0200  2
 -22.9500  38.0200  2
 -22.9500  38.0200  3
 -23.0200  38.1500  3
 -23.0000  38.1500  2
 -22.9800  38.1500  2
 -22.9600  38.1400  2
 -22.9500  38.1400  2
 -22.9500  38.1400  3
 -23.2200  36.9900  3
  99.0000   0.0000  3
 945  72 701  34 138.00   0.00 TA 000   3
  -6.6100  41.3600  3
  -6.7400  41.3700  2
  -6.9300  41.3900  2
  -7.0900  41.4200  2
  -7.3300  41.4200  2
  -7.5000  41.4200  2
  -7.6200  41.4200  2
  -7.7100  41.4200  2
  -7.8200  41.4200  2
  -7.9600  41.4200  2
  -8.0800  41.4200  2
  -9.1000  41.5100  2
  -9.3200  41.5200  2
  -9.4600  41.5300  2
  -9.6000  41.5500  2
  -9.7500  41.5500  2
  -9.8700  41.5600  2
 -10.0900  41.5700  2
 -10.2600  41.5600  2
 -10.3700  41.5500  2
 -10.5000  41.5400  2
 -10.6100  41.5300  2
 -10.7500  41.5400  2
 -10.9100  41.5400  2
 -11.0900  41.5700  2
 -11.2500  41.5700  2
 -11.4700  41.5800  2
 -11.6200  41.5600  2
 -11.7100  41.5700  2
 -11.8600  41.5800  2
 -11.9700  41.5900  2
 -12.1200  41.5900  2
 -12.2900  41.6000  2
 -12.3000  41.6000  3
  99.0000   0.0000  3
 948  78 701  43 175.00   0.00 TA 000   4
 -18.2600  36.3100  3
 -18.3300  36.3100  2
 -18.4400  36.3300  2
 -18.5500  36.3500  2
 -18.6700  36.3700  2
 -18.7800  36.3900  2
 -18.8900  36.3900  2
 -18.9900  36.4000  2
 -19.1000  36.4300  2
 -19.2200  36.4700  2
 -19.3000  36.4800  2
 -19.4000  36.4900  2
 -19.4900  36.5100  2
 -19.5800  36.5400  2
 -19.7100  36.5500  2
 -19.8000  36.5500  2
 -19.9000  36.5600  2
 -19.9700  36.5700  2
 -20.0600  36.5900  2
 -20.1300  36.6100  2
 -20.2000  36.6300  2
 -20.3300  36.6500  2
 -20.4400  36.6600  2
 -20.5200  36.6600  2
 -20.6600  36.6600  2
 -20.7800  36.6800  2
 -20.9200  36.7000  2
 -21.0400  36.7000  2
 -21.1300  36.7200  2
 -21.2100  36.7400  2
 -21.3200  36.7500  2
 -21.4000  36.7500  2
 -21.5300  36.7500  2
 -21.6500  36.7600  2
 -21.7500  36.7900  2
 -21.8600  36.7800  2
 -21.9800  36.7800  2
 -22.0600  36.7900  2
 -22.1800  36.8000  2
 -22.2900  36.8100  2
 -22.4000  36.8200  2
 -22.4900  36.8300  2
 -22.5300  36.8400  3
  99.0000   0.0000  3
 945  80 701  38 175.00   0.00 TA 000   4
  -2.9100  40.8600  3
  -2.9800  40.8800  2
  -3.0200  40.9100  2
  -3.0800  40.9600  2
  -3.1600  41.0100  2
  -3.2600  41.0600  2
  -3.3500  41.0800  2
  -3.4700  41.1200  2
  -3.6100  41.1600  2
  -3.7000  41.2000  2
  -3.7900  41.2400  2
  -3.8700  41.2500  2
  -3.9800  41.2600  2
  -4.0900  41.2800  2
  -4.2100  41.2900  2
  -4.2800  41.3000  2
  -4.3600  41.3000  2
  -4.4100  41.3000  2
  -4.4900  41.3000  2
  -4.6200  41.3000  2
  -4.7400  41.3100  2
  -4.8800  41.3000  2
  -5.0100  41.3000  2
  -5.1000  41.3000  2
  -5.3000  41.3100  2
  -5.4000  41.3100  2
  -5.5400  41.3200  2
  -5.7000  41.3100  2
  -5.8400  41.3100  2
  -6.0400  41.3100  2
  -6.1200  41.3100  2
  -6.2300  41.3200  2
  -6.3200  41.3300  2
  -6.3900  41.3200  2
  -6.4700  41.3300  2
  -6.5700  41.3500  2
  -6.6000  41.3500  2
  -6.6000  41.3500  3
  99.0000   0.0000  3
 98X 260 701  26 118.35   0.00 AN    M0 4
 -32.8800  31.0700  3
 -32.8600  31.0400  2
 -32.8400  30.9900  2
 -32.8100  30.9400  2
 -32.7700  30.9000  2
 -32.7400  30.8400  2
 -32.7000  30.8000  2
 -32.6700  30.7600  2
 -32.6500  30.7300  2
 -32.6200  30.6900  2
 -32.5900  30.6600  2
 -32.5600  30.6200  2
 -32.5200  30.5700  2
 -32.5000  30.5500  2
 -32.4900  30.5200  2
 -32.4600  30.4800  2
 -32.4400  30.4300  2
 -32.4100  30.3800  2
 -32.3900  30.3400  2
 -32.3500  30.2600  2
 -32.2000  30.0000  2
 -32.1900  29.9700  2
 -32.1700  29.9500  2
 -32.1600  29.9300  2
 -32.1500  29.9300  3
 -20.3800  31.1300  3
  99.0000   0.0000  3
 98X 261 701   8 122.64   0.00 AN    M2 6
 -32.3600  31.3600  3
 -32.3300  31.3600  2
 -32.3300  31.3600  2
 -32.3300  31.3500  2
 -32.3000  31.3200  2
 -32.0900  31.0600  2
 -31.6400  30.4300  3
 -20.6200  35.2100  3
  99.0000   0.0000  3
 98X 262 701   8 125.91   0.00 AN    M4 2
 -32.0500  31.5900  3
 -32.0300  31.5900  2
 -31.9900  31.5900  2
 -31.9600  31.5600  2
 -31.8900  31.5200  2
 -31.8200  31.4800  2
 -31.2600  30.7700  3
 -20.7400  32.8400  3
  99.0000   0.0000  3
 98X 263 701   8 130.01   0.00 AN   M10 2
 -31.4500  32.2200  3
 -31.4300  32.2300  2
 -31.4000  32.2300  2
 -31.3700  32.2100  2
 -31.2600  32.1500  2
 -31.2000  32.1200  2
 -30.9000  32.0200  2
 -20.5900  32.5200  3
  99.0000   0.0000  3
 98X 264 701  13 133.01   0.00 AN   M11 4
 -30.8500  32.8000  3
 -30.8100  32.8000  2
 -30.7600  32.7800  2
 -30.7100  32.7500  2
 -30.6400  32.7200  2
 -30.5800  32.6900  2
 -30.5500  32.6500  2
 -30.5100  32.6100  2
 -30.4600  32.5500  2
 -30.4300  32.5100  2
 -30.3900  32.4600  2
 -30.3800  32.4500  3
 -20.9200  33.8500  3
  99.0000   0.0000  3
 98X 265 701  14 135.15   0.00 AN   M12 5
 -30.4900  33.2000  3
 -30.4900  33.1400  2
 -30.4700  33.1300  2
 -30.4500  33.0900  2
 -30.4200  33.0200  2
 -30.4000  32.9900  2
 -30.3700  32.9300  2
 -30.3300  32.8700  2
 -30.2800  32.8000  2
 -30.2500  32.7900  2
 -30.2100  32.7400  2
 -30.1800  32.7100  2
 -30.1600  32.7000  3
 -20.3600  32.0500  3
  99.0000   0.0000  3
 93X 501 701  31  72.46   0.00 AN    32 6
 -38.4500  36.8600  3
 -38.4500  36.9600  2
 -38.4500  37.0800  2
 -38.3300  36.9800  3
 -38.4500  36.9600  2
 -38.5500  36.9800  2
 -36.6800  39.1200  3
 -36.6900  39.2200  2
 -36.6900  39.3400  2
 -36.6100  39.2500  3
 -36.6800  39.2500  2
 -36.7600  39.2300  2
 -36.6100  39.4400  3
 -36.6300  39.5600  2
 -36.6300  39.6600  2
 -36.5300  39.6000  3
 -36.6100  39.5700  2
 -36.7000  39.5400  2
 -36.5700  39.8400  3
 -36.5700  39.9300  2
 -36.5600  40.0500  2
 -36.4600  39.9500  3
 -36.5600  39.9300  2
 -36.6700  39.9300  2
 -36.6600  40.2700  3
 -36.6300  40.3600  2
 -36.6300  40.4500  2
 -36.5500  40.3600  3
 -36.6300  40.3400  2
 -36.7100  40.3300  2
 -33.1300  44.6000  3
  99.0000   0.0000  3
 93X 502 701  25  80.17   0.00 AN   33R 2
 -37.1700  37.4200  3
 -37.1800  37.5300  2
 -37.1900  37.6000  2
 -37.1200  37.5300  3
 -37.1900  37.5400  2
 -37.2700  37.5400  2
 -35.4600  39.6400  3
 -35.4600  39.7500  2
 -35.4700  39.8500  2
 -35.3800  39.7500  3
 -35.4500  39.7600  2
 -35.5300  39.7300  2
 -35.5700  40.2800  3
 -35.5600  40.3700  2
 -35.5600  40.4800  2
 -35.4900  40.4100  3
 -35.5700  40.4000  2
 -35.6900  40.4200  2
 -35.7900  40.8300  3
 -35.8000  40.9500  2
 -35.8000  41.0500  2
 -35.6800  40.9600  3
 -35.7900  40.9500  2
 -35.8300  40.9600  2
 -31.3000  45.8900  3
  99.0000   0.0000  3
 93X 503 701  31  84.00   0.00 AN    34 3
 -36.2500  37.7400  3
 -36.2500  37.8300  2
 -36.2500  37.9400  2
 -36.1900  37.8500  3
 -36.2700  37.8400  2
 -36.3500  37.8500  2
 -36.3900  38.3400  3
 -36.3700  38.4000  2
 -36.3800  38.5100  2
 -36.2900  38.4600  3
 -36.4000  38.4400  2
 -36.4600  38.4000  2
 -34.5000  40.0800  3
 -34.4900  40.2000  2
 -34.5000  40.2900  2
 -34.4300  40.2100  3
 -34.5000  40.2100  2
 -34.6200  40.2100  2
 -34.6600  40.7100  3
 -34.6400  40.8200  2
 -34.6400  40.9200  2
 -34.5700  40.8700  3
 -34.6700  40.8500  2
 -34.7600  40.8400  2
 -34.7900  41.1000  3
 -34.7900  41.2000  2
 -34.8000  41.3500  2
 -34.7100  41.2400  3
 -34.7900  41.2100  2
 -34.8900  41.2100  2
 -34.8900  41.2100  3
  99.0000   0.0000  3
 93X 504 701  45  84.00   0.00 TA 000   2
 -39.0500  37.6500  3
 -38.9000  37.7000  2
 -38.7600  37.7700  2
 -38.6900  37.8000  3
 -38.5500  37.8500  2
 -38.4400  37.9200  2
 -38.3400  37.9400  3
 -38.1700  38.0200  2
 -38.0800  38.0600  2
 -37.9900  38.0900  3
 -37.8700  38.1600  2
 -37.7500  38.2100  2
 -37.6200  38.2800  3
 -37.5300  38.3400  2
 -37.4100  38.4000  2
 -37.2800  38.4400  3
 -37.1600  38.4900  2
 -37.0300  38.5600  2
 -36.9400  38.5700  3
 -36.8300  38.6400  2
 -36.7500  38.6900  2
 -36.7000  38.7200  2
 -36.5800  38.7500  3
 -36.4800  38.8100  2
 -36.3800  38.8500  2
 -36.3100  38.8700  2
 -36.2100  38.9200  3
 -36.0900  38.9600  2
 -35.9400  39.0200  2
 -35.8200  39.1000  3
 -35.7000  39.1400  2
 -35.5900  39.2200  2
 -35.4500  39.2600  3
 -35.3000  39.2900  2
 -35.2300  39.3200  2
 -35.1300  39.3500  3
 -35.0000  39.4200  2
 -34.8800  39.4600  2
 -34.7700  39.5100  3
 -34.6400  39.5900  2
 -34.5000  39.6300  2
 -34.3900  39.6700  3
 -34.2700  39.7300  2
 -34.1400  39.7800  2
  99.0000   0.0000  3
 93X 505 701  66  84.00   0.00 AN    34 3
 -43.7400  21.8900  3
 -43.7400  21.9800  2
 -43.7300  22.0800  2
 -43.6700  22.0000  3
 -43.7300  22.0000  2
 -43.7800  21.9700  2
 -43.8100  22.0500  3
 -43.8000  22.1100  2
 -43.8100  22.1900  2
 -43.7300  22.1200  3
 -43.8600  22.1000  2
 -43.8700  22.2300  3
 -43.8700  22.3100  2
 -43.8800  22.3600  2
 -43.8400  22.3100  3
 -43.8800  22.3100  2
 -43.9300  22.3100  2
 -44.0400  22.5400  3
 -44.0400  22.6200  2
 -44.0300  22.6900  2
 -43.9700  22.6200  3
 -44.0200  22.6300  2
 -44.0900  22.6400  2
 -44.2100  22.8700  3
 -44.2100  22.9400  2
 -44.2200  23.0400  2
 -44.1200  22.9500  3
 -44.2200  22.9500  2
 -44.2700  22.9400  2
 -44.3500  23.1400  3
 -44.3500  23.2500  2
 -44.3600  23.3300  2
 -44.3100  23.2400  3
 -44.3400  23.2400  2
 -44.4000  23.2400  2
 -44.5100  23.4900  3
 -44.5100  23.5700  2
 -44.5000  23.6400  2
 -44.4600  23.5700  3
 -44.5000  23.5600  2
 -44.5400  23.5700  2
 -44.6400  23.7100  3
 -44.6400  23.7900  2
 -44.6400  23.8700  2
 -44.5700  23.8100  3
 -44.6200  23.8100  2
 -44.6800  23.8100  2
 -44.8800  24.1800  3
 -44.8900  24.2700  2
 -44.8800  24.3400  2
 -44.8300  24.2700  3
 -44.8900  24.2700  2
 -44.9300  24.2600  2
 -45.4400  24.2600  3
 -45.4300  24.3800  2
 -45.4300  24.4500  2
 -45.3800  24.3800  3
 -45.4300  24.3800  2
 -45.4900  24.3600  2
 -45.6400  24.7800  3
 -45.6400  24.8700  2
 -45.6500  24.9700  2
 -45.5800  24.8900  3
 -45.6500  24.8700  2
 -45.7000  24.8600  2
 -45.7000  24.8700  3
  99.0000   0.0000  3
 93X 506 701  55  80.17   0.00 AN   33R 2
 -44.9500  20.0200  3
 -44.9600  20.1100  2
 -44.9500  20.1900  2
 -44.8900  20.1200  3
 -44.9400  20.1100  2
 -45.0100  20.1000  2
 -45.1200  20.5300  3
 -45.1200  20.6100  2
 -45.1200  20.6900  2
 -45.0600  20.6100  3
 -45.0900  20.6000  2
 -45.1600  20.6000  2
 -45.3000  21.1300  3
 -45.3100  21.2200  2
 -45.3100  21.3200  2
 -45.2600  21.2300  3
 -45.3400  21.2200  2
 -45.3900  21.2200  2
 -45.2800  21.7700  3
 -45.2800  21.8400  2
 -45.2900  21.9200  2
 -45.2000  21.8300  3
 -45.2600  21.8400  2
 -45.3200  21.8400  2
 -45.3700  21.9000  3
 -45.3700  21.9700  2
 -45.3700  22.0300  2
 -45.3100  21.9600  3
 -45.3500  21.9600  2
 -45.3800  21.9600  2
 -45.4100  22.0800  3
 -45.4000  22.1300  2
 -45.4000  22.2200  2
 -45.3400  22.1500  3
 -45.4000  22.1500  2
 -45.4500  22.1500  2
 -45.6000  22.5800  3
 -45.5900  22.6600  2
 -45.5800  22.7400  2
 -45.5500  22.6700  3
 -45.6000  22.6600  2
 -45.6500  22.6700  2
 -45.9000  22.9100  3
 -45.9000  22.9900  2
 -45.9000  23.0500  2
 -45.8300  22.9900  3
 -45.8900  22.9900  2
 -45.9400  22.9800  2
 -46.2000  23.5400  3
 -46.2000  23.6300  2
 -46.1800  23.7000  2
 -46.1400  23.6100  3
 -46.2000  23.6200  2
 -46.2500  23.6200  2
 -46.2400  23.6200  3
  99.0000   0.0000  3
 93X 507 701  13  72.46   0.00 AN    32 6
 -46.4700  21.2500  3
 -46.4600  21.3600  2
 -46.4600  21.4400  2
 -46.4400  21.3300  3
 -46.4800  21.3200  2
 -46.5300  21.3200  2
 -46.5400  21.5700  3
 -46.5200  21.6500  2
 -46.5300  21.7200  2
 -46.4900  21.6600  3
 -46.5500  21.6500  2
 -46.5800  21.6400  2
 -46.5800  21.6400  3
  99.0000   0.0000  3
