 63X  13 651  30 560.00   0.00 MA 000   7
  21.4300 102.5200  3
  21.0900 103.0500  2
  20.7400 103.4900  2
  20.3100 104.1100  2
  19.8300 104.7700  2
  19.2500 105.2800  2
  18.3900 105.6200  2
  18.0200 106.2800  2
  17.8700 106.9800  2
  18.0400 107.4800  2
  17.8400 108.0100  2
  17.5600 108.6300  2
  17.4700 109.3400  2
  21.2800 102.5600  3
  21.0400 102.3500  2
  20.3800 101.9300  2
  19.6100 101.7100  2
  18.7500 101.3900  2
  18.1000 100.9400  2
  17.0500 100.3600  2
  16.1700 100.3000  2
  15.5900 100.2900  2
  14.5000 101.3700  3
  14.1500 101.4200  2
  13.9700 101.4400  2
  13.6400 102.1700  3
  12.9900 102.4300  2
  12.4600 102.7400  2
  11.8000 103.0300  2
  13.5400 112.9500  3
  99.0000   0.0000  3
 63X  14 651  55  43.00   0.00 NO 000   1
  18.0100 107.1900  3
  17.5400 107.5200  2
  16.6800 108.2800  2
  15.9500 108.9600  2
  14.6400 109.5300  2
  13.5700 109.8300  2
  12.8000 109.9300  2
  12.0900 109.8900  2
  11.3400 109.5900  2
  10.3300 108.6500  2
  10.6200 107.3100  2
  11.7000 105.7300  2
  12.7500 104.3900  2
  12.9300 103.9700  2
  11.9100 104.7100  2
  11.0500 105.1900  2
   9.9400 105.8700  2
   9.4800 106.9700  2
   9.8800 108.1200  2
   9.9700 108.7200  2
   8.5100 108.1800  2
   8.2300 108.0600  2
   8.4500 108.9600  3
   7.5200 108.4200  2
   6.9000 107.7900  2
  10.2600 110.8000  3
  10.8800 111.1900  2
  11.3300 111.2000  2
  11.8900 111.5800  2
  12.4500 111.6000  2
  12.9800 112.0300  2
  13.1100 112.4100  2
  15.2500 112.3600  3
  15.8200 112.5700  2
  16.4400 113.0000  2
  17.1200 113.4100  2
  17.7700 113.9200  2
  18.2300 114.0800  2
  18.5200 114.2200  2
  17.0300 101.3000  3
  16.5400 101.1800  2
  15.8000 101.1100  2
  14.6800 101.0000  2
  13.3800 100.8100  2
  12.8400 100.8000  2
  10.5500 102.0400  3
   9.8600 102.2700  2
   9.1700 102.7000  2
   8.4500 102.9500  2
   7.3100 103.9600  2
   6.5200 104.6300  2
   5.9000 105.4000  2
   5.5100 106.0600  2
   5.4400 106.4800  2
   5.4100 112.4000  3
  99.0000   0.0000  3
 63X  15 651  39 560.00   0.00 CS 000   7
  17.9700 106.3600  3
  17.7100 106.4400  2
  17.2400 106.9000  2
  16.4100 107.7000  2
  15.7100 108.4500  2
  15.3500 108.7600  2
  13.9800 109.1000  2
  12.8100 109.2700  2
  12.0200 109.1700  2
  11.4100 109.0400  2
  11.2200 108.5300  2
  10.6700 107.7100  2
  10.5100 107.0400  2
  10.3800 106.7800  2
   9.9700 106.4700  2
   9.6300 106.5000  2
   9.9700 105.9600  2
   9.4500 106.1400  2
   9.0400 105.4600  2
   8.6300 104.8900  2
   8.8500 104.9000  2
   9.4700 104.7800  2
   9.7500 104.8800  2
  10.0900 105.1600  2
  10.3800 104.5400  2
  10.5100 104.3300  2
  10.6100 103.6600  2
  10.9400 103.6700  2
  11.1300 103.5200  2
  10.8200 103.2000  2
  11.5200 103.0500  2
  12.0600 102.6600  2
  12.2800 102.2800  2
  12.6900 101.7800  2
  12.7000 101.1800  2
  12.9200 100.9400  2
  13.5400 100.7900  2
  13.5400 100.4600  2
  13.5900 100.5100  3
  99.0000   0.0000  3
 63X  16 651  19 560.00   0.00 GR 000   7
  15.0300 103.9900  3
  15.0500 104.9900  2
  15.0300 105.9900  2
  15.9900 104.9800  3
  15.0300 104.9600  2
  14.0200 104.9900  2
  15.0500 108.9900  3
  15.0400 110.0100  2
  15.0800 111.0200  2
  16.0600 109.9700  3
  15.0400 109.9800  2
  14.0400 109.9900  2
  10.0600 108.9900  3
  10.1000 110.0200  2
  10.1200 111.0200  2
  11.0700 109.9900  3
  10.0800 110.0100  2
   9.0600 110.0100  2
  11.3800 118.7000  3
  99.0000   0.0000  3
 43X   5 651  47 250.00   0.00 GR 000   7
  18.1400 103.4700  3
  18.4300 103.8100  2
  17.3700 104.0500  3
  17.6800 104.4500  2
  17.1300 104.2600  2
  17.4100 104.6900  2
  16.8100 105.1400  3
  16.6200 105.2500  2
  16.4000 105.2200  2
  16.3300 105.0700  2
  16.3800 104.8700  2
  16.5500 104.7200  2
  16.5000 104.7800  3
  16.7700 105.1500  2
  15.7900 106.0000  3
  15.8600 105.7800  2
  15.7400 105.5600  2
  15.4800 105.5600  2
  15.4100 105.7300  2
  15.5200 105.9700  2
  15.7200 106.0600  2
  15.8200 106.0000  2
  14.7100 106.7500  3
  14.8900 106.7100  2
  14.9600 106.5300  2
  14.9100 106.3700  2
  14.6700 106.2300  2
  14.4900 106.3300  2
  14.4800 106.4700  2
  13.8100 106.8800  3
  14.1300 107.3000  2
  13.9700 107.1200  3
  13.7900 107.2600  2
  13.6100 107.1200  3
  13.8900 107.4700  2
  12.8400 107.7100  3
  13.1200 108.0600  2
  12.0800 108.3400  3
  12.3600 108.7000  2
  11.8000 108.5400  2
  12.1100 108.9000  2
  11.2100 109.0500  3
  11.3500 109.5100  2
  10.9100 109.2700  2
  11.2700 109.1900  3
  11.0500 109.3200  2
  16.2400 105.5200  3
  99.0000   0.0000  3
 43X   5 651  20 250.00   0.00 MA 000   6
   9.2000 102.8200  3
  10.2100 102.9800  2
  11.4400 102.8600  2
  12.5200 102.5300  2
  13.3100 102.1700  2
  13.8400 101.7200  2
  14.4700 101.1700  2
  15.2200 100.6600  2
  16.0100 100.4800  2
  16.9500 100.6600  2
  17.8300 101.0000  2
  18.4800 101.2300  2
  19.4300 101.7000  2
  20.0000 101.9000  2
  20.5400 102.0400  2
  20.9800 102.1000  2
  21.3900 102.0300  2
  21.8000 102.0000  2
  22.3500 101.9300  2
  22.3500 101.9300  3
  99.0000   0.0000  3
