 91X  83 101  44 200.00   0.00 MA 000   2
  72.9500 -74.9300  3
  72.9100 -74.6700  2
  72.8900 -74.4900  2
  72.8400 -74.2300  2
  72.7700 -73.8800  2
  72.7000 -73.5300  2
  72.5900 -73.0600  2
  72.4500 -72.5400  2
  72.2800 -72.0400  2
  72.1300 -71.6200  2
  71.9800 -71.1200  2
  71.8600 -70.4600  2
  71.7600 -69.8200  2
  71.6400 -69.3800  2
  71.5600 -68.9700  2
  71.4300 -68.4100  2
  71.3000 -67.8300  2
  71.0900 -67.2000  2
  70.8800 -66.5600  2
  70.7300 -66.2300  2
  70.5600 -65.8700  2
  70.3400 -65.4500  2
  70.2100 -65.1400  2
  70.0600 -64.8400  2
  69.9400 -64.6800  2
  69.8800 -64.6400  2
  69.6200 -65.0300  2
  69.5200 -64.8600  2
  69.3300 -64.5800  2
  69.0700 -64.0400  2
  68.9100 -63.8300  2
  68.8000 -63.7400  2
  68.6100 -64.0300  2
  68.3900 -64.2700  2
  68.2400 -64.4000  2
  68.0900 -63.8500  2
  67.9400 -63.2000  2
  67.8200 -62.7000  2
  67.6300 -62.2200  2
  67.4000 -61.6200  2
  67.2100 -61.1500  2
  66.9600 -60.6100  2
  66.8300 -60.4500  2
  58.8200 -58.8200  3
  58.7300 -58.6000  2
  58.6000 -58.3900  2
  58.4500 -58.1700  2
  58.3700 -57.9700  2
  58.2600 -57.8100  2
  58.1000 -57.5700  2
  57.9200 -57.3000  2
  57.7600 -57.1500  2
  57.5800 -57.0000  2
  57.3700 -56.7000  2
  57.1400 -56.4300  2
  56.9800 -56.2900  2
  56.7300 -56.0100  2
  56.5300 -55.7200  2
  56.3500 -55.4500  2
  56.1700 -55.1700  2
  56.0000 -54.9100  2
  55.8000 -54.6700  2
  55.6600 -54.5100  2
  55.5000 -54.2700  2
  55.3300 -53.9400  2
  55.2200 -53.6800  2
  55.1200 -53.3900  2
  55.0300 -53.0900  2
  54.9800 -52.8300  2
  54.9400 -52.6100  2
  54.8200 -52.2900  2
  54.6900 -52.0100  2
  54.5500 -51.7300  2
  54.3200 -51.5100  2
  54.0900 -51.2800  2
  53.8000 -50.9700  2
  53.5600 -50.7200  2
  53.2300 -50.4000  2
  52.9700 -50.1700  2
  52.6700 -49.9000  2
  52.4100 -49.5900  2
  52.1700 -49.3000  2
  51.8800 -49.0900  2
  51.5900 -48.7900  2
  51.3800 -48.5900  2
  51.2400 -48.5100  2
  51.1200 -48.4000  2
  51.4000 -46.7300  3
  51.2500 -46.4900  2
  51.1100 -46.3800  2
  50.9300 -46.2100  2
  50.7100 -46.0000  2
  50.5500 -45.8200  2
  50.3700 -45.6400  2
  50.1900 -45.4800  2
  50.0000 -45.2800  2
  49.8100 -45.0600  2
  49.7000 -44.8300  2
  49.5300 -44.6100  2
  49.3600 -44.3700  2
  49.2000 -44.0900  2
  49.0100 -43.8500  2
  48.8000 -43.7700  2
  48.6200 -43.6600  2
  48.2500 -43.5500  2
  48.0100 -43.4800  2
  47.5800 -43.4300  2
  47.2500 -43.4600  2
  47.0400 -43.4100  2
  46.9500 -43.3800  2
  60.6500 -61.0100  3
  60.6500 -61.0000  2
  60.5900 -60.9400  2
  60.4600 -60.8400  2
  60.3100 -60.7400  2
  60.1700 -60.6900  2
  60.0100 -60.5400  2
  59.7700 -60.3100  2
  59.6500 -60.1800  2
  59.5600 -60.0800  2
  59.4600 -59.9900  2
  59.3500 -59.8800  2
  59.2300 -59.7700  2
  59.1000 -59.6300  2
  58.9900 -59.5100  2
  58.6300 -59.1400  2
  58.3000 -58.7600  2
  58.0600 -58.5300  2
  57.8600 -58.3100  2
  57.5100 -57.8700  2
  57.3500 -57.6000  2
  56.9500 -56.9800  2
  56.6000 -56.5000  2
  56.4100 -56.1400  2
  56.1300 -55.6700  2
  55.9000 -55.2900  2
  55.7400 -54.9800  2
  55.5700 -54.6400  2
  55.4000 -54.2500  2
  55.2900 -53.9500  2
  55.0900 -53.3200  2
  54.9900 -53.0000  2
  54.9300 -52.8600  2
  54.7700 -52.3600  2
  54.7300 -52.1900  2
  54.6200 -51.8900  2
  54.3500 -51.5400  2
  54.1800 -51.3300  2
  54.0400 -51.2000  2
  53.8600 -51.0000  2
  53.4800 -50.6400  2
  53.2100 -50.3500  2
  52.8400 -50.0600  2
  52.5300 -49.7600  2
  52.3600 -49.6000  2
  52.1600 -49.4100  2
  51.8400 -49.0500  2
  51.6800 -48.8800  2
  51.4800 -48.7000  2
  51.1200 -48.3500  2
  51.0700 -48.2500  2
  51.0600 -48.1700  2
  51.0800 -48.0100  2
  51.1700 -47.7000  2
  51.2500 -47.4300  2
  51.3500 -47.0700  2
  51.4900 -46.7400  2
  51.3700 -46.5600  2
  51.1200 -46.2800  2
  50.7800 -45.8600  2
  50.3600 -45.3500  2
  50.1300 -45.1100  2
  49.9800 -44.9700  2
  49.7900 -44.7600  2
  49.6300 -44.5300  2
  49.4100 -44.2600  2
  49.1100 -44.0100  2
  48.9000 -43.8300  2
  48.6600 -43.6600  2
  48.4600 -43.5300  2
  48.3300 -43.4900  2
  48.1400 -43.4700  2
  48.0100 -43.4700  2
  47.8000 -43.4300  2
  47.2500 -43.2400  2
  47.1500 -43.2100  2
  47.0500 -43.1900  2
  46.9400 -43.1300  2
  46.9000 -43.1200  2
  46.8700 -43.2000  2
  46.8400 -43.2800  2
  46.7800 -43.4200  2
  46.7300 -43.5600  2
  46.6400 -43.7400  2
  46.5600 -43.8700  3
  99.0000   0.0000  3
 92X  58 101  45 200.00   0.00 MA 000   4
  31.2900 -77.5300  3
  31.2900 -77.4900  3
  31.3900 -77.4600  2
  31.7000 -77.0200  2
  32.1700 -76.6300  2
  32.7400 -76.2000  2
  33.1700 -75.8500  2
  33.8600 -75.4600  2
  34.5200 -75.0300  2
  35.1000 -74.8800  2
  35.4300 -74.7600  2
  35.9100 -74.5700  2
  36.6100 -74.4200  2
  36.9300 -74.3400  2
  37.4300 -74.1100  2
  37.7500 -73.9500  2
  38.4600 -73.6000  2
  38.6800 -73.4500  2
  38.9600 -73.2100  2
  39.2000 -72.9000  2
  39.3300 -72.5800  2
  39.5100 -71.8400  2
  39.5500 -71.6000  2
  39.6100 -71.2800  2
  39.6700 -70.8100  2
  39.6400 -70.4500  2
  39.7100 -69.7800  2
  39.7400 -69.4300  2
  39.7400 -69.0700  2
  39.8000 -68.6800  2
  39.9000 -68.4000  2
  39.9600 -68.0900  2
  40.0200 -67.7700  2
  40.0800 -67.5000  2
  40.3300 -66.9100  3
  40.3900 -66.7500  2
  40.5100 -66.5500  2
  40.6600 -66.4000  2
  40.8100 -66.0800  2
  40.9000 -65.8900  2
  41.0800 -65.6900  2
  41.2600 -65.4100  2
  41.3800 -65.2600  2
  41.5000 -65.0600  2
  42.2700  22.3800  3
  99.0000   0.0000  3
 92X 116 101 200 600.00   0.00 CS 000   7
  24.2500 -97.7200  3
  24.5400 -97.7200  2
  24.7700 -97.6900  2
  25.0000 -97.5900  2
  25.2600 -97.5300  2
  25.4000 -97.3700  2
  25.1400 -97.4000  2
  25.3400 -97.2100  2
  25.6300 -97.0600  2
  25.7700 -97.1200  2
  26.2000 -97.1600  2
  26.6600 -97.3500  2
  26.9100 -97.3800  2
  27.1100 -97.3200  2
  27.2200 -97.4100  2
  27.3100 -97.1900  2
  27.5600 -97.1600  2
  27.8100 -97.2300  2
  27.7900 -97.0000  2
  28.0400 -97.0100  2
  28.1200 -96.7800  2
  28.4000 -96.5900  2
  28.3500 -96.4700  2
  28.6000 -96.4000  2
  28.6600 -96.1500  2
  28.6600 -95.8000  2
  28.4900 -95.9900  2
  28.6600 -95.5200  2
  28.7400 -95.3300  2
  29.0000 -95.0100  2
  29.3600 -94.9500  2
  29.7400 -94.8500  2
  29.6100 -94.6900  2
  29.7500 -94.2200  2
  29.8000 -93.5500  2
  29.7800 -93.1400  2
  29.7200 -92.6900  2
  29.5900 -92.2200  2
  29.8100 -91.9600  2
  29.6700 -91.6500  2
  29.4800 -91.4200  2
  29.3200 -91.1000  2
  29.2300 -90.7500  2
  29.2300 -90.4100  2
  29.2600 -90.0900  2
  29.4000 -89.9300  2
  29.5400 -89.7400  2
  29.2700 -89.4800  2
  29.1300 -89.2600  2
  29.2100 -89.1000  2
  29.4900 -89.4900  2
  29.6500 -89.5200  2
  29.8700 -89.3300  2
  30.0900 -89.2700  2
  30.0100 -89.7100  2
  30.0900 -89.8400  2
  30.2600 -89.7400  2
  30.2900 -89.3600  2
  30.4000 -88.9200  2
  30.4000 -88.1600  2
  30.8900 -87.8400  2
  30.6200 -87.8100  2
  30.4000 -87.8700  2
  30.3800 -87.3600  2
  30.5100 -86.8900  2
  30.5200 -86.3500  2
  30.3000 -85.9300  2
  30.1600 -85.5200  2
  29.9400 -85.2300  2
  29.8100 -84.9500  2
  30.0300 -84.3100  2
  30.1100 -84.0900  2
  30.1400 -83.7700  2
  30.0100 -83.4200  2
  29.7600 -83.2000  2
  29.4300 -82.9800  2
  29.1000 -82.6600  2
  28.6800 -82.5900  2
  28.2900 -82.6800  2
  28.0400 -82.5900  2
  27.9800 -82.5200  2
  27.6200 -82.5500  2
  27.3600 -82.4300  2
  27.0200 -82.2300  2
  26.9100 -82.0100  2
  26.6300 -81.9100  2
  26.3500 -81.8200  2
  26.1200 -81.6900  2
  25.9500 -81.5300  2
  25.8900 -81.3700  2
  25.7800 -81.1800  2
  25.4600 -81.0800  2
  25.2900 -80.8600  2
  25.2600 -80.6400  2
  25.4400 -80.2600  2
  25.8700 -80.0700  2
  26.4700 -80.0700  2
  27.2600 -80.1400  2
  27.9600 -80.4600  2
  28.8300 -80.7200  2
  29.1600 -80.8500  2
  29.7100 -81.2000  2
  30.2900 -81.3300  2
  30.9700 -81.3600  2
  31.6200 -81.0500  2
  31.9500 -80.8600  2
  32.2700 -80.4800  2
  32.3800 -80.4800  2
  32.5400 -80.4800  2
  32.6000 -80.1600  2
  32.6000 -79.8200  2
  33.0300 -79.2100  2
  33.2400 -79.0200  2
  33.6600 -78.7100  2
  33.9300 -78.1700  2
  34.0400 -77.6900  2
  34.3000 -77.4700  2
  34.5600 -77.0600  2
  34.6700 -76.5500  2
  34.7800 -76.2400  2
  34.9800 -76.1800  2
  35.0400 -76.4300  2
  35.1900 -76.3400  2
  35.3200 -76.2700  2
  35.4800 -76.5000  2
  35.4500 -76.0500  2
  35.3700 -75.8600  2
  35.6600 -75.6400  2
  35.8400 -75.5800  2
  35.9400 -75.6700  2
  35.8400 -75.8000  2
  35.9700 -75.8600  2
  35.9900 -76.1200  2
  36.0700 -76.2400  2
  36.1500 -75.9300  2
  36.1700 -75.7100  2
  36.5600 -75.7700  2
  36.7900 -75.7700  2
  36.9400 -75.8400  2
  36.9900 -76.1900  2
  37.0900 -76.0900  2
  37.2400 -76.1900  2
  37.3900 -76.0900  2
  37.5700 -76.2200  2
  37.7500 -76.1300  2
  37.9700 -76.1300  2
  38.1000 -76.2200  2
  38.2200 -76.6100  2
  38.2900 -76.6700  2
  38.2200 -76.2900  2
  38.5200 -76.3500  2
  38.7400 -76.3200  2
  39.0100 -76.2900  2
  39.2600 -76.2600  2
  39.4800 -75.8800  2
  39.5600 -75.8200  2
  39.1600 -76.0100  2
  38.9200 -76.0100  2
  38.7700 -75.9700  2
  38.4200 -76.0700  2
  38.3200 -75.7500  2
  38.1500 -75.6200  2
  37.9500 -75.5900  2
  37.6000 -75.7100  2
  37.1900 -75.7100  2
  37.3700 -75.4900  2
  37.5700 -75.4600  2
  37.9500 -75.2400  2
  38.3500 -75.0200  2
  38.5500 -74.9600  2
  38.8500 -75.1500  2
  39.0700 -75.2800  2
  39.3100 -75.4000  2
  39.5300 -75.4100  2
  39.3400 -75.1200  2
  39.2700 -74.9300  2
  39.0400 -74.8000  2
  39.2200 -74.5100  2
  39.4900 -74.2900  2
  39.7800 -74.0100  2
  40.1200 -73.8800  2
  40.3400 -73.9800  2
  40.4900 -74.1700  2
  40.7800 -73.9800  2
  40.9900 -73.5100  2
  41.2400 -72.8400  2
  41.3100 -72.0500  2
  41.3800 -71.5100  2
  41.5000 -71.2200  2
  41.6000 -71.1000  2
  41.5300 -70.9400  2
  41.6500 -70.5300  2
  41.5500 -70.4300  2
  41.6300 -69.9900  2
  41.9100 -69.9900  2
  41.7400 -70.1800  2
  41.8800 -70.4600  2
  42.1200 -70.5600  2
  42.2800 -70.7500  2
  42.4700 -70.6900  2
  42.8000 -70.6000  3
  43.1300 -70.3800  2
  43.5400 -70.1900  2
  43.8000 -69.9000  2
  43.8200 -69.6500  2
  43.7500 -69.5500  2
  43.8900 -69.4600  2
  43.8900 -69.3000  2
  44.0300 -68.9500  2
  44.3000 -68.8600  2
  44.4800 -68.6700  2
  44.3900 -68.4800  2
  44.2800 -68.2600  2
  44.4600 -67.6500  2
  44.6200 -67.2400  2
  44.7100 -66.9200  2
  44.8300 -66.8000  2
  44.9600 -66.9300  2
  45.1600 -66.8600  2
  45.1600 -66.5800  2
  45.1900 -65.9700  2
  45.3000 -65.7500  2
  45.3200 -65.4000  2
  45.5000 -64.9000  2
  45.6800 -64.6800  2
  45.8600 -64.3900  2
  45.8800 -64.3000  2
  45.6200 -64.4200  2
  45.4200 -64.4500  2
  45.4600 -63.6900  2
  45.4200 -63.2400  2
  45.2600 -63.8200  2
  45.2800 -64.0700  2
  45.3300 -64.2600  2
  45.1200 -64.9300  2
  44.9200 -65.2100  2
  44.6300 -65.6500  2
  44.3800 -65.9100  2
  44.0100 -65.8700  2
  43.8300 -65.6800  2
  43.6700 -65.4900  2
  43.5100 -65.2000  2
  43.7200 -64.9800  2
  43.8600 -64.7000  2
  44.1800 -64.2500  2
  44.4100 -64.0300  2
  44.5400 -63.9100  2
  44.5900 -63.6800  2
  44.5000 -63.4600  2
  44.6800 -63.3400  2
  44.6600 -63.0500  2
  44.7700 -62.7300  2
  44.8600 -62.3500  2
  45.0400 -61.9700  2
  45.2000 -61.6200  2
  45.2500 -61.3700  2
  45.2900 -60.9600  2
  45.3800 -60.9900  2
  45.4000 -61.2400  2
  45.5200 -61.2100  2
  45.6700 -61.3100  2
  45.6900 -61.6900  2
  45.8700 -61.8200  2
  45.7800 -62.0700  2
  45.6700 -62.4800  2
  45.7600 -62.7700  2
  45.8400 -63.1800  2
  45.9500 -63.6000  2
  46.1100 -63.6900  2
  46.2600 -64.1400  2
  46.4800 -64.5200  2
  46.7400 -64.7500  2
  47.0000 -64.7500  2
  47.1300 -65.0000  2
  47.3900 -64.8100  2
  47.7100 -64.6200  2
  47.8600 -64.7200  2
  47.8800 -64.9100  2
  47.7900 -65.3600  2
  47.9000 -65.5800  2
  47.9800 -65.9300  2
  48.0700 -66.1800  2
  48.0900 -65.3600  2
  48.1800 -64.7200  2
  48.5600 -64.1900  2
  48.8500 -64.0900  2
  49.1200 -64.1900  2
  49.2000 -64.7300  2
  49.3100 -65.2100  2
  49.2400 -65.9400  2
  49.0700 -66.9200  2
  48.7400 -67.7100  2
  48.4400 -68.5000  2
  48.3100 -68.8500  2
  47.9900 -69.3600  2
  47.5200 -69.8900  2
  47.2400 -70.3100  2
  46.9200 -70.6900  2
  46.9600 -70.8800  2
  47.3700 -70.3700  2
  47.6300 -69.9900  2
  47.9900 -69.7400  2
  48.1800 -69.6100  2
  48.5000 -69.0800  2
  48.9200 -68.6000  2
  49.2400 -68.1000  2
  49.4200 -67.6500  2
  49.4200 -67.1800  2
  49.7300 -66.8300  2
  50.0200 -66.5800  2
  50.1900 -66.2600  2
  50.2500 -66.0700  2
  50.3300 -65.4400  2
  50.3300 -63.8800  2
  50.3000 -62.3200  2
  50.2400 -61.5600  2
  50.1400 -61.4600  2
  50.2800 -60.3900  2
  50.3200 -59.8500  2
  50.8700 -58.7700  2
  51.3100 -58.2000  2
  51.4500 -57.3100  2
  51.4500 -56.7100  2
  51.8100 -56.0100  2
  52.1400 -55.5700  2
  52.3000 -55.7900  2
  52.4600 -55.6000  2
  52.5900 -55.7600  2
  52.8600 -55.7700  2
  53.0700 -55.9300  2
  53.1300 -55.7000  2
  53.4300 -55.8000  2
  53.6000 -55.8400  2
  53.6700 -56.3100  2
  53.8400 -56.5000  2
  53.5000 -57.0400  2
  53.6500 -57.1700  2
  54.0500 -57.1100  2
  54.2100 -57.1400  2
  54.2100 -57.8400  2
  54.0600 -58.3200  2
  53.8200 -58.8500  2
  53.5500 -59.4600  2
  53.3600 -59.9600  2
  53.5300 -60.0900  2
  53.6100 -60.5000  2
  53.7400 -60.7600  2
  53.8500 -60.7900  2
  53.7000 -60.2500  2
  53.8200 -59.6200  2
  54.1700 -58.8600  2
  54.2900 -58.2200  2
  54.4200 -57.6800  2
  54.5700 -57.3700  2
  54.7700 -57.7500  2
  54.9300 -57.8500  2
  54.6900 -58.1000  2
  54.7800 -58.5100  2
  54.9300 -58.7700  2
  51.6000 -55.4100  3
  51.4400 -55.4700  2
  51.3400 -55.7900  2
  51.0600 -55.6600  2
  50.8600 -55.9400  2
  50.8800 -56.1000  2
  50.4800 -56.2300  2
  50.0500 -56.5400  2
  49.6800 -56.6700  2
  50.0100 -56.1900  2
  50.2500 -55.8400  2
  50.2500 -55.6900  2
  50.0900 -55.6200  2
  50.2400 -55.2700  2
  50.1300 -55.0500  2
  50.2600 -54.6400  2
  50.0300 -54.8600  2
  49.8500 -55.3000  2
  49.7000 -55.7100  2
  49.5400 -55.4900  2
  49.6000 -54.9800  2
  49.3100 -55.1700  2
  49.4600 -54.5400  2
  49.4400 -54.1600  2
  49.3400 -53.5500  2
  49.2800 -53.4200  2
  48.9800 -53.6800  2
  48.8200 -53.8000  2
  48.7100 -53.7400  2
  48.4400 -53.9300  2
  48.5000 -53.3900  2
  48.5500 -53.1300  2
  48.4400 -53.0700  2
  48.1000 -53.4200  2
  47.7800 -53.6700  2
  48.0400 -53.1900  2
  48.2100 -52.8800  2
  47.9800 -52.9700  2
  47.7600 -53.0300  2
  47.5500 -53.0600  2
  47.4600 -53.0000  2
  47.6100 -52.7100  3
  47.3400 -52.6500  2
  46.9200 -52.8700  2
  46.6200 -53.1200  2
  46.6200 -53.4100  2
  46.8600 -53.5400  2
  47.0700 -53.6000  2
  46.8600 -53.9500  2
  47.1800 -53.8600  2
  47.6100 -53.9200  2
  47.8700 -54.0200  2
  47.4400 -54.3700  2
  47.3100 -54.6500  2
  47.0000 -55.1200  2
  46.8300 -55.6600  2
  47.0000 -55.5700  2
  47.2000 -55.1300  2
  47.6100 -54.8100  2
  47.5900 -55.2600  2
  47.5000 -55.5400  2
  47.5200 -55.8300  2
  47.7100 -55.6700  2
  47.7300 -56.0500  2
  47.6000 -57.2900  2
  47.6000 -58.0800  2
  47.6200 -58.8800  2
  47.7000 -59.3200  2
  48.0900 -58.8800  2
  48.4700 -58.4700  2
  48.4700 -58.9800  2
  48.5700 -58.7200  2
  48.9300 -58.2500  2
  49.0600 -58.0600  2
  49.2400 -58.0900  2
  49.4700 -57.9300  2
  49.5300 -57.6800  2
  49.7600 -57.8100  2
  50.0900 -57.4900  2
  50.1300 -57.3000  2
  50.3300 -57.3100  2
  50.6300 -57.2100  2
  50.7800 -57.0200  2
  51.1200 -56.6800  2
  51.4400 -56.3300  2
  51.5600 -55.8200  2
  51.5400 -55.5700  2
  51.5600 -55.4700  2
  47.0300 -60.3000  3
  46.8600 -60.2000  2
  46.6900 -60.3000  2
  46.3400 -60.3900  2
  46.1200 -60.4500  2
  46.2000 -59.9800  2
  46.1200 -59.7900  2
  45.9200 -59.8200  2
  45.6700 -60.2900  2
  45.6500 -60.6400  2
  45.6700 -60.9600  2
  45.7400 -61.2500  2
  45.9400 -61.3400  2
  46.2700 -61.1200  2
  46.6000 -60.8400  2
  46.8800 -60.5900  2
  47.0300 -60.4300  2
  47.0500 -60.3000  2
  47.1100 -63.7600  3
  46.9800 -63.7600  2
  46.7800 -63.7900  2
  46.5700 -63.6300  2
  46.5000 -63.1600  2
  46.4200 -62.7100  2
  46.4400 -62.1700  2
  46.4400 -62.0400  2
  46.2900 -62.2300  2
  46.0200 -62.3600  2
  46.1500 -62.7700  2
  46.3100 -63.0600  2
  46.3500 -63.5000  2
  46.5200 -63.7300  2
  46.5400 -63.9800  2
  46.7800 -64.1100  2
  46.9600 -63.9200  2
  47.0200 -63.7900  2
  49.9100 -64.2300  3
  49.7800 -63.9700  2
  49.4800 -63.3000  2
  49.2500 -62.9500  2
  49.1100 -62.0300  2
  49.1300 -61.5800  2
  49.3200 -61.6200  2
  49.5400 -62.3200  2
  49.7500 -62.8600  2
  49.9100 -63.4000  2
  50.0100 -64.0000  2
  49.9500 -64.1600  2
  68.9500-137.1800  3
  68.8900-136.5800  2
  68.9700-136.5800  2
  68.6900-135.4100  2
  68.6800-135.1700  2
  68.9100-135.5500  2
  68.8900-135.1900  2
  68.8700-134.7800  2
  68.7200-134.6300  2
  68.5600-134.1800  2
  68.7400-134.2000  2
  69.0500-134.6700  2
  69.2900-134.1100  2
  69.4100-133.3200  2
  69.6300-132.9700  2
  69.7500-132.5500  2
  69.7100-132.1900  2
  69.9600-131.4900  2
  69.9300-131.0900  2
  70.1600-130.5700  2
  70.0900-130.1500  2
  70.2500-129.7000  2
  70.0600-129.5900  2
  69.5800-131.0400  2
  69.5400-131.9300  2
  69.2900-132.4400  2
  69.0600-133.0700  2
  69.2900-131.9900  2
  69.4400-131.6800  2
  69.3400-131.7200  2
  69.4300-131.5200  2
  69.3500-131.4900  2
  69.5000-131.1100  2
  69.2500-131.0800  2
  69.7000-130.3500  2
  69.9700-129.0900  2
  69.6900-129.2900  2
  70.2300-127.7400  2
  70.3000-128.1000  2
  70.4100-128.0100  2
  70.4100-128.3000  2
  70.4900-128.1000  2
  69.5100-126.4200  2
  69.3600-125.7800  2
  69.4200-125.2400  2
  69.4500-125.6200  2
  69.4900-125.6000  2
  69.5300-125.2200  2
  69.6800-125.5700  2
  69.7100-125.0800  2
  69.7700-125.1800  2
  69.7900-125.3100  2
  69.8500-125.3100  2
  69.7900-125.1900  2
  69.9900-124.8600  2
  69.9300-125.1700  2
  70.0700-125.1800  2
  69.9800-124.7100  2
  70.0400-124.5200  2
  70.0800-124.5300  2
  70.1100-124.7200  2
  70.1200-124.4100  2
  69.6900-124.5000  2
  69.7300-124.1200  2
  69.4700-124.3900  2
  69.4200-124.5800  2
  69.3700-124.2500  2
  69.3800-123.6600  2
  69.6800-123.1400  2
  69.8300-123.0400  2
  69.7300-121.2700  2
  69.4200-120.3700  2
  69.3100-119.4700  2
  68.9200-116.9400  2
  68.8500-115.9800  2
  68.9800-116.2000  2
  68.9600-115.3300  2
  68.5700-114.1900  2
  68.4200-114.2000  2
  68.4900-114.0100  2
  68.2400-114.2400  2
  68.3400-114.4800  2
  68.3100-114.9700  2
  68.1900-114.9500  2
  68.0000-115.5100  2
  67.7800-114.6700  2
  67.7600-113.1000  2
  67.7900-112.0500  2
  67.7800-111.4800  2
  67.9000-111.4100  2
  67.9100-111.1400  2
  67.7800-111.2100  2
  68.0000-110.4500  2
  68.0500-110.0600  2
  67.9200-110.0500  2
  67.9400-109.8600  2
  67.8000-109.8000  2
  67.7500-109.4900  2
  67.8300-109.4000  2
  67.7800-109.0400  2
  67.5100-108.9900  2
  67.6800-108.7300  2
  67.4400-108.5100  2
  67.4700-108.3600  2
  67.2000-107.8500  2
  67.1200-108.3300  2
  66.7800-107.9000  2
  67.0100-107.2600  2
  67.7900-108.0800  2
  67.9800-107.7100  2
  68.1000-107.7300  2
  68.1700-107.1300  2
  68.2500-106.6400  2
  68.3500-106.4800  2
  68.5600-106.0800  2
  68.6800-106.0800  2
  68.6100-106.6500  2
  68.3700-106.7600  2
  68.4200-107.0500  2
  68.3300-107.3200  2
  68.4100-107.8100  2
  68.2300-107.7700  2
  68.1900-108.1100  2
  68.2000-108.3700  2
  68.2100-108.6300  2
  68.3300-108.5900  2
  68.2900-108.8800  2
  68.5100-108.5700  2
  68.6100-108.4200  2
  68.7300-107.8200  2
  68.7500-107.3600  2
  68.8200-107.0000  2
  68.9800-106.1400  2
  68.7700-105.7400  2
  68.6200-105.5200  2
  68.5100-105.4700  2
  68.2400-104.7500  2
  68.1400-104.6700  2
  68.1000-103.9500  2
  68.1900-103.6400  2
  67.7200-102.3700  2
  67.8000-101.1400  2
  67.7900-100.4700  2
  67.8700-100.2700  2
  67.8500 -99.4100  2
  67.7600 -99.0500  2
  67.8200 -98.4600  2
  68.0400 -98.7800  2
  68.0900 -98.6500  2
  68.0800 -98.5000  2
  67.7500 -97.9500  2
  67.6800 -97.4200  2
  67.7800 -97.1300  2
  68.0200 -97.2600  2
  67.9000 -97.3700  2
  67.9900 -97.7100  2
  67.8700 -97.9800  2
  68.2000 -98.4900  2
  68.2300 -98.3200  2
  68.4400 -98.7000  2
  68.3600 -98.4300  2
  68.4200 -98.3100  2
  68.4200 -98.1000  2
  68.3800 -98.0500  2
  68.4100 -97.6500  2
  68.5300 -98.0000  2
  68.5700 -97.7500  2
  68.4600 -97.5000  2
  68.5300 -97.4900  2
  68.5200 -97.2700  2
  68.4200 -97.2500  2
  68.3700 -96.9800  2
  68.2700 -96.8400  2
  68.3100 -96.7100  2
  67.9700 -96.6000  2
  68.3000 -95.9500  2
  67.7200 -96.0500  2
  67.6300 -96.3800  2
  67.5100 -96.3400  2
  67.5200 -95.9900  2
  67.3400 -96.0600  2
  67.4500 -95.7900  2
  67.4600 -95.5500  2
  67.2100 -95.1900  2
  68.1300 -95.6900  2
  68.0500 -94.9000  2
  68.6300 -93.6500  2
  69.0200 -93.9500  2
  68.7500 -94.2300  2
  68.7700 -94.6600  2
  69.3600 -94.1800  2
  69.4300 -93.8400  2
  69.2000 -93.8600  2
  69.4000 -93.5200  2
  69.5400 -93.7600  2
  69.4600 -94.3200  2
  69.6400 -94.7000  2
  69.5700 -94.8400  2
  69.7100 -95.2600  2
  69.7700 -95.3000  2
  69.8100 -95.9800  3
  70.2800 -96.6200  2
  70.6000 -96.1100  2
  70.9600 -96.4800  2
  71.1800 -96.2700  2
  71.4300 -96.0500  2
  71.2300 -95.5200  2
  71.5100 -95.5300  2
  71.7400 -95.5800  2
  71.9600 -95.0300  2
  71.8900 -94.5600  2
  71.7100 -94.4800  2
  71.7500 -94.0700  2
  71.7400 -93.6800  2
  71.4400 -93.1900  2
  70.9400 -92.9500  2
  70.7000 -92.7000  2
  70.3200 -92.0500  2
  70.3300 -91.8000  2
  70.1500 -91.5900  2
  70.1900 -92.3200  2
  70.0800 -92.3800  2
  70.0300 -91.9800  2
  69.8400 -92.5800  2
  69.7000 -92.6700  2
  69.6700 -92.2700  2
  69.5200 -91.9000  2
  69.6200 -91.4300  2
  69.5400 -91.4400  2
  69.4900 -90.9500  2
  69.5300 -90.8800  2
  69.3400 -90.9700  2
  69.3600 -91.2500  2
  69.1300 -90.7700  2
  68.8100 -90.4700  2
  68.3200 -90.2900  2
  68.7000 -89.8200  2
  69.0400 -89.8000  2
  69.3200 -89.2700  2
  69.1900 -88.8900  2
  68.6300 -88.0000  2
  68.2600 -87.9100  2
  68.4600 -88.2300  2
  67.9600 -88.3900  2
  67.2900 -87.3500  2
  67.3100 -87.1200  2
  67.4500 -87.0200  2
  67.4400 -86.6600  2
  68.6700 -85.7200  2
  68.7800 -84.7500  2
  68.8600 -85.1000  2
  68.9900 -84.9100  2
  69.0000 -84.6000  2
  69.1300 -85.1700  2
  69.3400 -85.4000  2
  69.8000 -85.4000  2
  69.8100 -84.3900  2
  69.6800 -83.2100  2
  69.6500 -82.7400  2
  69.2200 -82.3100  2
  69.1700 -81.3900  2
  68.8500 -81.9400  2
  68.7900 -81.2600  2
  68.4300 -81.8800  2
  68.5200 -82.5300  2
  68.4500 -82.6300  2
  68.3300 -82.3300  2
  68.1900 -82.3300  2
  68.2000 -82.0300  2
  67.8500 -81.9700  2
  67.4600 -81.3100  2
  67.1200 -81.4300  2
  66.4100 -83.1700  2
  66.6500 -83.8800  2
  66.3000 -83.7600  2
  66.4000 -84.3600  2
  66.2900 -84.6200  2
  66.5700 -85.3400  2
  66.5800 -86.4800  2
  66.4300 -86.7200  2
  66.2900 -86.0400  2
  65.4700 -87.0900  2
  65.9200 -89.9900  2
  65.8200 -90.0400  2
  65.3700 -88.9900  2
  65.2600 -86.9800  2
  64.0300 -88.5800  2
  64.1500 -89.8800  2
  63.9500 -89.7200  2
  63.6700 -90.1900  2
  63.5600 -90.6000  2
  63.8300 -91.5500  2
  64.0700 -93.4100  2
  63.9800 -93.6100  2
  63.4900 -90.8000  2
  62.9400 -90.7000  2
  62.8100 -92.5200  2
  62.6100 -92.0400  2
  62.5900 -92.6200  2
  62.1000 -92.5500  2
  62.2400 -92.9400  2
  61.4500 -94.0600  2
  61.4300 -94.6800  2
  61.2400 -94.1600  2
  60.9100 -94.3000  2
  59.0300 -94.9600  2
  58.7800 -94.3500  2
  58.5700 -94.2100  2
  58.7900 -94.1800  2
  58.7500 -93.2100  2
  57.1600 -92.5000  2
  56.9500 -92.7400  2
  57.0100 -92.3600  2
  56.9900 -92.2800  2
  57.2400 -91.1500  2
  56.4800 -88.3100  2
  56.1800 -87.5800  2
  55.9000 -86.8300  2
  55.6100 -85.7600  2
  55.3900 -85.2900  2
  54.9500 -85.5800  2
  55.2700 -83.9000  2
  55.2300 -83.0100  2
  55.1900 -82.4500  2
  53.0100 -82.2900  2
  52.4100 -81.5000  2
  52.1500 -82.1500  2
  52.1100 -81.2400  2
  51.4000 -80.4000  2
  51.2000 -80.7700  2
  51.0500 -79.5500  2
  51.6400 -79.3000  2
  51.3000 -78.9300  2
  51.8300 -78.9700  2
  52.2600 -77.8600  2
  52.4200 -78.4500  2
  54.5700 -79.5600  2
  56.2000 -76.7400  2
  56.2000 -76.2900  2
  56.5200 -76.3100  2
  56.3700 -76.7000  2
  57.8700 -77.3400  2
  58.7100 -78.4300  2
  59.2200 -78.3800  2
  59.5400 -77.8000  2
  59.5400 -76.9700  2
  59.7900 -77.4200  2
  60.0400 -77.2600  2
  60.0500 -77.8800  2
  60.2200 -77.5000  2
  60.6700 -77.8300  2
  60.7700 -77.5300  2
  60.8200 -78.2900  2
  60.8400 -78.1000  2
  61.6600 -77.4200  2
  61.6600 -77.8400  2
  62.2000 -78.0500  2
  62.5800 -77.5800  2
  62.3100 -75.6900  2
  62.2500 -75.5600  2
  62.3000 -75.2600  2
  62.1400 -75.2300  2
  62.1700 -74.8500  2
  62.5100 -73.8900  2
  62.1500 -72.7900  2
  61.8400 -72.7800  2
  61.9500 -72.3100  2
  61.7300 -72.1400  2
  61.5300 -72.2700  2
  61.6600 -71.7700  2
  61.1800 -71.1300  2
  61.0500 -70.2400  2
  60.9400 -70.0300  2
  61.0500 -69.7200  2
  60.1400 -69.5100  2
  60.1000 -71.0400  2
  59.9000 -69.5000  2
  59.3400 -69.6200  2
  59.3500 -69.2200  2
  59.1800 -69.4700  2
  59.1300 -69.1700  2
  58.9000 -69.6700  2
  59.0000 -69.9700  2
  58.5400 -70.6100  2
  58.6400 -69.6000  2
  58.9300 -68.7000  2
  58.5200 -68.2900  2
  57.8800 -69.0500  2
  58.1400 -68.1500  2
  58.5900 -67.9200  2
  58.1800 -67.6700  2
  71.9600-125.9500  3
  73.0000-124.6200  2
  73.8800-123.9700  2
  74.4200-124.6500  2
  74.5500-121.0100  2
  74.2400-119.7000  2
  74.0600-119.7700  2
  74.2300-119.4400  2
  74.2200-119.1700  2
  74.0000-119.1700  3
  74.0200-118.9900  2
  74.2100-118.8600  2
  74.3200-118.2400  2
  74.1700-117.2900  2
  73.5800-115.2700  2
  72.6800-119.1500  2
  72.3600-119.3000  2
  72.3000-120.0800  2
  71.5500-120.7500  2
  71.1700-123.2000  2
  71.7700-124.1900  2
  71.9500-125.8900  2
  73.3800-114.6100  3
  72.5000-118.5000  2
  72.2500-118.1000  2
  71.6800-118.8800  2
  71.6400-118.3000  2
  71.6900-117.8700  2
  71.5500-117.8400  2
  71.3800-118.2000  2
  71.5600-115.4800  2
  71.4300-116.0700  2
  71.3900-115.6000  2
  71.0800-118.1800  2
  70.6100-116.8800  2
  70.6500-113.3400  2
  70.3900-112.0400  2
  70.2600-112.5600  2
  70.0400-117.3200  2
  69.3300-115.9300  2
  69.1600-113.6800  2
  68.8800-113.5700  2
  68.5000-113.1600  2
  68.6500-110.2400  2
  68.9800-108.5900  2
  69.0200-107.4100  2
  69.2300-106.8500  2
  69.4200-106.9700  2
  69.5400-106.3900  2
  69.2200-106.3100  2
  69.1500-105.0300  2
  68.9600-105.2300  2
  68.9300-104.5300  2
  68.9700-104.3300  2
  68.8000-103.3200  2
  68.9400-102.3400  2
  69.1700-101.5100  2
  69.4600-101.9600  2
  69.5200-102.5100  2
  69.3200-103.1600  2
  69.5800-103.1000  2
  69.5600-102.6100  2
  69.7500-102.6400  2
  69.9500-102.1000  2
  69.7200-101.6200  2
  69.9900-101.3700  2
  69.6800-100.9900  2
  70.2200-100.8700  2
  70.1500-101.4900  2
  70.6100-103.2000  2
  71.1500-104.4900  2
  71.4800-104.4100  2
  72.8100-105.3300  2
  73.2700-106.8600  2
  73.3300-108.0100  2
  72.6400-107.9200  2
  71.9100-107.4100  2
  71.6700-108.0400  2
  71.7800-108.3800  2
  72.5800-108.7200  2
  72.9800-110.3900  2
  72.6900-109.8800  2
  72.5000-110.2100  2
  72.5500-110.7600  2
  72.3300-111.1700  2
  72.4700-111.3400  2
  72.3400-111.9900  2
  72.6400-111.1900  2
  73.0300-113.1000  2
  72.8200-113.6700  2
  72.7200-113.5700  2
  72.6400-114.0100  2
  72.7400-114.0000  2
  72.6100-114.6000  2
  72.6800-114.7100  2
  72.9400-114.0000  2
  73.3500-114.4800  2
  73.7300 -85.0100  2
  73.7400 -87.4800  2
  73.0300 -89.1700  2
  72.1700 -89.6500  2
  71.3700 -89.9600  2
  71.0200 -87.1200  2
  71.0700 -89.3400  2
  70.3600 -88.0200  2
  70.3000 -86.8400  2
  70.4600 -86.5500  2
  70.0200 -86.0300  2
  69.9400 -83.6200  2
  69.8600 -82.1300  2
  69.7700 -80.9500  2
  70.1000 -81.7200  2
  70.0000 -80.0200  2
  69.8800 -79.0300  2
  70.0600 -78.8400  2
  70.3700 -79.4300  2
  70.4400 -79.2700  2
  70.2200 -78.2300  2
  70.2100 -77.6400  2
  69.8100 -77.5500  2
  69.2300 -75.7700  2
  69.1600 -75.6500  2
  69.0300 -76.0800  2
  69.0300 -76.6500  2
  68.7400 -76.5900  2
  68.9800 -75.4300  2
  69.0200 -74.3000  2
  68.8300 -74.8500  2
  68.5800 -74.2700  2
  67.3000 -72.3900  2
  66.3400 -73.9600  2
  65.5600 -73.7000  2
  65.3000 -75.2900  2
  65.4100 -77.1400  2
  64.8500 -78.1000  2
  64.1800 -76.7400  2
  64.5900 -75.4000  2
  64.4700 -74.6900  2
  64.8300 -74.8600  2
  64.6400 -73.6800  2
  63.7400 -72.2400  2
  63.0100 -70.8200  2
  62.7000 -69.3500  2
  62.2800 -68.2200  2
  63.7200 -68.7900  2
  63.4700 -67.7500  2
  65.5900 -67.7500  2
  66.3800 -68.0500  2
  69.1800 -68.5200  2
  69.5300 -68.5800  2
  69.9200 -68.9600  2
  70.1700 -68.5800  2
  70.1500 -69.5800  2
  70.4400 -68.3400  2
  70.7500 -69.5200  2
  70.4500 -70.4200  2
  70.8200 -69.8400  2
  70.5300 -70.8800  2
  71.0400 -70.3400  2
  71.0500 -71.9000  2
  71.2400 -71.0600  2
  71.6300 -72.3100  2
  71.5700 -73.2000  2
  71.2900 -73.2600  2
  71.3300 -73.5500  2
  71.5700 -73.6500  2
  71.4400 -74.1000  2
  71.8100 -73.5400  2
  71.7600 -74.2200  2
  71.5600 -74.8500  2
  71.7000 -74.9000  2
  71.8800 -74.3200  2
  72.0600 -74.3200  2
  72.0800 -75.1800  2
  72.3700 -75.1300  2
  72.5300 -75.3700  2
  72.7300 -77.2500  2
  72.5700 -78.4100  2
  72.4300 -78.5900  2
  72.3600 -78.3100  2
  72.3500 -78.8300  2
  72.2600 -79.1600  2
  72.3800 -79.4300  2
  72.3200 -79.8000  2
  72.4800 -79.8700  2
  72.2200 -80.1700  2
  71.8900 -80.8500  2
  72.1200 -81.1200  2
  72.0900 -80.7000  2
  72.1600 -80.7200  2
  72.1800 -80.9800  2
  72.7800 -80.3200  2
  72.9600 -80.9000  2
  73.0600 -80.7200  2
  73.1700 -81.3100  2
  73.3300 -81.2700  2
  73.6700 -81.6000  2
  73.7000 -82.8600  2
  73.5200 -83.8700  2
  73.3300 -83.6100  2
  73.4400 -84.4200  2
  73.4400 -84.4200  2
  73.2500 -84.4800  2
  73.3200 -85.0000  2
  73.2000 -84.9800  2
  73.0600 -83.8800  2
  73.0100 -84.0000  2
  73.1100 -85.2000  2
  73.0500 -85.5600  2
  72.7500 -84.2700  3
  72.9100 -85.8000  2
  72.4700 -85.5000  2
  71.9900 -85.9200  2
  71.6900 -85.4000  2
  71.5500 -84.5300  2
  70.9300 -84.9000  2
  71.1500 -85.1400  2
  71.0400 -86.6200  2
  71.3400 -85.1200  2
  72.0500 -86.5400  2
  72.3800 -86.3200  2
  72.8500 -86.7000  2
  73.7100 -84.9900  2
  73.8000 -86.3400  2
  73.6300 -87.9000  2
  73.1900 -88.9600  2
  72.6900 -89.7300  2
  72.2900 -89.9300  2
  71.6400 -90.0500  2
  71.3400 -89.5800  2
  71.0300 -87.3800  2
  70.9100 -87.6000  2
  71.0800 -89.0900  2
  71.0500 -89.3400  2
  76.4800-115.6100  3
  76.3000-116.0500  2
  76.1900-114.7700  2
  76.2200-116.4500  2
  75.8800-116.7500  2
  75.9500-114.8700  2
  75.8100-116.9800  2
  75.6400-117.3300  2
  75.7700-115.2000  2
  75.5200-117.1800  2
  75.2800-117.5300  2
  75.1700-116.7100  2
  75.2900-116.3800  2
  75.0300-115.7000  2
  75.2400-115.2100  2
  75.0400-114.9600  2
  75.1700-114.3900  2
  75.3600-114.5000  2
  75.2700-114.2800  2
  75.4700-113.6200  2
  75.1000-114.0100  2
  75.1500-113.0000  2
  75.3200-111.0700  2
  75.0300-111.8800  2
  75.0700-111.9500  2
  75.0000-113.2200  2
  74.8700-113.4600  2
  74.7200-114.5100  2
  74.5000-113.1300  2
  74.5700-111.8100  2
  74.7000-110.8700  2
  74.8400-110.6100  2
  75.1100-108.7300  2
  75.0000-108.3600  2
  75.1500-107.7800  2
  74.9900-107.1000  2
  75.2500-105.8400  2
  75.6200-105.5400  2
  75.8700-105.5600  2
  76.0800-106.5300  2
  75.7600-106.8500  2
  75.9500-107.4000  2
  75.8300-107.9400  2
  75.9800-107.7100  2
  76.0800-107.8500  2
  76.1000-108.5600  2
  76.2400-108.2600  2
  76.5500-108.5000  2
  76.8000-108.6200  2
  76.8300-109.2300  2
  76.5900-109.7000  2
  76.4600-110.2900  2
  76.2500-109.7100  2
  76.0600-109.4400  2
  75.9300-109.8300  2
  75.6500-108.9800  2
  75.5200-109.2300  2
  75.6000-110.4900  2
  75.6600-111.4400  2
  75.9200-111.6200  2
  75.8700-112.3300  2
  75.9700-111.7800  2
  76.2000-112.6400  2
  76.2700-113.3200  2
  76.2600-114.1900  2
  76.4800-114.4000  2
  76.5500-115.0100  2
  76.4800-115.5600  2
  76.3200-116.0400  2
  99.0000   0.0000  3
 92X 300 101 200 200.00   0.00 MA 000   7
  26.0500 -77.1200  3
  26.7700 -76.9300  2
  27.3100 -76.8800  2
  28.1900 -76.9700  2
  29.1800 -77.1100  2
  29.8400 -77.1100  2
  30.2900 -77.0600  2
  30.8100 -77.2500  2
  31.1400 -77.4800  2
  31.6200 -77.3400  2
  32.6500 -76.7700  2
  33.6400 -76.0600  2
  34.5700 -75.6800  2
  35.4600 -75.1100  2
  36.0700 -74.9700  2
  36.3000 -74.8700  2
  36.7100 -74.7800  2
  36.7900 -74.7300  2
  37.2800 -74.5900  2
  37.5400 -74.6300  2
  37.8000 -74.4900  2
  38.0600 -74.2600  2
  38.5000 -73.8800  2
  38.6900 -73.6900  2
  38.9800 -73.1200  2
  39.2300 -72.6000  2
  39.5600 -72.0400  2
  39.7400 -71.6600  2
  39.8800 -71.1400  2
  39.8500 -70.7200  2
  39.9200 -70.0600  2
  39.9500 -69.3500  2
  40.0600 -68.8300  2
  40.1300 -68.5000  2
  40.2800 -68.1300  2
  40.4900 -67.6100  2
  40.8500 -67.0900  2
  41.1300 -66.7100  2
  41.6200 -66.2400  2
  42.0100 -65.8100  2
  42.2900 -65.3400  2
  42.5300 -64.7300  2
  42.6000 -64.3500  2
  42.7000 -63.7400  2
  42.7000 -63.2700  2
  42.8000 -62.8900  2
  43.0800 -61.7600  2
  43.2500 -61.1500  2
  43.3800 -60.6700  2
  43.5500 -60.3000  2
  43.7200 -59.6800  2
  43.8600 -59.2100  2
  44.0600 -58.4100  2
  44.2300 -57.8900  2
  44.4000 -57.5200  2
  44.6000 -57.0900  2
  44.7300 -56.4800  2
  44.8300 -56.0500  2
  44.8600 -55.7700  2
  44.9300 -55.3500  2
  45.0300 -55.0600  2
  44.9900 -55.3500  3
  44.9900 -55.1100  2
  44.9300 -54.7800  2
  44.8300 -54.4100  2
  44.5900 -53.9800  2
  44.3500 -53.8400  2
  44.0500 -53.6500  2
  43.7400 -53.5100  2
  43.4000 -53.3700  2
  43.2300 -53.2300  2
  42.8900 -53.0000  2
  42.5400 -52.7200  2
  42.2300 -52.3400  2
  42.0200 -52.0100  2
  41.8100 -51.5000  2
  41.7300 -51.2100  2
  41.5900 -50.8400  2
  41.5200 -50.6000  2
  41.4900 -50.3700  2
  44.9600 -54.5500  3
  44.8200 -54.0300  2
  44.6900 -53.6500  2
  44.3900 -53.1400  2
  44.1800 -52.9000  2
  44.0500 -52.7600  2
  43.8100 -52.5700  2
  43.6100 -52.4300  2
  43.3300 -52.1500  2
  43.0900 -51.9200  2
  42.8200 -51.5900  2
  42.5400 -51.2600  2
  42.2900 -50.9300  2
  42.0500 -50.5100  2
  41.8400 -50.1300  2
  41.5900 -49.7500  2
  26.3500 -76.6500  3
  26.8900 -76.3600  2
  27.3100 -76.1700  2
  27.9800 -75.9800  2
  28.3100 -75.9400  2
  28.6800 -75.8400  2
  29.4200 -75.4100  2
  29.9100 -75.4100  2
  30.4000 -75.4100  2
  31.0900 -75.4100  2
  31.6100 -75.3100  2
  32.1300 -75.3600  2
  32.4100 -75.4500  2
  32.6900 -75.6400  2
  32.9300 -75.8300  2
  33.2100 -75.9700  2
  33.3600 -76.1100  2
  42.2200 -51.1200  3
  42.4000 -50.8300  2
  42.6800 -50.6000  2
  42.7800 -50.5000  2
  42.9200 -49.9900  2
  42.8800 -49.5100  2
  42.8100 -49.3300  2
  42.6400 -48.9500  2
  42.2900 -48.2900  3
  42.1500 -48.0100  2
  42.2500 -47.7300  2
  42.4600 -47.4900  2
  42.9500 -47.3900  2
  43.3600 -47.2500  2
  43.5600 -47.1100  2
  43.7700 -47.0200  2
  43.7300 -46.4500  2
  43.5900 -45.7400  2
  43.8700 -45.4600  2
  44.2400 -45.5100  2
  44.4700 -45.4600  2
  44.9100 -45.3600  2
  45.2700 -45.6400  2
  45.4100 -46.0200  2
  45.7400 -46.1600  2
  46.1000 -45.9700  2
  46.2900 -45.5000  2
  46.4200 -44.9300  2
  46.5500 -44.2700  2
  46.7400 -43.6100  2
  46.7800 -43.5700  2
  46.9000 -43.4200  2
  47.1600 -43.2800  2
  47.5400 -43.2300  2
  47.8900 -43.5600  2
  48.1800 -43.8400  2
  48.5500 -44.2700  2
  48.8600 -44.6400  2
  49.1700 -45.0200  2
  49.3600 -45.2500  2
  49.5400 -45.5800  2
  49.6300 -45.8200  2
  49.7900 -46.3300  2
  49.8200 -46.5700  2
  49.9100 -46.9000  2
  50.0000 -47.2300  2
  50.1200 -47.6500  2
  50.2100 -48.0300  2
  50.3300 -48.2100  2
  50.5200 -48.4500  2
  50.6400 -48.5900  2
  50.8100 -48.8200  2
  50.9000 -48.9200  2
  51.0800 -49.1500  2
  51.3500 -49.4800  2
  51.4400 -49.5800  2
  51.5500 -49.6200  2
  51.7900 -50.0000  2
  51.9900 -50.3700  2
  52.2200 -50.4200  2
  52.4500 -50.6100  2
  52.7100 -50.9400  2
  53.1400 -51.4100  2
  53.4200 -51.9700  2
  53.6500 -52.4900  2
  54.1200 -53.1400  2
  54.2600 -53.2800  2
  54.6100 -53.3800  2
  54.8900 -53.7100  2
  55.0500 -54.2200  2
  55.2100 -55.2100  2
  55.2700 -55.6300  2
  55.4800 -56.4800  2
  55.6900 -57.0500  2
  55.9900 -57.3700  2
  56.3500 -57.7500  2
  56.6700 -58.0800  2
  56.9500 -58.3100  2
  57.2300 -58.8300  2
  57.5600 -59.2000  2
  58.0100 -59.4400  2
  58.4100 -59.4800  2
  58.7100 -59.7200  2
  59.0000 -60.0000  2
  59.2200 -60.2300  2
  59.4800 -60.5100  2
  59.7000 -60.7500  2
  59.7000 -60.7000  3
  60.0500 -60.9800  2
  60.3800 -61.2100  2
  60.6800 -61.4900  2
  60.9600 -61.1600  2
  61.1800 -60.6900  2
  61.7900 -60.3600  2
  62.1400 -60.5400  2
  62.4700 -60.8300  2
  62.8200 -60.8700  2
  63.1400 -60.6300  2
  63.5200 -60.4400  2
  63.7100 -60.3500  2
  63.9000 -60.3000  2
  64.0400 -60.2000  2
  50.6700 -48.9200  3
  50.6100 -49.1600  2
  50.4600 -49.3000  2
  50.1900 -49.4900  2
  49.9100 -49.5800  2
  49.6400 -49.6300  2
  49.3000 -49.6300  2
  48.9000 -49.3500  2
  48.6500 -48.7400  2
  48.5600 -48.2200  2
  48.5300 -47.6600  2
  48.5300 -47.3700  2
  48.7400 -46.5300  2
  48.8700 -46.1500  2
  49.2100 -45.6300  2
  49.3900 -45.2000  2
  49.3900 -44.9700  3
  99.0000   0.0000  3
 92X  58 101  45 200.00   0.00 MA 021   4
  31.2900 -77.5300  3
  31.2900 -77.4900  3
  31.3900 -77.4600  2
  31.7000 -77.0200  2
  32.1700 -76.6300  2
  32.7400 -76.2000  2
  33.1700 -75.8500  2
  33.8600 -75.4600  2
  34.5200 -75.0300  2
  35.1000 -74.8800  2
  35.4300 -74.7600  2
  35.9100 -74.5700  2
  36.6100 -74.4200  2
  36.9300 -74.3400  2
  37.4300 -74.1100  2
  37.7500 -73.9500  2
  38.4600 -73.6000  2
  38.6800 -73.4500  2
  38.9600 -73.2100  2
  39.2000 -72.9000  2
  39.3300 -72.5800  2
  39.5100 -71.8400  2
  39.5500 -71.6000  2
  39.6100 -71.2800  2
  39.6700 -70.8100  2
  39.6400 -70.4500  2
  39.7100 -69.7800  2
  39.7400 -69.4300  2
  39.7400 -69.0700  2
  39.8000 -68.6800  2
  39.9000 -68.4000  2
  39.9600 -68.0900  2
  40.0200 -67.7700  2
  40.0800 -67.5000  2
  40.3300 -66.9100  3
  40.3900 -66.7500  2
  40.5100 -66.5500  2
  40.6600 -66.4000  2
  40.8100 -66.0800  2
  40.9000 -65.8900  2
  41.0800 -65.6900  2
  41.2600 -65.4100  2
  41.3800 -65.2600  2
  41.5000 -65.0600  2
  42.2700  22.3800  3
  99.0000   0.0000  3
 1XX 500 101  45 140.00   0.00 MA 000   4
  23.1500 -97.4500  3
  23.2900 -97.3100  2
  23.4100 -97.2100  2
  23.6000 -97.0800  2
  23.7300 -96.9600  2
  23.8900 -96.8100  2
  24.0600 -96.6500  2
  24.2000 -96.5100  2
  24.4100 -96.3200  2
  24.6200 -96.1400  2
  24.8600 -95.9500  2
  25.0900 -95.7500  2
  25.3000 -95.5700  2
  25.4800 -95.4200  2
  25.7400 -95.1800  2
  25.9900 -94.9400  2
  26.2000 -94.6500  2
  26.3000 -94.4200  2
  26.4100 -94.0000  2
  26.5100 -93.5900  2
  26.5500 -93.2700  2
  26.6500 -92.8300  2
  26.7200 -92.3200  2
  26.7700 -91.8500  2
  26.8200 -91.2900  2
  26.9200 -90.9100  2
  27.1100 -90.4800  2
  27.2600 -90.1500  2
  27.4500 -89.7200  2
  27.5900 -89.3200  2
  27.6500 -88.9000  2
  27.6100 -88.5700  2
  27.5200 -88.2200  2
  27.3300 -87.7500  2
  27.1800 -87.5300  2
  27.0500 -87.2900  2
  26.9100 -87.0200  2
  26.7200 -86.6800  2
  26.6700 -86.6400  2
  26.3900 -86.4300  2
  26.2000 -86.2900  2
  25.9400 -86.1600  2
  25.7800 -86.1000  2
  25.6400 -86.0500  2
  25.6300 -86.0500  3
  99.0000   0.0000  3
 1XX 501 101  39 170.00   0.00 MA 000   4
  24.9800 -98.2800  3
  25.1500 -98.0800  2
  25.3900 -97.8600  2
  25.5900 -97.6800  2
  25.7900 -97.4900  2
  26.0000 -97.3600  2
  26.1800 -97.2400  2
  26.4300 -97.0500  2
  26.5800 -96.9500  2
  26.9300 -96.6900  2
  27.1900 -96.4500  2
  27.3700 -96.2700  2
  27.6700 -95.9700  2
  27.8700 -95.7200  2
  28.0300 -95.4900  2
  28.3000 -95.0800  2
  28.4800 -94.7900  2
  28.6300 -94.5500  2
  28.8200 -94.2700  2
  29.0000 -94.0600  2
  29.1500 -93.8600  2
  29.2800 -93.6500  2
  29.4800 -93.3000  2
  29.6400 -92.9700  2
  29.7400 -92.5900  2
  29.8000 -92.2900  2
  29.8700 -91.8900  2
  29.8800 -91.5800  2
  29.8900 -91.3300  2
  29.9100 -91.0100  2
  29.9200 -90.7700  2
  29.9400 -90.5000  2
  29.9600 -90.1400  2
  29.9500 -89.8000  2
  29.9300 -89.4300  2
  29.8500 -89.0300  2
  29.8100 -88.7200  2
  29.7900 -88.5800  2
  32.1400 -84.6500  3
  99.0000   0.0000  3
 1XX 503 101  90 180.00   0.00 MA 000   4
  42.0900 -49.9100  3
  42.2400 -50.0800  2
  42.4000 -50.3900  2
  42.5900 -50.7900  2
  42.7700 -51.1200  2
  42.9200 -51.6000  2
  43.0900 -52.0500  2
  43.3200 -52.3500  2
  43.5300 -52.7100  2
  43.7500 -53.0700  2
  44.0100 -53.4700  2
  44.2200 -53.8000  2
  44.4600 -54.2500  2
  44.6700 -54.5900  2
  44.7600 -54.9100  2
  44.6800 -55.2800  2
  44.5600 -55.6400  2
  44.3700 -56.3900  2
  44.2000 -56.8200  2
  44.0200 -57.3000  2
  43.8700 -57.8700  2
  43.6400 -58.6200  2
  43.4600 -59.2100  2
  43.2400 -59.8600  2
  42.9300 -60.0800  2
  42.7300 -60.4900  2
  42.5100 -61.0200  2
  42.3000 -61.5000  2
  42.1100 -61.9600  2
  41.9900 -62.4000  2
  42.0200 -62.8800  2
  42.1100 -63.3200  2
  42.0400 -63.7600  2
  41.8300 -64.3400  2
  41.5600 -64.9000  2
  41.3800 -65.3100  2
  41.0400 -65.9000  2
  40.7300 -66.3400  2
  40.4300 -66.7400  2
  40.1600 -67.0800  2
  39.9300 -67.4600  2
  39.7600 -67.8300  2
  39.6300 -68.3400  2
  39.6200 -68.8600  2
  39.5600 -69.3400  2
  39.5000 -69.9300  2
  39.4600 -70.5100  2
  39.4100 -71.0900  2
  39.3600 -71.7400  2
  39.2200 -72.5200  2
  39.0600 -72.8900  2
  38.8600 -73.2400  2
  38.5900 -73.5400  2
  38.1900 -73.8000  2
  37.9100 -73.9400  2
  37.6100 -74.1500  2
  37.2300 -74.3500  2
  36.6000 -74.5400  2
  36.1700 -74.6200  2
  35.7700 -74.6500  2
  35.2900 -74.7300  2
  34.6900 -74.9300  2
  34.1600 -75.2100  2
  33.6400 -75.6700  2
  33.1000 -75.9200  2
  32.8000 -76.1100  2
  32.4500 -76.3700  2
  31.9300 -76.7800  2
  31.6700 -77.0300  2
  31.4900 -77.2300  2
  31.3100 -77.5700  2
  31.2500 -77.7500  2
  31.5800 -76.9800  3
  31.3000 -77.1100  2
  30.9500 -77.2000  2
  30.5900 -77.1500  2
  30.3300 -76.9200  2
  30.1300 -76.7000  2
  29.9600 -76.5200  2
  29.5700 -76.6700  2
  29.1800 -76.7400  2
  28.7100 -76.8000  2
  28.2800 -76.6800  2
  27.8300 -76.6000  2
  27.3600 -76.5600  2
  26.8800 -76.6600  2
  26.2900 -76.8500  2
  25.9000 -76.9700  2
  25.8100 -77.0100  2
  25.7900 -77.0100  3
  99.0000   0.0000  3
 1XX 504 101  41 200.00   0.00 SS 000   4
  32.2800-114.8900  3
  32.1500-114.6900  2
  32.0100-114.4400  2
  31.8900-114.1500  2
  31.7700-113.8900  2
  31.4900-113.4200  2
  31.2300-113.0000  2
  31.0700-112.6600  2
  30.9500-112.3900  2
  30.6400-111.8100  2
  30.4100-111.4900  2
  30.1000-110.9900  2
  29.7200-110.3600  2
  29.3800-109.9800  2
  29.1400-109.6300  2
  28.9100-109.2100  2
  28.6300-108.7900  2
  28.2800-108.2400  2
  28.0400-107.8800  2
  27.7400-107.3600  2
  27.4200-106.7800  2
  27.0500-106.2000  2
  26.6500-105.5400  2
  26.4100-105.1700  2
  26.0400-104.4200  2
  25.8100-103.9600  2
  25.6900-103.4700  2
  25.5800-103.2800  2
  25.3800-102.8700  3
  25.3000-102.6300  2
  25.1800-102.2000  3
  25.1100-102.0200  2
  25.0100-101.6200  3
  24.9400-101.4000  2
  24.8600-101.0500  3
  24.7900-100.8500  2
  24.7200-100.5500  3
  24.6000-100.2500  2
  24.4300 -99.8800  3
  24.3800 -99.7100  2
  24.3400 -99.4200  3
  29.5900-110.1900  3
  29.7300-110.0700  2
  29.8800-110.0600  3
  29.6600-109.8800  2
  29.6600-110.0800  3
  29.8500-109.9000  2
  31.0100 -88.1800  3
  30.8800 -87.9500  2
  30.7100 -87.6300  2
  30.5500 -87.2400  2
  30.3700 -86.8400  2
  30.1600 -86.5200  2
  29.9500 -86.1400  2
  29.6500 -85.7800  2
  29.3600 -85.4400  2
  29.1000 -85.0100  2
  28.9300 -84.5300  2
  28.7300 -83.9800  2
  28.5800 -83.4300  2
  28.4400 -82.9300  2
  28.2700 -82.4300  2
  28.0300 -82.1200  2
  27.7900 -81.7500  2
  27.4200 -81.2100  2
  27.0600 -80.6900  2
  26.9100 -80.3100  2
  26.8100 -79.8400  2
  26.7200 -79.5400  2
  26.6000 -79.1800  2
  26.4500 -78.7800  2
  26.2600 -78.2200  2
  26.0500 -77.7000  2
  25.8600 -77.2300  2
  25.6800 -76.8100  2
  25.5500 -76.5300  2
  26.8100 -79.8100  3
  26.8800 -79.7900  2
  26.9100 -79.7800  2
  26.9700 -79.7700  2
  27.1800 -79.8000  3
  26.9700 -79.7000  2
  26.9700 -79.8600  3
  27.1400 -79.6800  2
  27.1400 -79.6800  3
  99.0000   0.0000  3
 1XX 999 101 200 580.00   0.00 GR 000   7
  70.0700-130.9200  3
  70.0600-130.0500  2
  70.0800-129.1800  2
  70.4300-130.0200  3
  70.0900-130.0200  2
  69.7700-130.0200  2
  70.1000-125.8000  3
  70.0600-125.0100  2
  70.0600-123.9300  2
  70.4100-125.0900  3
  70.0800-125.0100  2
  69.5700-125.0700  2
  70.0800-120.7800  3
  70.0700-120.0000  2
  70.0700-118.9100  2
  70.6500-119.9900  3
  70.0800-119.9700  2
  69.5700-120.0000  2
  70.0900-115.8200  3
  70.0900-115.0900  2
  70.0900-114.1400  2
  70.5900-115.1400  3
  70.0800-115.1200  2
  69.6500-115.0400  2
  70.0600-110.7500  3
  70.0800-110.0500  2
  70.0600-108.9400  2
  70.6900-110.1000  3
  70.0700-110.0500  2
  69.6400-110.1000  2
  70.0900-105.9000  3
  70.1100-105.0100  2
  70.1100-103.8400  2
  70.6700-105.0100  3
  70.0700-104.9500  2
  69.4000-104.9500  2
  70.0800-100.7000  3
  70.0700 -99.9900  2
  70.0600 -99.0700  2
  70.6600 -99.9900  3
  70.0600 -99.9900  2
  69.5500 -99.9900  2
  70.0500 -95.6800  3
  70.0500 -95.0100  2
  70.0700 -94.0300  2
  70.5800 -94.9800  3
  70.0700 -94.9800  2
  69.5100 -94.9800  2
  70.0600 -90.7800  3
  70.0500 -89.9600  2
  70.0600 -88.9900  2
  70.5500 -90.0200  3
  70.0500 -89.9900  2
  69.5100 -89.9700  2
  70.1100 -85.7600  3
  70.0900 -84.9000  2
  70.0800 -83.6200  2
  70.6700 -85.0000  3
  70.0900 -84.9800  2
  69.5300 -85.0100  2
  70.0800 -80.7500  3
  70.0800 -80.0400  2
  70.1000 -78.7200  2
  70.7600 -80.0700  3
  70.0900 -80.0200  2
  69.4200 -79.9400  2
  70.0900 -75.7300  3
  70.0900 -75.0300  2
  70.0800 -74.0300  2
  70.7900 -75.0800  3
  70.1000 -75.0300  2
  69.3800 -75.0300  2
  70.0800 -70.6400  3
  70.0800 -69.9600  2
  70.0800 -69.0700  2
  70.6200 -70.0400  3
  70.0900 -70.1200  2
  69.5700 -69.9900  2
  65.0300 -65.8300  3
  65.0700 -65.0200  2
  65.1200 -63.9300  2
  65.6200 -64.9300  3
  65.0600 -65.0400  2
  64.3700 -64.9100  2
  65.0500 -70.6800  3
  65.0600 -69.9800  2
  65.0900 -69.1600  2
  65.4600 -70.1100  3
  65.0800 -69.9200  2
  64.4800 -69.8700  2
  65.0500 -75.6400  3
  65.1100 -75.0700  2
  65.0800 -74.1200  2
  65.5900 -75.0200  3
  65.0400 -74.9600  2
  64.3900 -74.8800  2
  65.0800 -80.9500  3
  65.0400 -79.9800  2
  65.0400 -79.0600  2
  65.5600 -80.0000  3
  65.0500 -79.9800  2
  64.4600 -80.0600  2
  65.0800 -85.7800  3
  65.0500 -84.9600  2
  65.0900 -83.8800  2
  65.7400 -85.0200  3
  65.0400 -85.0200  2
  64.3600 -85.0500  2
  65.0700 -90.8700  3
  65.0700 -90.0300  2
  65.0400 -89.0800  2
  65.7900 -90.0600  3
  65.0900 -90.0600  2
  64.2400 -90.0600  2
  65.0500 -96.2100  3
  65.0400 -94.9900  2
  65.0400 -94.0200  2
  65.5100 -94.9600  3
  65.0500 -94.9700  2
  64.4000 -95.1000  2
  65.1000-100.8200  3
  65.0400-100.0300  2
  65.0500 -98.9000  2
  65.5500-100.0600  3
  65.0700-100.0900  2
  64.3800-100.0100  2
  65.0500-106.0500  3
  65.0500-105.0700  2
  65.0500-104.1000  2
  65.6200-105.0700  3
  65.0600-105.0500  2
  64.5600-105.0200  2
  65.0700-110.8200  3
  65.0500-110.1700  2
  65.0600-108.9000  2
  65.5500-110.0900  3
  65.0500-110.0900  2
  64.5300-110.1200  2
  65.0700-115.8100  3
  65.0700-115.1300  2
  65.0700-114.2600  2
  65.5500-115.0700  3
  65.1100-115.0500  2
  64.5800-115.1000  2
  65.0700-120.8200  3
  65.0700-120.0400  2
  65.0700-119.1100  2
  65.6600-120.0300  3
  65.0500-120.0600  2
  64.4900-120.0600  2
  65.0600-126.1100  3
  65.0300-125.1000  2
  65.0500-124.0500  2
  65.6000-125.1000  3
  65.0400-125.0500  2
  64.5300-125.0500  2
  60.0100-125.7700  3
  60.0400-125.0600  2
  60.0100-124.1700  2
  60.7700-124.9800  3
  60.0100-125.0300  2
  59.1500-125.0900  2
  60.0400-120.7300  3
  60.0500-120.0500  2
  60.0500-118.9400  2
  60.7300-119.9900  3
  60.0600-120.0200  2
  59.2800-119.9700  2
  60.0200-115.6600  3
  60.0100-115.0300  2
  59.9900-114.3000  2
  60.8100-115.0000  3
  59.9900-115.0600  2
  59.3900-115.1200  2
  60.0400-110.5300  3
  60.0300-110.0500  2
  60.0200-108.8300  2
  60.7300-110.0200  3
  60.0200-110.1000  2
  59.1500-110.0800  2
  60.0000-105.4400  3
  60.0100-104.9800  2
  60.0000-104.1600  2
  60.7600-104.9500  3
  60.0000-105.0000  2
  59.1900-105.0100  2
  59.9600-100.5900  3
  59.9900-100.0400  2
  60.0000 -99.1000  2
  60.5900 -99.9600  3
  60.0000-100.0400  2
  59.2400-100.0200  2
  59.9700 -95.6000  3
  60.0200 -94.9800  2
  60.0400 -94.0500  2
  60.7100 -95.0300  3
  59.9800 -95.0300  2
  59.1900 -95.0600  2
  60.0100 -90.8000  3
  59.9900 -89.9600  2
  59.9700 -89.1000  2
  60.5300 -89.9600  3
  60.0200 -89.9900  2
  59.3500 -89.9400  2
  60.0300 -85.4100  3
  60.0300 -85.0300  2
  60.0200 -84.2700  2
  60.8300 -85.0000  3
  60.0500 -85.0000  2
  59.2900 -84.9800  2
  60.0400 -80.5300  3
  60.0700 -79.9600  2
  60.0800 -79.0100  2
  60.7900 -80.0100  3
  60.0200 -80.0400  2
  59.3200 -79.9900  2
  60.0000 -75.5700  3
  60.0000 -75.0000  2
  60.0500 -74.2400  2
  60.6800 -74.9700  3
  60.0300 -74.9700  2
  59.3800 -74.9800  2
  59.9700 -70.6100  3
  59.9800 -69.9600  2
  60.0100 -69.2600  2
  60.8100 -69.9300  3
  60.0200 -69.9100  2
  59.3100 -69.9100  2
  59.9800 -65.6200  3
  59.9500 -65.0000  2
  59.9800 -64.2700  2
  60.7600 -64.9400  3
  60.0100 -65.0000  2
  59.1800 -64.9700  2
  55.0800 -60.5400  3
  55.0700 -60.0000  2
  55.1300 -59.2100  2
  55.7300 -59.9100  3
  55.0800 -60.0000  2
  54.4600 -60.0000  2
  55.1000 -65.4700  3
  55.1000 -64.9300  2
  55.0700 -64.1700  2
  55.9000 -64.8700  3
  55.0900 -64.9300  2
  54.2900 -64.9800  2
  55.1000 -70.4300  3
  55.0900 -69.9400  2
  55.0400 -69.2900  2
  55.8300 -69.9400  3
  55.1000 -69.9400  2
  54.2100 -69.9400  2
  55.0900 -75.7400  3
  55.0500 -75.0100  2
  55.1100 -74.2000  2
  55.9800 -75.0100  3
  55.1400 -74.9300  2
  54.2900 -74.9600  2
  55.1600 -80.6500  3
  55.1100 -80.0200  2
  55.0900 -79.3500  2
  55.7400 -79.9400  3
  55.1400 -80.0000  2
  54.4200 -80.0500  2
  55.0800 -85.6400  3
  55.1100 -85.0700  2
  55.1100 -84.1400  2
  55.8000 -84.9600  3
  55.1100 -84.9600  2
  54.3800 -84.9900  2
  55.0500 -90.7000  3
  55.0400 -89.9700  2
  55.0700 -89.1600  2
  55.8700 -90.0000  3
  55.0400 -89.9400  2
  54.3000 -90.0000  2
  55.0300 -95.4500  3
  55.0700 -94.9900  2
  55.0700 -94.2500  2
  55.8300 -94.9000  3
  55.0100 -94.9900  2
  54.3800 -95.0100  2
  55.0300-100.6800  3
  55.0300 -99.9200  2
  55.0400 -99.2400  2
  55.8900-100.0000  3
  55.0300-100.0000  2
  54.3700-100.0800  2
  55.0800-105.6100  3
  55.0900-104.9900  2
  55.0800-104.2300  2
  55.8500-104.9900  3
  55.0600-104.9300  2
  54.4700-105.0400  2
  55.0500-110.6200  3
  55.0700-110.0600  2
  55.0800-109.2400  2
  55.6800-109.9500  3
  55.1000-110.1100  2
  54.4900-110.0800  2
  55.0500-115.6400  3
  55.0500-115.1000  2
  55.0700-114.4200  2
  55.6700-115.1500  3
  55.0700-115.0700  2
  54.4600-115.0700  2
  55.0400-120.6000  3
  55.0600-120.0800  2
  55.0600-119.3500  2
  55.6100-119.9500  3
  55.0600-120.0300  2
  54.2700-120.0300  2
  50.0500-115.5400  3
  50.0300-115.0500  2
  50.0200-114.4300  2
  50.5900-115.0800  3
  50.0300-115.0000  2
  49.4400-115.0300  2
  50.0800-110.5800  3
  50.0600-110.0900  2
  50.0600-109.3900  2
  50.7900-110.0600  3
  50.0800-110.0900  2
  49.5900-110.0700  2
  50.1000-105.4600  3
  50.0800-105.0000  2
  50.1000-104.3500  2
  49.6400-104.9200  3
  50.1000-104.9100  2
  50.6800-104.9700  2
  50.0800-100.3600  3
  50.0600 -99.9800  2
  50.0800 -99.3300  2
  49.5300 -99.9000  3
  50.0400 -99.9300  2
  50.7300 -99.9000  2
  50.0700 -95.3700  3
  50.0700 -94.9900  2
  50.0900 -94.3200  2
  50.7800 -94.9100  3
  50.0400 -94.9100  2
  49.4800 -94.8900  2
  50.0900 -90.4700  3
  50.1200 -90.0600  2
  50.1200 -89.3300  2
  50.6200 -90.0100  3
  50.1200 -89.9800  2
  49.4600 -90.0100  2
  50.0700 -85.4800  3
  50.1200 -84.9900  2
  50.1200 -84.1300  2
  50.6900 -85.0500  3
  50.1200 -85.0200  2
  49.5400 -84.9700  2
  50.1700 -80.5200  3
  50.1800 -80.0100  2
  50.1500 -79.3800  2
  50.7000 -80.0100  3
  50.1700 -79.9800  2
  49.5900 -80.0100  2
  50.1300 -75.6400  3
  50.1100 -74.9600  2
  50.1500 -74.0200  2
  50.9400 -74.9400  3
  50.1500 -74.9600  2
  49.5200 -74.9700  2
  50.1100 -70.3300  3
  50.0700 -69.9200  2
  50.0600 -69.2700  2
  50.7300 -69.8700  3
  50.0700 -69.9000  2
  49.3400 -69.9000  2
  50.0900 -65.2900  3
  50.0900 -64.8600  2
  50.0900 -64.2900  2
  50.5900 -64.9100  3
  50.1000 -64.9100  2
  49.4900 -64.9100  2
  50.0500 -60.4400  3
  50.0500 -59.9500  2
  50.0500 -59.3000  2
  51.0100 -59.9700  3
  50.0700 -59.9800  2
  49.3800 -59.9200  2
  50.0600 -55.2600  3
  50.1000 -54.8800  2
  50.0600 -54.3900  2
  50.5300 -54.9900  3
  50.0800 -54.8500  2
  49.3400 -54.8800  2
  45.0300 -50.4700  3
  45.0200 -49.9800  2
  45.0000 -49.3900  2
  45.6200 -49.9800  3
  45.0300 -49.9800  2
  44.5000 -49.9800  2
  45.0200 -60.5800  3
  45.0000 -60.0400  2
  45.0000 -59.4400  3
  45.5400 -59.9000  3
  45.0400 -59.9300  2
  44.3500 -60.0100  2
  45.0300 -65.4000  3
  45.0100 -65.0000  2
  45.0300 -64.5600  2
  45.5600 -64.9200  3
  45.0500 -64.9700  2
  44.6200 -64.9400  2
  45.0300 -70.4200  3
  45.0100 -70.0700  2
  44.9700 -69.5200  2
  45.4300 -69.9300  3
  45.0300 -69.9600  2
  44.5900 -70.0100  2
  45.0100 -75.4900  3
  45.0100 -75.0500  2
  44.9900 -74.4600  2
  45.6200 -75.0500  3
  45.0500 -75.0500  2
  44.5100 -75.0500  2
  45.0400 -80.5300  3
  45.0600 -80.2000  2
  45.0400 -79.5800  2
  45.4200 -80.0400  3
  45.0600 -80.0400  2
  44.5400 -80.0700  2
  45.0200 -85.4300  3
  45.0200 -85.0000  2
  45.0200 -84.4600  2
  45.5000 -85.0000  3
  44.9800 -85.0000  2
  44.5800 -85.0000  2
  45.0100 -90.5300  3
  45.0100 -90.1000  2
  44.9900 -89.4700  2
  45.3900 -90.1000  3
  45.0100 -90.0700  2
  44.5800 -90.0700  2
  44.9900 -95.5200  3
  44.9900 -95.0800  2
  44.9700 -94.4600  2
  45.5600 -95.0300  3
  45.0300 -95.0600  2
  44.3700 -95.0000  2
  45.0100-100.5300  3
  44.9900-100.0700  2
  44.9700 -99.5000  2
  45.6000-100.1000  3
  44.9800-100.0700  2
  44.4900-100.0700  2
  44.9600-105.5700  3
  45.0000-105.0800  2
  45.0000-104.4900  2
  45.5700-105.0800  3
  45.0200-105.0600  2
  44.5200-105.0600  2
  44.9300-110.4800  3
  44.9200-110.1800  2
  44.9400-109.8600  2
  45.3500-110.1800  3
  44.9600-110.1800  2
  44.3900-110.1500  2
  44.9300-115.5500  3
  44.9500-115.1900  2
  44.9500-114.6500  2
  45.3700-115.1700  3
  44.9900-115.1700  2
  44.5200-115.2000  2
  44.9300-120.5900  3
  44.9500-120.1500  2
  44.9500-119.4500  2
  45.4100-120.0500  3
  44.9900-120.0700  2
  44.4300-120.0700  2
  40.0600-120.4300  3
  40.0800-120.0800  2
  40.0800-119.5700  2
  40.8600-120.0200  3
  40.0600-120.0000  2
  39.1600-120.0000  2
  40.0600-115.5300  3
  40.0800-115.1700  2
  40.0600-114.6300  2
  40.9000-115.1200  3
  40.0800-115.1500  2
  39.4500-115.1500  2
  40.0700-110.4900  3
  40.0900-110.1600  2
  40.0900-109.5900  2
  40.6500-110.0500  3
  40.1600-110.0500  2
  39.6600-110.1100  2
  40.1100-105.6600  3
  40.1100-105.0400  2
  40.1300-104.4400  2
  40.8100-105.0600  3
  40.1500-105.0600  2
  39.1300-105.0100  2
  40.0900-100.4800  3
  40.0600-100.0800  2
  40.0400 -99.4500  2
  40.8900-100.0000  3
  40.0400-100.0000  2
  39.2100-100.0200  2
  40.0400 -95.4400  3
  40.0200 -94.9600  2
  40.0400 -94.1100  2
  40.8700 -94.9800  3
  40.0000 -95.0100  2
  39.1200 -95.0400  2
  40.0400 -90.6200  3
  40.0600 -90.1300  2
  40.0800 -89.4000  2
  40.8400 -90.0500  3
  40.0600 -90.1000  2
  39.3300 -90.0500  2
  40.0300 -85.5000  3
  40.0900 -85.0400  2
  40.0700 -84.3000  2
  40.7100 -84.9800  3
  40.0700 -84.9800  2
  39.2000 -84.9800  2
  40.0500 -80.4800  3
  40.0700 -80.0500  2
  40.0700 -79.4000  2
  40.7100 -80.0500  3
  40.0700 -80.0200  2
  39.4900 -80.0500  2
  40.0200 -75.5800  3
  40.0400 -74.9800  2
  40.0900 -74.2700  2
  40.9300 -75.0100  3
  40.0900 -75.0100  2
  39.4400 -75.0100  2
  35.1600 -80.5400  3
  35.0900 -80.0000  2
  35.1100 -79.3500  2
  36.0800 -80.0000  3
  35.0700 -79.9500  2
  34.1100 -80.0600  2
  35.1400 -85.5800  3
  35.1200 -85.0100  2
  35.0900 -84.2600  2
  35.9300 -84.9600  3
  35.0900 -85.0100  2
  34.3100 -84.9600  2
  35.0800 -90.7300  3
  35.1000 -90.0000  2
  35.0300 -89.3500  2
  35.9400 -90.0000  3
  35.0800 -90.0000  2
  34.3400 -90.0000  2
  35.0800 -95.6400  3
  35.1000 -94.9300  2
  35.0800 -93.9900  2
  36.0100 -94.9900  3
  35.1000 -94.9300  2
  34.1000 -94.9900  2
  35.0000-100.7300  3
  35.0800-100.0600  2
  35.0600 -99.4300  2
  35.7700-100.0600  3
  35.0800-100.0800  2
  34.3900-100.0600  2
  35.0400-105.5000  3
  35.0000-105.0400  2
  35.0000-104.3700  2
  35.6600-104.9900  3
  35.0900-105.0200  2
  34.3300-105.0200  2
  35.0500-110.7400  3
  35.0900-110.1700  2
  35.0300-109.4100  2
  35.8400-110.1400  3
  35.0900-110.1700  2
  34.4000-110.1400  2
  35.0100-115.6100  3
  35.0500-115.1300  2
  35.1200-114.5800  2
  35.7400-115.1000  3
  35.1200-115.1000  2
  34.3400-115.1300  2
  35.1200-120.6800  3
  35.1200-120.0300  2
  35.0800-119.1700  2
  35.9600-120.0600  3
  35.1000-120.0600  2
  34.4800-120.0600  2
  29.9300-110.6600  3
  29.9300-110.0900  2
  29.9300-109.4700  2
  30.4500-110.1700  3
  29.9800-110.1700  2
  29.1300-110.1700  2
  30.0000-105.5700  3
  30.0000-105.1300  2
  30.0200-104.4000  2
  30.6800-105.1000  3
  30.0700-105.0500  3
  29.2900-105.0200  2
  29.9900-100.6100  3
  29.9700-100.0600  2
  29.9900 -99.4700  2
  30.6900-100.0400  3
  30.0200-100.0900  2
  29.2400-100.0600  2
  30.0100 -95.3700  3
  29.9900 -95.0200  2
  29.9600 -94.3200  2
  30.8500 -94.9900  3
  29.9900 -94.9400  2
  29.2600 -94.9400  2
  29.9800 -90.5500  3
  29.9400 -90.1200  2
  29.9600 -89.3600  2
  30.6400 -90.0900  3
  30.0100 -90.0600  2
  29.3000 -90.0600  2
  30.0500 -85.5600  3
  30.0700 -85.0200  2
  30.0500 -84.3700  2
  30.6600 -84.9900  3
  30.0000 -84.9900  2
  29.2700 -84.9700  2
  25.1700 -80.4700  3
  25.1500 -80.0400  2
  25.1700 -79.4700  2
  25.9500 -80.0700  3
  25.1700 -80.0100  2
  24.5100 -80.0900  2
  99.0000   0.0000  3
 10X 300 101 200 600.00   0.00 BS 000   7
  29.9800-109.9300  3
  29.8600-109.7100  2
  29.8100-109.5900  2
  29.7200-109.4400  2
  29.5400-109.1300  2
  29.3700-108.8600  2
  29.1800-108.6100  2
  29.0200-108.3300  2
  28.7900-107.8700  2
  28.5900-107.5800  2
  28.3700-107.2300  2
  28.1800-106.9200  2
  27.9600-106.5600  2
  27.7300-106.1600  2
  27.4600-105.7400  2
  27.2400-105.3700  2
  26.9900-104.9500  2
  26.7400-104.6000  2
  26.5800-104.3000  2
  26.4000-103.9400  2
  26.2500-103.6200  2
  26.1100-103.3400  2
  25.9200-103.0100  2
  25.6900-102.6300  2
  25.4500-102.1900  2
  25.4500-102.0300  2
  25.3300-101.7700  2
  25.2200-101.5200  2
  25.0400-101.0400  2
  24.8900-100.7400  2
  24.7700-100.3400  2
  24.6100 -99.9200  2
  24.4300 -99.4000  2
  24.3300 -98.9900  2
  24.1900 -98.6000  2
  24.0800 -98.2500  2
  24.0100 -98.0700  2
  23.9300 -97.7800  2
  27.0400-104.8600  3
  27.2100-104.8000  2
  27.6500-104.6700  2
  27.9500-104.5600  2
  28.3400-104.3900  2
  28.6400-104.2800  2
  28.9400-104.0800  2
  29.2500-103.9000  2
  29.5000-103.7200  2
  29.7400-103.5600  2
  29.9100-103.4500  2
  30.0700-103.3200  2
  30.1800-103.2200  2
  30.2700-103.1600  2
  30.4000-103.1300  2
  30.4600-103.0300  2
  30.4800-102.8900  2
  30.4700-102.7000  2
  30.4600-102.6000  2
  30.4200-102.6000  2
  30.3700-102.6500  2
  30.2800-102.7000  2
  30.1200-102.7300  2
  29.9600-102.7600  2
  29.8800-102.8300  2
  29.8200-102.9000  2
  29.8200-103.0200  2
  29.8000-103.1500  2
  29.7700-103.2300  2
  29.7900-103.3300  2
  29.7600-103.4200  2
  29.8400-103.4400  2
  29.9000-103.4100  2
  29.9700-103.3800  2
  30.0400-103.3600  2
  30.0800-103.3400  2
  30.4600-102.5800  3
  30.4300-102.4600  2
  30.3600-102.2600  2
  30.2700-102.0800  2
  30.2100-101.9000  2
  30.1600-101.7400  2
  30.1200-101.6000  2
  30.0500-101.5100  2
  29.9700-101.4200  2
  29.9000-101.3700  2
  29.8200-101.3000  2
  29.7800-101.2300  2
  29.7400-101.1300  2
  29.7100-100.9600  2
  29.6800-100.8100  2
  29.6100-100.6400  2
  29.5800-100.5000  2
  29.5400-100.3700  2
  29.5400-100.3000  2
  29.5700-100.1000  2
  29.6000 -99.8300  2
  29.6300 -99.6800  2
  29.6500 -99.4800  2
  29.7000 -99.3100  2
  29.7600 -99.1700  2
  29.8000 -99.0800  2
  29.8500 -98.9200  2
  29.9000 -98.7300  2
  29.9800 -98.5200  2
  30.1200 -98.3500  2
  30.3600 -98.1700  2
  30.4500 -98.1400  2
  30.7000 -97.9600  2
  30.9400 -97.8000  2
  31.1500 -97.6700  2
  31.3100 -97.5600  2
  31.4800 -97.4900  2
  31.6400 -97.3900  2
  31.8100 -97.3100  2
  31.9900 -97.2200  2
  32.1800 -97.1900  2
  32.3300 -97.1300  2
  32.4900 -97.0300  2
  32.6400 -96.9200  2
  32.7900 -96.7900  2
  33.0000 -96.6400  2
  33.2000 -96.5200  2
  33.3700 -96.4200  2
  33.6100 -96.3900  2
  33.7200 -96.4400  2
  33.9000 -96.4100  2
  34.0800 -96.2700  2
  34.2100 -96.1400  2
  34.3600 -95.9800  2
  34.4400 -95.8800  2
  34.5300 -95.7600  2
  34.6200 -95.6200  2
  34.6800 -95.4500  2
  34.7100 -95.2300  2
  34.7200 -95.0200  2
  34.7100 -94.8800  2
  34.6700 -94.6300  2
  34.6700 -94.4600  2
  34.7500 -94.3000  2
  34.8100 -94.1300  2
  34.7600 -93.9700  2
  34.7400 -93.7800  2
  34.7500 -93.5400  2
  34.8000 -93.2900  2
  34.8300 -93.1400  2
  34.8700 -92.9000  2
  34.8900 -92.6200  2
  34.8900 -92.4800  2
  34.8600 -92.3000  2
  34.8200 -92.1400  2
  34.8100 -92.0800  2
  34.7900 -92.0100  2
  34.7500 -92.0900  2
  34.7100 -92.1800  2
  34.6500 -92.2500  2
  34.5200 -92.4000  2
  34.4300 -92.5400  2
  34.3300 -92.6900  2
  34.2600 -92.8000  2
  34.2200 -92.8800  2
  34.2000 -93.0100  2
  34.1800 -93.0700  2
  34.1500 -93.2200  2
  34.1500 -93.3600  2
  34.1400 -93.5000  2
  34.1200 -93.5900  2
  34.1200 -93.6800  2
  34.1100 -93.8200  2
  34.1000 -94.0400  2
  34.1100 -94.3000  2
  34.0800 -94.4900  2
  34.0700 -94.7900  2
  34.0900 -95.0200  2
  34.1100 -95.2400  2
  34.1500 -95.5000  2
  34.1500 -95.6500  2
  34.1800 -95.8200  2
  34.2000 -95.9600  2
  34.2300 -96.0500  2
  34.2500 -96.0500  2
  34.7700 -92.0100  3
  34.7000 -91.8800  2
  34.6900 -91.8200  2
  34.5400 -91.5600  2
  34.4600 -91.4600  2
  34.3500 -91.3500  2
  34.2600 -91.2300  2
  34.1500 -91.1100  2
  34.0300 -90.9500  2
  33.9500 -90.8100  2
  33.8800 -90.6400  2
  33.7800 -90.4700  2
  33.7200 -90.3300  2
  33.6600 -90.1700  2
  33.5900 -90.0200  2
  33.5100 -89.9300  2
  33.3900 -89.8000  2
  33.2300 -89.6400  2
  33.1300 -89.5400  2
  33.0100 -89.4700  2
  32.9000 -89.4100  2
  99.0000   0.0000  3
 10X 300 101 200 600.00   0.00 BS 000   7
  32.8000 -89.2900  3
  32.7200 -89.2100  2
  32.6100 -88.9800  2
  32.5700 -88.8600  2
  32.5000 -88.7600  2
  32.3900 -88.6500  2
  32.3200 -88.5800  2
  32.2400 -88.5300  2
  32.2100 -88.4500  2
  32.2600 -88.3100  2
  32.3500 -88.2000  2
  32.4300 -88.1100  2
  32.5500 -87.9900  2
  32.6700 -87.9000  2
  32.6800 -87.7400  2
  32.6500 -87.6400  2
  32.6700 -87.5200  2
  32.7900 -87.3300  2
  32.8500 -87.2400  2
  33.0000 -87.0900  2
  33.1200 -87.0000  2
  33.2700 -86.8600  2
  33.3600 -86.7700  2
  33.4900 -86.6300  2
  33.6300 -86.5600  2
  33.7900 -86.4500  2
  33.9100 -86.3200  2
  34.0500 -86.2100  2
  34.1900 -86.0500  2
  34.2900 -85.9500  2
  34.4800 -85.8100  2
  34.5800 -85.6900  2
  34.7800 -85.6000  2
  34.9700 -85.4600  2
  35.0800 -85.3500  2
  35.1700 -85.2600  2
  35.3000 -85.1300  2
  35.4300 -85.0100  2
  35.5800 -84.8600  2
  35.6900 -84.6700  2
  35.8600 -84.5200  2
  35.9500 -84.4300  2
  36.0700 -84.3300  2
  36.1600 -84.0800  2
  36.2900 -83.8300  2
  36.3500 -83.6600  2
  36.4900 -83.4100  2
  36.5900 -83.2700  2
  36.4900 -82.2000  3
  36.4400 -82.2600  2
  36.3000 -82.5000  2
  36.2500 -82.6200  2
  36.1800 -82.7600  2
  36.1100 -82.9100  2
  36.0400 -83.0100  2
  35.9700 -83.1300  2
  35.9400 -83.2400  2
  36.0300 -83.2700  2
  36.0700 -83.3400  2
  35.9900 -83.4600  2
  35.8800 -83.6300  2
  35.7900 -83.8200  2
  35.7300 -83.9500  2
  35.6100 -84.1200  2
  35.5100 -84.3000  2
  35.4200 -84.4300  2
  35.3400 -84.5100  2
  35.2200 -84.6000  2
  35.1300 -84.6400  2
  34.9900 -84.7100  2
  34.9100 -84.7400  2
  34.7800 -84.7600  2
  34.6400 -84.7800  2
  34.5400 -84.7800  2
  34.4300 -84.7900  2
  34.3100 -84.8000  2
  34.2300 -84.9100  2
  34.2000 -85.0900  2
  34.1200 -85.2600  2
  34.0100 -85.4500  2
  33.9100 -85.6200  2
  33.7800 -85.8600  2
  33.7000 -85.9800  2
  33.5400 -86.1500  2
  33.3900 -86.3200  2
  33.2500 -86.4600  2
  33.1200 -86.6100  2
  32.9900 -86.7600  2
  32.8700 -86.9100  2
  32.7800 -87.0200  2
  32.7500 -87.1200  2
  32.6500 -87.2700  2
  32.5400 -87.4800  2
  32.4600 -87.6000  2
  32.3700 -87.7500  2
  32.3000 -87.8500  2
  32.2400 -87.9500  2
  32.1700 -88.0800  2
  32.1000 -88.2200  2
  32.0800 -88.3200  2
  32.0500 -88.4100  2
  32.0200 -88.5000  2
  34.7100 -83.2700  3
  34.7700 -83.3900  2
  34.8000 -83.4900  2
  34.8300 -83.5900  2
  34.7700 -83.7300  2
  34.6500 -83.7600  2
  34.5300 -83.8500  2
  34.4500 -83.9600  2
  34.3600 -84.0600  2
  34.3100 -84.1700  2
  34.3000 -84.2600  2
  34.2800 -84.4400  2
  34.2900 -84.5500  2
  34.2800 -84.7100  2
  34.2200 -84.8200  2
  34.0900 -84.8800  2
  33.9400 -84.9700  2
  33.8900 -85.0900  2
  33.7600 -85.3100  2
  33.6900 -85.4200  2
  33.5200 -85.6400  2
  33.4000 -85.7900  2
  33.3100 -85.9600  2
  33.2100 -86.1000  2
  33.1400 -86.2000  2
  33.0500 -86.2900  2
  32.9500 -86.4200  2
  32.8700 -86.5400  2
  32.7000 -86.7700  2
  32.5700 -86.9400  2
  32.4800 -87.0600  2
  32.3800 -87.2100  2
  32.3300 -87.2900  2
  32.2400 -87.3900  2
  32.1000 -87.5400  2
  32.0100 -87.6600  2
  31.9200 -87.8100  2
  31.8400 -87.8700  2
  31.8100 -87.9000  2
  32.8100 -86.7100  3
  32.7700 -86.6100  2
  32.7000 -86.3700  2
  32.6200 -86.1600  2
  32.5500 -85.9400  2
  32.5000 -85.6600  2
  32.4500 -85.4100  2
  32.4400 -85.2400  2
  32.4500 -85.0400  2
  32.4400 -84.9100  2
  32.4400 -84.8100  2
  32.4900 -84.6200  2
  32.5300 -84.4600  2
  32.6100 -84.2200  2
  32.7100 -84.0500  2
  32.7500 -83.8200  2
  32.8100 -83.6600  2
  32.8800 -83.5000  2
  32.9100 -83.4400  2
  33.0000 -83.2700  2
  33.0700 -83.1100  2
  33.1100 -82.8800  2
  33.1200 -82.7000  2
  33.1300 -82.6200  2
  33.1800 -82.5700  2
  33.2800 -82.4500  2
  33.3000 -82.2100  2
  33.3500 -82.0200  2
  33.4600 -81.8800  2
  33.5200 -81.8800  2
  33.6900 -81.8800  2
  33.7500 -81.8400  2
  33.8300 -81.7700  2
  33.8600 -81.5000  2
  33.9300 -81.2600  2
  33.9400 -81.0900  2
  34.0600 -80.9700  2
  34.1700 -80.8600  2
  34.1500 -80.7000  2
  34.1800 -80.5300  2
  34.2300 -80.4800  2
  34.3200 -80.4100  2
  34.4800 -80.3700  2
  34.6100 -80.3500  2
  34.7000 -80.3000  2
  34.7600 -80.2200  2
  34.8300 -80.1500  2
  34.8800 -80.0900  2
  34.9300 -79.9900  2
  36.4400 -79.8000  3
  36.3500 -79.9500  2
  36.2200 -80.1500  2
  36.0500 -80.3400  2
  35.8800 -80.5500  2
  35.6900 -80.8400  2
  35.5600 -81.0500  2
  35.4100 -81.1900  2
  35.2800 -81.3200  2
  35.1600 -81.4300  2
  99.0000   0.0000  3
 10X 300 101 200 600.00   0.00 BS 000   7
  35.0400 -81.5200  3
  34.8800 -81.6100  2
  34.7600 -81.6600  2
  34.6300 -81.7100  2
  34.4500 -81.8500  2
  34.3900 -81.9500  2
  34.3400 -82.1800  2
  34.2900 -82.3800  2
  34.2100 -82.6200  2
  34.1000 -82.8200  2
  33.9400 -82.9500  2
  33.7700 -83.1000  2
  33.6100 -83.3700  2
  33.5500 -83.5200  2
  33.4200 -83.6900  2
  33.2400 -83.9000  2
  33.1100 -84.1000  2
  32.9700 -84.3500  2
  32.8100 -84.6900  2
  32.7100 -84.9100  2
  32.6200 -85.0600  2
  32.5800 -85.1700  2
  32.5000 -85.3800  2
  32.6200 -85.7200  3
  32.6900 -85.6300  2
  32.9000 -85.3900  2
  33.1400 -85.1300  2
  33.2900 -84.9500  2
  33.4300 -84.7700  2
  33.5800 -84.5600  2
  33.7900 -84.3300  2
  33.9600 -84.0700  2
  34.2200 -83.7900  2
  34.3900 -83.5900  2
  34.5600 -83.4100  2
  34.7700 -83.2000  2
  34.9400 -83.0200  2
  35.0800 -82.8900  2
  35.2100 -82.7400  2
  35.3200 -82.6300  2
  35.4800 -82.4800  2
  35.5800 -82.3600  2
  35.6600 -82.2600  2
  35.7300 -82.1600  2
  35.8500 -81.9900  2
  35.9800 -81.8500  2
  36.0800 -81.7200  2
  36.1600 -81.6200  2
  35.1700-100.3600  3
  35.2100-100.4600  2
  35.3000-100.5800  2
  35.5100-100.4300  2
  35.6300-100.2100  2
  35.6900 -99.9400  2
  35.6400 -99.6100  2
  35.6200 -99.3500  2
  35.5700 -99.1200  2
  35.4900 -98.8900  2
  35.3800 -98.6600  2
  35.2500 -98.4100  2
  35.1900 -98.2700  2
  35.0500 -98.0700  2
  34.9400 -97.9000  2
  34.8900 -97.8300  2
  34.7900 -97.6900  2
  34.6700 -97.5400  2
  34.5200 -97.3900  2
  34.3900 -97.2400  2
  34.2000 -97.0900  2
  34.0800 -96.9700  2
  33.9500 -96.8700  2
  33.8400 -96.8000  2
  33.7300 -96.7700  2
  34.9800-100.7900  3
  34.9600-100.5600  2
  34.9400-100.3300  2
  34.9000-100.1600  2
  34.8500 -99.8600  2
  34.8000 -99.6200  2
  34.7500 -99.3600  2
  34.7100 -99.0800  2
  34.6300 -98.8300  2
  34.6000 -98.5800  2
  34.5400 -98.3600  2
  34.4800 -98.1200  2
  34.3700 -97.9000  2
  34.2400 -97.7300  2
  34.1200 -97.5800  2
  33.9900 -97.4300  2
  33.8900 -97.3200  2
  33.7900 -97.1400  2
  33.7500 -97.0200  2
  33.6700 -96.9000  2
  33.6300 -96.8000  2
  34.5400-100.7000  3
  34.5400-100.6300  2
  34.5300-100.4400  2
  34.4800-100.2400  2
  34.4200-100.0100  2
  34.3600 -99.8400  2
  34.2800 -99.5800  2
  34.2400 -99.4500  2
  34.2000 -99.2700  2
  34.1400 -99.0400  2
  34.0700 -98.8300  2
  33.9800 -98.6400  2
  33.8800 -98.4200  2
  33.8000 -98.2500  2
  33.7100 -98.0000  2
  33.6900 -97.8200  2
  33.6200 -97.6300  2
  33.5700 -97.4600  2
  33.5400 -97.3100  2
  33.5000 -97.1700  2
  33.4800 -97.0700  2
  33.4600 -97.0200  2
  30.5400 -98.5200  3
  30.6400 -98.5200  2
  30.7900 -98.4900  2
  30.9500 -98.4800  2
  31.0500 -98.5400  2
  31.1100 -98.7000  2
  31.1400 -98.8900  2
  31.1200 -99.0800  2
  31.1200 -99.1900  2
  31.0700 -99.2700  2
  30.9400 -99.3500  2
  30.8000 -99.4000  2
  30.7200 -99.3900  2
  30.6800 -99.3300  2
  30.6800 -99.1800  2
  30.6400 -99.0200  2
  30.5800 -98.8400  2
  30.5400 -98.7700  2
  30.5200 -98.6600  2
  30.5300 -98.5800  2
  30.5700 -98.5200  2
  35.0800 -91.9400  3
  35.2000 -91.8000  2
  35.3700 -91.6300  2
  35.6300 -91.3700  2
  35.8400 -91.1200  2
  36.0500 -90.8600  2
  36.1500 -90.7100  2
  36.2700 -90.4900  2
  36.4100 -90.2900  2
  36.5400 -90.0800  2
  36.6700 -89.8900  2
  36.7700 -89.7300  2
  36.9300 -89.4500  2
  37.0900 -89.2100  2
  37.2200 -89.0800  2
  37.3600 -88.8600  2
  37.4300 -88.5700  2
  37.4400 -88.3700  2
  37.4000 -88.1200  2
  37.3100 -87.9000  2
  37.2200 -87.7800  2
  37.1200 -87.6800  2
  36.9200 -87.8100  2
  36.7700 -87.9200  2
  36.5600 -88.2000  2
  36.3400 -88.5300  2
  36.1600 -88.8700  2
  35.9400 -89.2700  2
  35.7700 -89.6000  2
  35.6000 -89.7900  2
  35.4300 -90.0300  2
  35.2800 -90.2900  2
  35.0900 -90.6200  2
  34.9300 -90.9200  2
  34.8200 -91.0500  2
  34.7500 -91.1400  2
  26.2700-103.3200  3
  26.4300-103.2900  2
  26.7200-103.2700  2
  26.9500-103.2500  2
  27.2100-103.2700  2
  27.4900-103.2700  2
  27.7100-103.3000  2
  27.8600-103.2800  2
  28.0700-103.2800  2
  28.3400-103.2200  2
  28.5200-103.2500  2
  28.6900-103.2500  2
  28.9400-103.1900  2
  29.1100-103.2000  2
  29.3700-103.0400  2
  29.5700-102.9000  2
  29.7200-102.6900  2
  29.8300-102.4600  2
  29.8500-102.1200  2
  29.8300-101.8700  2
  29.7400-101.6400  2
  29.6500-101.3800  2
  29.5800-101.3000  2
  29.5100-101.1400  2
  29.4400-100.8700  2
  29.4300-100.8100  2
  29.3500-100.4400  2
  99.0000   0.0000  3
 10X 300 101 200 600.00   0.00 BS 000   7
  29.3200-100.1200  3
  29.3200 -99.8100  2
  29.3200 -99.5700  2
  29.3500 -99.3000  2
  29.3900 -99.0900  2
  29.4500 -98.7900  2
  29.6200 -98.4600  2
  29.8400 -98.1600  2
  30.1600 -97.8200  2
  30.4000 -97.5600  2
  30.6500 -97.4200  2
  30.9800 -97.2000  2
  31.2000 -97.1000  2
  31.5800 -97.0200  2
  31.7900 -96.9500  2
  31.9700 -96.9100  2
  32.2200 -96.7600  2
  32.4400 -96.6800  2
  32.5900 -96.6000  2
  32.8300 -96.4600  2
  33.0100 -96.3000  2
  33.2700 -96.1500  2
  33.5100 -95.9700  2
  33.7700 -95.7600  2
  33.8700 -95.5200  2
  33.9800 -95.2700  2
  34.0400 -95.0100  2
  34.0500 -94.5800  2
  34.0800 -94.2800  2
  34.1000 -94.0500  2
  34.1100 -93.7700  2
  34.1400 -93.4600  2
  34.1500 -93.2000  2
  34.1600 -93.0000  2
  34.1200 -92.6600  2
  34.0600 -92.5000  2
  34.0500 -92.3700  2
  34.0200 -92.2100  2
  33.9900 -92.0800  2
  26.0300-102.7500  3
  26.1400-102.7600  2
  26.3500-102.7800  2
  26.5600-102.7800  2
  26.8400-102.7800  2
  27.0400-102.7900  2
  27.1500-102.7700  2
  27.4800-102.8100  2
  27.7000-102.7600  2
  27.8200-102.7400  2
  27.9800-102.7500  2
  28.1500-102.7200  2
  28.3200-102.6700  2
  28.5500-102.6700  2
  28.7300-102.5800  2
  28.9400-102.4700  2
  29.0700-102.3700  2
  29.1500-102.2800  2
  29.1600-102.2300  2
  29.2500-102.0700  2
  29.3100-101.8500  2
  29.3100-101.6400  2
  29.2300-101.3600  2
  29.1400-101.1700  2
  29.0100-100.9700  2
  28.9500-100.7600  2
  28.8100-100.5200  2
  28.7000-100.1600  2
  28.7000 -99.9800  2
  28.6800 -99.7800  2
  28.6700 -99.5900  2
  28.6700 -99.3500  2
  28.6900 -99.2000  2
  25.5900-101.9800  3
  25.8900-101.9300  2
  26.1600-101.9200  2
  26.4000-101.8600  2
  26.5100-101.8600  2
  26.9100-101.8300  3
  27.1800-101.8400  2
  27.4400-101.8200  2
  27.6900-101.7700  2
  27.9100-101.7600  2
  28.1200-101.7300  2
  28.3500-101.6900  2
  28.5700-101.6100  2
  28.7000-101.5900  2
  28.7900-101.5400  2
  28.8400-101.5300  2
  29.0900-102.3000  3
  29.0400-102.1000  2
  29.0100-101.8700  3
  28.9600-101.6800  2
  28.9200-101.5500  2
  28.8700-101.4200  2
  28.7700-101.2300  3
  28.7200-101.1800  2
  28.6400-101.0400  2
  28.6000-100.9500  3
  28.5200-100.8300  2
  28.3900-100.6800  2
  28.2800-100.5700  2
  28.2300-100.5200  2
  28.1600-100.4600  2
  28.1100-100.4000  2
  28.0000-100.3200  3
  27.9000-100.2300  2
  27.7600-100.1300  2
  27.6300-100.0300  2
  27.4700 -99.9400  2
  27.2600 -99.8200  2
  27.1300 -99.7500  2
  26.9700 -99.6600  2
  26.8600 -99.5600  2
  26.7600 -99.4900  2
  26.5700 -99.4000  2
  26.4200 -99.3200  2
  26.2000 -99.1900  2
  26.0000 -99.0800  2
  25.7200 -98.9700  2
  25.5200 -98.9100  2
  25.3200 -98.8400  2
  25.2200 -98.8200  2
  23.7300 -98.9600  3
  23.8700 -99.0200  2
  23.9800 -99.0500  2
  24.0400 -99.1200  2
  24.0500 -99.2400  2
  24.0300 -99.3200  2
  23.9300 -99.2900  2
  23.8600 -99.2100  2
  23.8000 -99.1400  2
  23.7800 -99.0500  2
  23.7600 -98.9800  2
  23.7500 -98.9500  2
  30.6700 -96.9200  3
  30.8000 -96.8500  2
  30.9300 -96.7600  2
  31.0600 -96.7000  2
  31.2700 -96.6300  2
  31.5400 -96.5200  2
  31.7300 -96.4800  2
  32.0100 -96.3800  2
  32.2400 -96.2900  2
  32.4500 -96.2100  2
  32.6700 -96.0700  2
  32.8300 -95.9500  2
  33.0000 -95.8100  2
  33.1200 -95.6500  2
  33.2800 -95.4200  2
  33.3900 -95.2100  2
  33.4600 -94.9700  2
  33.4700 -94.7300  2
  33.5100 -94.4300  2
  33.5400 -94.2200  2
  33.6000 -93.9800  2
  33.7200 -93.8300  2
  33.8400 -93.6200  2
  33.9300 -93.4800  2
  33.9500 -93.3100  2
  33.9200 -93.0800  2
  33.8800 -92.9200  2
  33.8200 -92.7700  2
  33.7900 -92.6300  2
  33.7700 -92.5600  2
  33.8000 -92.3700  2
  33.8100 -92.2100  2
  33.8300 -92.0300  2
  33.8300 -91.9100  2
  33.8200 -91.7700  2
  33.8000 -91.6600  2
  33.7400 -91.4700  2
  33.7000 -91.3200  2
  33.6200 -91.1700  2
  33.5200 -90.9900  2
  33.3800 -90.7500  2
  33.2800 -90.6100  2
  33.2200 -90.5100  2
  33.0700 -90.3400  2
  32.9500 -90.1800  2
  32.8000 -90.0400  2
  32.6800 -89.8800  2
  32.5900 -89.8200  2
  32.4800 -89.7200  2
  32.3500 -89.6100  2
  32.2500 -89.5100  2
  32.1700 -89.4000  2
  32.1200 -89.2500  2
  32.0700 -89.0600  2
  32.0700 -88.9400  2
  32.0900 -88.8200  2
  32.0800 -88.7200  2
  32.0100 -88.5700  2
  32.0000 -88.4700  2
  31.9400 -88.2200  2
  31.8200 -88.0100  2
  31.7400 -87.8400  2
  31.6700 -87.6600  2
  31.5800 -87.5600  2
  31.4800 -87.4500  2
  31.3800 -87.3100  2
  99.0000   0.0000  3
 10X 300 101 200 600.00   0.00 BS 000   7
  31.2800 -87.2200  3
  31.1800 -87.1100  2
  31.1000 -87.0300  2
  31.0300 -86.9900  2
  30.9900 -86.9600  2
  32.0400 -94.5200  3
  31.9500 -94.5600  2
  31.8500 -94.6900  2
  31.8000 -94.7800  2
  31.7200 -94.8500  2
  31.6000 -94.9400  2
  31.5700 -95.0600  2
  31.5300 -95.2000  2
  31.4800 -95.3400  2
  31.4300 -95.5200  2
  31.4200 -95.6200  2
  31.3700 -95.8100  2
  31.3200 -95.9600  2
  31.2700 -96.0800  2
  31.3400 -96.2200  2
  31.5000 -96.2300  2
  31.7100 -96.2200  2
  31.8400 -96.1900  2
  32.0200 -96.0800  2
  32.1800 -95.9400  2
  32.3200 -95.9100  2
  32.4800 -95.8400  2
  32.6900 -95.7800  2
  32.8100 -95.6900  2
  32.9400 -95.5500  2
  33.0600 -95.3400  2
  33.1100 -95.1800  2
  33.1900 -94.9600  2
  33.2400 -94.7000  2
  33.2800 -94.5100  2
  33.3100 -94.3500  2
  33.2900 -94.2000  2
  33.2100 -94.0900  2
  33.1200 -94.0400  2
  33.0300 -94.0300  2
  32.9500 -94.0400  2
  32.9300 -94.0600  2
  32.8800 -94.1300  2
  32.7800 -94.2600  2
  32.6700 -94.3700  2
  32.5700 -94.4700  2
  32.4300 -94.5200  2
  32.3000 -94.5400  2
  32.2100 -94.5400  2
  32.1100 -94.5200  2
  32.0500 -94.5100  2
  31.9700 -94.4500  2
  31.9000 -94.3500  2
  31.8300 -94.2400  2
  31.7200 -94.1700  2
  31.6100 -94.1100  2
  31.5900 -94.0400  2
  31.6400 -93.8600  2
  31.7100 -93.7000  2
  31.7900 -93.5300  2
  31.8400 -93.3400  2
  31.9000 -93.2000  2
  31.9000 -93.0700  2
  31.8000 -92.8800  2
  31.7400 -92.7600  2
  31.7000 -92.6300  2
  31.7100 -92.4900  2
  31.7300 -92.4000  2
  31.7400 -92.3900  2
  31.8400 -92.2400  2
  31.9400 -92.1500  2
  32.0900 -92.1100  2
  32.1800 -92.1300  2
  32.2800 -92.2300  2
  32.3400 -92.3000  2
  32.4300 -92.3300  2
  32.5600 -92.3400  2
  32.6800 -92.3000  2
  32.8000 -92.3400  2
  32.8800 -92.4400  2
  32.9400 -92.5500  2
  32.9800 -92.7000  2
  33.0400 -92.8400  2
  33.0800 -92.9600  2
  33.0600 -93.1000  2
  33.0400 -93.2500  2
  32.9800 -93.3500  2
  32.9500 -93.4300  2
  32.9200 -93.5900  2
  32.8800 -93.7400  2
  32.8900 -93.8200  2
  32.8900 -93.9100  2
  32.9200 -93.9900  2
  32.9700 -94.0400  2
  32.9600 -93.3600  3
  32.8600 -93.3500  2
  32.7700 -93.3500  2
  32.6800 -93.3400  2
  32.5400 -93.2600  2
  32.4900 -93.2200  2
  32.3700 -93.1600  2
  32.2600 -93.1200  2
  32.1100 -93.1000  2
  32.0200 -93.1000  2
  31.9500 -93.1000  2
  31.9200 -93.1000  2
  33.5400 -91.2100  3
  33.5000 -91.2400  2
  33.4300 -91.3000  2
  33.3600 -91.3600  2
  33.2500 -91.4800  2
  33.2100 -91.5700  2
  33.1600 -91.6700  2
  33.0700 -91.7800  2
  32.9200 -91.9600  2
  32.9500 -91.8900  2
  32.8100 -91.8900  2
  32.6900 -91.8100  2
  32.5700 -91.7500  2
  32.4800 -91.7200  2
  32.4300 -91.6500  2
  32.4600 -91.5200  2
  32.5200 -91.4000  2
  32.6100 -91.2900  2
  32.7100 -91.1800  2
  32.7700 -91.0900  2
  32.8500 -90.9600  2
  32.9200 -90.8300  2
  32.9300 -90.7500  2
  32.4500 -91.5100  3
  32.3500 -91.5300  2
  32.2400 -91.5200  2
  32.1600 -91.5400  2
  32.0500 -91.4800  2
  31.9600 -91.4300  2
  31.9100 -91.4000  2
  31.8500 -91.3200  2
  31.7700 -91.3600  2
  31.6900 -91.4200  2
  31.5800 -91.4700  2
  31.4800 -91.5100  2
  31.3900 -91.4600  2
  31.3400 -91.3500  2
  31.3100 -91.2500  2
  31.2800 -91.1300  2
  31.2400 -91.0500  2
  31.2200 -90.9600  2
  31.1900 -90.8800  2
  31.1700 -90.8100  2
  31.0800 -88.4800  3
  31.0800 -88.5600  2
  31.0300 -88.7800  2
  31.0400 -88.9100  2
  31.0300 -89.0100  2
  31.0300 -89.1200  2
  31.0600 -89.3100  2
  31.0600 -89.4600  2
  31.0600 -89.6000  2
  31.0700 -89.7900  2
  31.0700 -89.9000  2
  31.1200 -90.1100  2
  31.1700 -90.2600  2
  31.1900 -90.4300  2
  31.1900 -90.5700  2
  31.1700 -90.6700  2
  31.1500 -90.7700  2
  31.1000 -90.8700  2
  31.0600 -90.9200  2
  31.0100 -90.9200  2
  30.9300 -90.7800  2
  30.8300 -90.6600  2
  30.7500 -90.5500  2
  30.7100 -90.4300  2
  30.5900 -90.2800  2
  30.5800 -90.1900  2
  30.6000 -90.0700  2
  30.6100 -89.9700  2
  30.6000 -89.8200  2
  30.5700 -89.7600  2
  30.5000 -89.7700  2
  30.3700 -89.7500  2
  30.2700 -89.7100  2
  30.2100 -89.6500  2
  30.2100 -89.5800  2
  30.2300 -89.4500  2
  30.2700 -89.2900  2
  30.3200 -89.1400  2
  30.3000 -89.0600  2
  30.3400 -88.9000  2
  30.3700 -88.7700  2
  30.4300 -88.5800  2
  30.5000 -88.4000  2
  30.5700 -88.2300  2
  30.6200 -88.1500  2
  30.6000 -88.1200  2
  30.5900 -87.9800  2
  30.5300 -87.8000  2
  30.4300 -87.5900  2
  30.3400 -87.3600  2
  30.2100 -87.1100  2
  99.0000   0.0000  3
 10X 300 101 200 600.00   0.00 BS 000   7
  30.1300 -86.9400  3
  30.0700 -86.8000  2
  30.0300 -86.6700  2
  29.9600 -86.5400  2
  29.8900 -86.3800  2
  29.8100 -86.2500  2
  29.7400 -86.1700  2
  29.6700 -86.1400  2
  29.5800 -86.1700  2
  29.5000 -86.2000  2
  29.4600 -86.3800  2
  29.4100 -86.5700  2
  29.3800 -86.7000  2
  29.2900 -86.8500  2
  29.2300 -86.9800  2
  29.1700 -87.0600  2
  29.2000 -87.0200  2
  29.0300 -87.1800  2
  28.8300 -87.2200  2
  28.6600 -87.2300  2
  28.5100 -87.2000  2
  28.3900 -87.1200  2
  28.2900 -86.9700  2
  28.1800 -86.7700  2
  28.1100 -86.6200  2
  28.0900 -86.5200  2
  28.0000 -86.3200  2
  27.9600 -86.1700  2
  27.9200 -86.0100  2
  27.9000 -85.8600  2
  27.9400 -85.7300  2
  28.1100 -85.5400  2
  28.2900 -85.4100  2
  28.3500 -85.2700  2
  28.2800 -85.0200  2
  28.2100 -84.7600  2
  28.1000 -84.5700  2
  28.0100 -84.4000  2
  27.9200 -84.2400  2
  27.8100 -84.1100  2
  27.7200 -84.0000  2
  27.6100 -83.9000  2
  27.5400 -83.8500  2
  27.5200 -83.8300  2
  27.4600 -83.7900  2
  27.4100 -83.5800  2
  27.3400 -83.3300  2
  27.2500 -83.0500  2
  27.1800 -82.7400  2
  27.1200 -82.5000  2
  27.0000 -82.1200  2
  26.9100 -81.9000  2
  26.8100 -81.5100  2
  26.7300 -81.3000  2
  26.6600 -81.0200  2
  26.5800 -80.7100  2
  26.5300 -80.4500  2
  26.5000 -80.2400  2
  26.4600 -80.1400  2
  26.3900 -79.9100  2
  26.3400 -79.7800  2
  26.3400 -79.6600  2
  27.8900 -85.8800  3
  27.8800 -85.8000  2
  27.8900 -85.6700  2
  27.8700 -85.5100  2
  27.8500 -85.3400  2
  27.7900 -85.1100  2
  27.7300 -84.8400  2
  27.6800 -84.6100  2
  27.6200 -84.3100  2
  27.5500 -84.0800  2
  27.5000 -83.9500  2
  27.4700 -83.8200  2
  27.4600 -83.7600  2
  27.4100 -83.5700  2
  27.3300 -83.4000  2
  27.2700 -83.1800  2
  27.2000 -82.9400  2
  27.1600 -82.7600  2
  27.1000 -82.5500  2
  27.0800 -82.4000  2
  27.5100 -83.8500  3
  27.6200 -83.9000  2
  27.7500 -84.0200  2
  27.8700 -84.1500  2
  27.9600 -84.2400  2
  28.0900 -84.4500  2
  28.1800 -84.6100  2
  28.2400 -84.7400  2
  28.2900 -84.9300  2
  28.3400 -85.1200  2
  28.3600 -85.2800  2
  28.2700 -85.4300  2
  28.1400 -85.5500  2
  28.0100 -85.6600  2
  27.9400 -85.7600  2
  27.9000 -85.8600  2
  27.8700 -85.9500  2
  26.2600 -98.9500  3
  26.4100 -98.9800  2
  26.6000 -98.9700  2
  26.8700 -98.8700  2
  27.0100 -98.7400  2
  27.1100 -98.4900  2
  27.2200 -98.2300  2
  27.3100 -97.9700  2
  27.4500 -97.7300  2
  27.6800 -97.3600  2
  27.8400 -97.1200  2
  28.0100 -96.9100  2
  28.1700 -96.7500  2
  28.4000 -96.5800  2
  28.6600 -96.4200  2
  28.9500 -96.2400  2
  29.1600 -96.1000  2
  29.3700 -95.9600  2
  29.5600 -95.7400  2
  29.7900 -95.3500  2
  29.8600 -95.1400  2
  29.9500 -94.8300  2
  30.0200 -94.5200  2
  30.0800 -94.1700  2
  30.0600 -93.8200  2
  30.0200 -93.6700  2
  30.0300 -93.2300  2
  30.0400 -92.8900  2
  30.0500 -92.5000  2
  30.0500 -92.1200  2
  30.0600 -91.7800  2
  30.0700 -91.4800  2
  30.0800 -91.0800  2
  30.0900 -90.8400  2
  30.1000 -90.6000  2
  30.0600 -90.3100  2
  29.9900 -90.0700  2
  29.8900 -89.7600  2
  29.8000 -89.5500  2
  29.6600 -89.3600  2
  29.5200 -89.1400  2
  29.3600 -88.9900  2
  29.2600 -88.9200  2
  29.0200 -88.7100  2
  28.8400 -88.6300  2
  28.5900 -88.5100  2
  28.4300 -88.4700  2
  28.3500 -88.4100  2
  30.5100 -86.9200  3
  30.4300 -86.8100  2
  30.3800 -86.6700  2
  30.2100 -86.4300  2
  30.0100 -86.0900  2
  29.8600 -85.8200  2
  29.7200 -85.5600  2
  29.6000 -85.3400  2
  29.4800 -85.1400  2
  29.3100 -84.8400  2
  29.1800 -84.6000  2
  28.9600 -84.2900  2
  28.7700 -83.9800  2
  28.6200 -83.7200  2
  28.4400 -83.4700  2
  28.2800 -83.2800  2
  28.1200 -82.9600  2
  28.0100 -82.7300  2
  27.8600 -82.5200  2
  27.7500 -82.3100  2
  27.6200 -82.0800  2
  27.4900 -81.8000  2
  27.3500 -81.5600  2
  27.2800 -81.4200  2
  27.1600 -81.1800  2
  27.0700 -81.0200  2
  26.9000 -80.7700  2
  26.7500 -80.5200  2
  26.6600 -80.3900  2
  26.5000 -80.1700  2
  26.4200 -79.9600  2
  26.3100 -79.7200  2
  31.3000 -87.2300  3
  31.3000 -87.1000  2
  31.3400 -86.8600  2
  31.3500 -86.7000  2
  31.3900 -86.5200  2
  31.3800 -86.4700  2
  31.0000 -86.9600  3
  31.0500 -86.8900  2
  31.1700 -86.7500  2
  31.2800 -86.6000  2
  31.4100 -86.4700  2
  31.5100 -86.2900  2
  31.5800 -86.0800  2
  31.6200 -85.8600  2
  31.6700 -85.5700  2
  31.7400 -85.3200  2
  31.8400 -84.9900  2
  31.9300 -84.7300  2
  32.0100 -84.4700  2
  32.1700 -83.9900  2
  32.2400 -83.7900  2
  99.0000   0.0000  3
 10X 300 101 200 600.00   0.00 BS 000   7
  32.3000 -83.6400  3
  32.3500 -83.4800  2
  32.4000 -83.3500  2
  32.4500 -83.2500  2
  32.5700 -83.2900  3
  32.4900 -83.2600  2
  32.3600 -83.1900  2
  32.2700 -83.1100  2
  32.1600 -82.9900  2
  32.0600 -82.9300  2
  31.9100 -82.8300  2
  31.8000 -82.7400  2
  31.7200 -82.6700  2
  31.6300 -82.6100  2
  31.5900 -82.5800  2
  32.5800 -83.3100  3
  32.6300 -83.2300  2
  32.7000 -83.1500  2
  32.7600 -83.0400  2
  32.8000 -82.8800  2
  32.8700 -82.6700  2
  32.8600 -82.5100  2
  32.9100 -82.3600  2
  32.9300 -82.2300  2
  32.9400 -82.1200  2
  32.9800 -81.9400  2
  33.0500 -81.8700  2
  33.1700 -81.7900  2
  33.1900 -81.6800  2
  33.1700 -81.4300  2
  33.1500 -81.3300  2
  33.1100 -81.1100  2
  33.1100 -80.9300  2
  33.1400 -80.7100  2
  33.1600 -80.5200  2
  33.2000 -80.3300  2
  33.2100 -80.1500  2
  33.2700 -79.9400  2
  33.2700 -79.8200  2
  33.2500 -79.6800  2
  33.2100 -79.4900  2
  33.1800 -79.4000  2
  33.1400 -79.3200  2
  32.3500 -83.1600  3
  32.4000 -83.0000  2
  32.4800 -82.8500  2
  32.5400 -82.7000  2
  32.5500 -82.6000  2
  32.4800 -82.4600  2
  32.4600 -82.3600  2
  32.5100 -82.2400  2
  32.6100 -82.0300  2
  32.6800 -81.8900  2
  32.8000 -81.6200  2
  32.9500 -81.3700  2
  33.0400 -81.1900  2
  33.1400 -81.0100  2
  31.9400 -82.8200  3
  32.0200 -82.7000  2
  32.1200 -82.5500  2
  32.2300 -82.3900  2
  32.3700 -82.1500  2
  32.4700 -81.9900  2
  32.6100 -81.8400  2
  32.7300 -81.6400  2
  32.8400 -81.5100  2
  32.9300 -81.3400  2
  33.0100 -81.2000  2
  33.0900 -81.0400  2
  31.6000 -82.6000  3
  31.6500 -82.5200  2
  31.7400 -82.3800  2
  31.8100 -82.2400  2
  31.8700 -82.0900  2
  31.9100 -81.9100  2
  31.8700 -81.7500  2
  31.8300 -81.6200  2
  31.7800 -81.4900  2
  31.7300 -81.4100  2
  31.6800 -81.3200  2
  31.6600 -81.2500  2
  31.7600 -82.7200  3
  31.7300 -82.8700  2
  31.6300 -83.0200  2
  31.5900 -83.1400  2
  31.5300 -83.2100  2
  31.4800 -83.2200  2
  31.3400 -83.1400  2
  31.2300 -83.0400  2
  31.1200 -82.9300  2
  31.0100 -82.8500  2
  30.9300 -82.7500  2
  30.8600 -82.6900  2
  30.7700 -82.6300  2
  30.7100 -82.5900  2
  30.7400 -82.5200  2
  30.8600 -82.3100  2
  30.9100 -82.1600  2
  30.9400 -81.9400  2
  30.9500 -81.7900  2
  30.9400 -81.6200  2
  30.9100 -81.4600  2
  30.8600 -81.3500  2
  30.7800 -81.2500  2
  30.6900 -81.2100  3
  30.5600 -81.0800  2
  30.4800 -81.0500  3
  30.3100 -81.0100  2
  30.1700 -80.9600  3
  30.0700 -80.9700  2
  29.9400 -81.0400  2
  30.9400 -82.8200  3
  30.8700 -82.9100  2
  30.7800 -83.1000  2
  30.7000 -83.2800  2
  30.6300 -83.5100  2
  30.5500 -83.7000  2
  30.3700 -83.9400  2
  30.2200 -83.9700  2
  29.9800 -84.0200  2
  29.7700 -83.9500  2
  29.6200 -83.8300  2
  29.4300 -83.7000  2
  29.2100 -83.5100  2
  29.0400 -83.3700  2
  28.8700 -83.2300  2
  28.7000 -83.1000  2
  28.5700 -82.9700  2
  28.4700 -82.8300  2
  28.3700 -82.6100  2
  28.3200 -82.4700  2
  28.3000 -82.3500  2
  28.3000 -82.3200  2
  28.2200 -82.1900  2
  28.1100 -81.9500  2
  28.0500 -81.7600  2
  27.9200 -81.4700  2
  27.8000 -81.2000  2
  27.6700 -80.9600  2
  27.6000 -80.8100  2
  27.5300 -80.6000  2
  27.5000 -80.4200  2
  27.5200 -80.3200  2
  28.4800 -82.2500  3
  28.4900 -82.1800  2
  28.4800 -82.0500  2
  28.5200 -81.9000  2
  28.6100 -81.7400  2
  28.7000 -81.5800  2
  28.7700 -81.4700  2
  28.8500 -81.3100  2
  28.9500 -81.1400  2
  29.0300 -81.0100  2
  29.0900 -80.9500  2
  27.6600 -80.9200  3
  27.6400 -80.9200  2
  27.5600 -80.8900  2
  27.4500 -80.8300  2
  27.3300 -80.7200  2
  27.2100 -80.6200  2
  27.0900 -80.4600  2
  26.9700 -80.3100  2
  26.9500 -80.1300  2
  27.0400 -79.9700  2
  27.3100 -79.8700  2
  27.5500 -79.7600  2
  27.7800 -79.6500  2
  28.0700 -79.5700  2
  28.3100 -79.5500  2
  28.5000 -79.5300  2
  28.6900 -79.5000  2
  28.8700 -79.5400  2
  28.9800 -79.5000  2
  29.2300 -79.5900  2
  29.3900 -79.7000  2
  29.5000 -79.7800  2
  29.6400 -79.9000  2
  29.7500 -80.0000  2
  29.8400 -80.1300  2
  29.8800 -80.3100  2
  29.9200 -80.4300  2
  29.8700 -80.7000  2
  29.9000 -80.8000  2
  29.8200 -80.9900  2
  29.8000 -81.0800  2
  29.7300 -81.1600  2
  29.6000 -81.3000  2
  29.5100 -81.4400  2
  29.4200 -81.5700  2
  29.3300 -81.6800  2
  29.2700 -81.7900  2
  29.2000 -81.8400  2
  29.0100 -82.0100  2
  28.9000 -82.0600  2
  28.7500 -82.1500  2
  28.6500 -82.2000  2
  28.5300 -82.2400  2
  28.4700 -82.2600  2
  28.3800 -82.2800  2
  28.3400 -82.3100  2
  99.0000   0.0000  3
 10X 300 101 200 600.00   0.00 BS 000   7
  30.5000 -86.8800  3
  30.6000 -86.7600  2
  30.6500 -86.5700  2
  30.7300 -86.3400  2
  30.8100 -86.1800  2
  30.9200 -85.9000  2
  30.9700 -85.6900  2
  31.0400 -85.4800  2
  31.1100 -85.3000  2
  31.1600 -85.1600  2
  31.1900 -85.0400  2
  31.2200 -84.9800  2
  30.3400 -86.6300  3
  30.4000 -86.5200  2
  30.5300 -86.2800  2
  30.6400 -86.1200  2
  30.7500 -85.8600  2
  30.7800 -85.6600  2
  30.8500 -85.4800  2
  30.9100 -85.2900  2
  30.9900 -85.1100  2
  31.0400 -84.9800  2
  31.0900 -84.8800  2
  30.2000 -86.3400  3
  30.2800 -86.2500  2
  30.3800 -85.9900  2
  30.4700 -85.7700  2
  30.5500 -85.6300  2
  30.5800 -85.4500  2
  30.6600 -85.2500  2
  30.6800 -85.1400  2
  30.7400 -84.9900  2
  30.7800 -84.8700  2
  30.8200 -84.7600  2
  30.8500 -84.7000  2
  30.7600 -85.6700  3
  30.7200 -85.6100  2
  30.6700 -85.5600  2
  30.6100 -85.5200  2
  30.5500 -85.5000  2
  29.5500 -85.2100  3
  29.6500 -85.2400  2
  29.8100 -85.1700  2
  30.0200 -85.0500  2
  30.1300 -84.8900  2
  30.2000 -84.7300  2
  30.3200 -84.5700  2
  30.3800 -84.5500  2
  30.4600 -84.6300  2
  30.5600 -84.6800  2
  30.7100 -84.6800  2
  30.8300 -84.6800  2
  30.8900 -84.7300  2
  30.9800 -84.7900  2
  31.0600 -84.8500  2
  31.1400 -84.9000  2
  31.2100 -84.9400  2
  31.2400 -84.9800  2
  26.5900 -80.1100  3
  27.4900 -79.9600  2
  27.8400 -79.9200  3
  28.3000 -79.7800  2
  28.5400 -79.7200  3
  29.2400 -79.5400  2
  29.5400 -79.4600  3
  30.0400 -79.2100  2
  30.3400 -79.0800  3
  30.8800 -78.8200  2
  31.1400 -78.6700  3
  31.5400 -78.4400  2
  31.8300 -78.2000  3
  31.9800 -77.8600  2
  32.2400 -77.6000  2
  32.5300 -77.3900  3
  32.9200 -77.1600  2
  33.1900 -76.9200  3
  33.6000 -76.6100  2
  33.9100 -76.3400  3
  34.3000 -76.0800  2
  30.2900 -77.6000  3
  30.1600 -77.3100  2
  30.0500 -77.1400  3
  29.9900 -76.9900  2
  29.9600 -76.9000  3
  29.8400 -76.8800  2
  29.6500 -76.8800  3
  29.4900 -76.9400  2
  29.3800 -76.9400  3
  29.2400 -76.9700  2
  29.0500 -76.9400  3
  28.8900 -76.9800  2
  28.7500 -76.9500  3
  28.6000 -76.9300  2
  28.4400 -76.8800  3
  28.2900 -76.8600  2
  28.2100 -76.8300  3
  28.1000 -76.7800  2
  27.9600 -76.7600  3
  27.8100 -76.7600  2
  27.6900 -76.7500  3
  27.5300 -76.7400  2
  27.3800 -76.7400  3
  27.1800 -76.7400  2
  26.9800 -76.7500  3
  26.8500 -76.7800  2
  26.7100 -76.8300  3
  26.5800 -76.8800  2
  26.4800 -76.9500  3
  26.2100 -77.0600  2
  25.9500 -77.1600  2
  25.7800 -77.2100  2
  25.6400 -77.2600  2
  25.1200 -77.4400  2
  24.9200 -77.5500  2
  24.6900 -77.6500  2
  24.4300 -77.7700  2
  24.2600 -77.8800  2
  26.3600-102.8900  3
  26.4100-102.9100  2
  26.3900-102.9400  2
  26.3400-102.9200  2
  26.3000-102.8800  2
  26.3300-102.8600  2
  26.3700-102.8500  2
  26.4100-102.8600  2
  26.4300-102.9100  2
  26.3700-102.8900  2
  27.4600-102.4400  3
  27.5300-102.4400  2
  27.5000-102.4800  2
  27.4200-102.4800  2
  27.4100-102.4100  2
  27.4500-102.3800  2
  27.5000-102.3900  2
  27.5400-102.4200  2
  27.5400-102.4500  2
  27.4900-102.4400  2
  26.6400-101.8700  3
  26.7000-101.8600  2
  26.7000-101.9100  2
  26.6600-101.9200  2
  26.6100-101.8900  2
  26.6200-101.8300  2
  26.6600-101.8200  2
  26.6900-101.8400  2
  26.7000-101.8700  2
  26.6600-101.8600  2
  26.8500-101.7300  3
  26.8400-101.7600  2
  26.8000-101.7700  2
  26.7900-101.7400  2
  26.7900-101.7100  2
  26.8200-101.7200  2
  26.8500-101.7300  2
  26.8500-101.7600  2
  26.8100-101.7300  2
  25.9100-101.7200  3
  25.9500-101.7200  2
  25.9600-101.7600  2
  25.9100-101.7700  2
  25.9000-101.7400  2
  25.9100-101.7000  2
  25.9400-101.7000  2
  25.9600-101.7100  2
  25.9600-101.7400  2
  28.1300-100.4900  3
  28.1800-100.4700  2
  28.1800-100.5100  2
  28.1700-100.5400  2
  28.1100-100.5400  2
  28.0800-100.4800  2
  28.0800-100.4200  2
  28.1200-100.4100  2
  28.1700-100.4400  2
  28.1900-100.4700  2
  28.1900-100.5000  2
  27.9900-100.6600  3
  28.0400-100.6500  2
  28.0300-100.6700  2
  27.9900-100.7000  2
  27.9500-100.6900  2
  27.9500-100.6400  2
  28.0000-100.6300  2
  28.0300-100.6500  2
  28.0400-100.6900  2
  27.3300-100.5200  3
  27.3900-100.5100  2
  27.4000-100.5600  2
  27.3500-100.5800  2
  27.2900-100.5700  2
  27.2800-100.5400  2
  27.2700-100.4900  2
  27.3200-100.4700  2
  27.3700-100.4800  2
  27.3900-100.5200  2
  27.3500-100.5200  2
  27.4600-100.1400  3
  27.4900-100.1200  2
  27.5000-100.1500  2
  27.4800-100.1700  2
  99.0000   0.0000  3
 10X 300 101  56 600.00   0.00 BS 000   7
  27.4400-100.1700  3
  27.4100-100.1600  2
  27.4000-100.1300  2
  27.4400-100.1000  2
  27.4700-100.1100  2
  27.4900-100.1200  2
  27.4900-100.1400  2
  27.4600-100.1300  2
  26.3900-100.6000  3
  26.3500-100.6300  2
  26.3000-100.6600  2
  26.2400-100.6400  2
  26.2400-100.5800  2
  26.2800-100.5300  2
  26.3200-100.5200  2
  26.3400-100.5400  2
  26.3600-100.5800  2
  26.3600-100.6100  2
  26.3000-100.6100  2
  26.1500 -99.8100  3
  26.2300 -99.8000  2
  26.2000 -99.8400  2
  26.1300 -99.8500  2
  26.1000 -99.7900  2
  26.1400 -99.7600  2
  26.1900 -99.7600  2
  26.2200 -99.7900  2
  26.1500 -99.8200  2
  26.1500 -99.5100  3
  26.1800 -99.5100  2
  26.1700 -99.5500  2
  26.1200 -99.5500  2
  26.1100 -99.5100  2
  26.1200 -99.4900  2
  26.1700 -99.4900  2
  26.1700 -99.5300  2
  25.9400 -99.2300  3
  26.0000 -99.2200  2
  25.9900 -99.2600  2
  25.9300 -99.2600  2
  25.9100 -99.2400  2
  25.9200 -99.2000  2
  25.9600 -99.1900  2
  25.9800 -99.2400  2
  26.4400 -99.4100  3
  26.4900 -99.4100  2
  26.4800 -99.4500  2
  26.4500 -99.4700  2
  26.4000 -99.4300  2
  26.3900 -99.4000  2
  26.4300 -99.3700  2
  26.4600 -99.3800  2
  26.4800 -99.4000  2
  26.4700 -99.4200  2
  26.4500 -99.4000  2
  25.5500 -99.1100  3
  99.0000   0.0000  3
 10X 301 101  32 600.00   0.00 BS 000   7
  23.1700 -97.4000  3
  23.3900 -97.2400  2
  23.7700 -96.9200  2
  24.1200 -96.6700  2
  24.4900 -96.3800  2
  24.8300 -96.0700  2
  25.3500 -95.6300  2
  25.8300 -95.2300  2
  26.0800 -94.6800  2
  26.3100 -94.1400  2
  26.5900 -93.2900  2
  26.7200 -92.9100  2
  26.8000 -92.4900  2
  26.9500 -92.0100  2
  27.0900 -91.5800  2
  27.2700 -91.0400  2
  27.4300 -90.5100  2
  27.5600 -90.1300  2
  27.6100 -89.6500  2
  27.6100 -89.2900  2
  27.6300 -88.5100  2
  27.6000 -88.1700  2
  27.4600 -87.7200  2
  27.1900 -87.3000  2
  27.1000 -87.0600  2
  26.8200 -86.6400  2
  26.5100 -86.3400  2
  26.2300 -86.1100  2
  25.9600 -85.9100  2
  25.7400 -85.8300  2
  25.5700 -85.9000  2
  25.5700 -85.9600  3
  99.0000   0.0000  3
