 91X   5 303  56  43.00   0.00 MA 000   1
  59.5300 -16.5900  3
  59.5200 -16.4800  2
  59.5200 -16.2300  2
  59.5100 -15.9200  2
  59.5100 -15.6200  2
  59.5400 -15.1800  2
  59.5200 -14.7700  2
  59.5400 -14.4600  2
  59.5300 -14.1900  2
  59.4800 -13.8800  2
  59.4200 -13.8300  2
  59.3300 -13.9600  2
  59.2600 -14.2200  2
  59.2100 -14.5600  2
  59.1800 -14.9700  2
  59.1200 -15.4000  2
  59.0800 -15.7000  2
  59.0300 -16.0000  2
  58.9600 -16.5400  2
  58.9100 -16.8400  2
  58.8400 -17.0600  2
  58.6700 -17.1200  2
  58.4800 -17.1200  2
  58.2800 -17.1400  2
  58.1000 -17.1300  2
  57.9700 -17.1200  2
  57.8600 -17.2600  2
  57.7400 -17.5600  2
  57.6100 -17.9200  2
  57.4400 -18.4200  2
  57.3100 -18.7300  2
  57.2200 -18.9700  2
  57.1500 -19.1100  2
  57.0100 -19.0600  2
  56.8800 -19.1800  2
  56.7600 -19.3800  2
  56.6100 -19.5600  2
  56.5000 -19.6900  2
  56.4500 -19.7100  2
  56.1400 -19.8600  2
  56.0300 -20.0400  2
  55.8700 -20.2800  2
  55.6800 -20.5700  2
  55.5200 -20.8200  2
  55.4400 -20.9600  2
  55.4500 -20.7400  2
  55.3100 -20.7200  2
  55.2000 -20.6400  2
  55.0200 -20.5500  2
  54.8200 -20.4600  2
  54.6600 -20.4200  2
  54.4900 -20.3300  2
  54.3600 -20.2500  2
  54.2100 -20.1500  2
  54.0500 -20.0600  2
  54.0300 -20.0400  3
  99.0000   0.0000  3
 91X 136 303  70  55.64   0.00 AN    24 4
  52.3100 -26.3600  3
  52.3100 -26.3600  2
  52.3300 -26.3900  2
  52.3700 -26.3700  2
  52.3100 -26.2500  2
  52.3800 -26.1900  2
  52.4300 -26.4400  3
  52.4300 -26.4300  2
  52.3900 -26.3300  2
  52.4600 -26.3000  3
  52.4700 -26.4200  3
  52.4400 -26.2800  2
  52.4000 -26.1600  2
  52.5100 -26.2800  3
  52.5100 -26.2800  2
  52.6600 -26.2900  2
  52.9500 -26.3000  2
  53.0800 -26.3200  2
  53.2900 -26.3000  2
  53.4400 -26.3200  2
  53.6300 -26.2700  2
  53.7900 -26.2500  2
  54.0100 -26.2000  2
  54.1400 -26.2000  2
  54.3100 -26.1800  2
  54.4300 -26.1800  2
  54.6100 -26.1100  2
  54.8000 -26.0400  2
  54.8800 -26.0000  2
  55.0400 -25.9200  2
  55.2200 -25.7800  2
  55.3800 -25.6800  2
  55.5300 -25.6200  2
  55.6600 -25.5800  2
  55.8200 -25.5200  2
  55.9300 -25.4500  2
  55.9900 -25.3900  2
  58.6300 -19.1300  3
  58.6900 -19.0600  2
  58.7400 -18.9500  2
  58.7900 -18.8600  2
  58.8400 -18.8400  3
  58.8400 -18.8400  2
  58.8700 -18.8300  2
  58.8700 -18.7700  2
  58.8000 -18.7700  2
  58.8300 -18.7200  2
  58.9100 -18.7900  3
  58.8600 -18.7500  2
  58.9100 -18.6900  2
  58.9500 -18.7500  3
  58.9000 -18.6900  2
  58.8700 -18.6600  2
  59.9100 -16.0100  3
  59.9600 -15.8800  2
  60.0500 -15.7400  2
  60.1600 -15.5700  2
  60.2900 -15.3800  2
  60.4400 -15.1600  2
  60.5400 -14.9900  2
  60.6200 -14.7700  2
  60.6900 -14.5200  2
  60.8100 -14.2700  2
  60.9200 -13.9700  2
  61.0400 -13.7200  2
  61.1500 -13.4800  2
  61.2700 -13.2400  2
  61.3800 -13.0200  2
  61.4300 -12.9500  2
  99.0000   0.0000  3
 91X 113 303  23  58.94   0.00 AN    25 5
  54.6000 -22.8000  3
  54.4900 -22.8300  2
  54.4300 -22.8300  2
  54.3000 -22.8300  2
  54.1900 -22.8300  2
  54.0200 -22.8600  2
  53.8900 -22.8200  2
  53.7400 -22.7900  2
  53.6500 -22.7600  2
  53.5700 -22.7200  2
  53.4400 -22.6600  2
  53.3400 -22.5900  2
  53.2300 -22.5300  2
  53.1200 -22.4600  2
  53.0000 -22.3700  2
  52.9100 -22.3300  2
  52.7900 -22.2700  2
  52.6900 -22.2000  2
  52.6400 -22.1400  2
  52.4800 -21.8800  2
  52.3900 -21.8200  2
  52.3100 -21.7500  2
  99.0000   0.0000  3
 91X  80 303 101  60.00   0.00 MA 000   2
  61.0200 -12.6500  3
  60.9200 -12.9100  2
  60.8200 -13.2700  3
  60.7100 -13.4800  2
  60.5200 -13.7700  3
  60.4700 -13.8700  2
  60.3500 -14.0700  3
  60.2300 -14.2600  2
  60.1300 -14.4500  3
  60.0200 -14.6100  2
  59.9400 -14.8300  3
  59.8500 -14.9900  2
  59.8000 -15.0900  2
  59.6800 -15.5400  3
  59.6500 -15.6900  2
  59.6400 -15.8200  2
  59.5800 -16.0300  3
  59.5700 -16.1100  2
  59.5700 -16.2200  2
  59.5400 -16.6000  3
  59.5100 -16.7000  2
  59.4900 -16.7800  2
  59.4200 -17.0400  3
  59.3800 -17.1300  2
  59.3300 -17.2300  2
  59.2400 -17.5000  3
  59.1800 -17.6200  2
  59.1200 -17.7000  2
  58.9900 -18.0500  3
  58.9300 -18.1800  2
  58.8700 -18.3000  2
  58.7300 -18.6300  3
  58.6700 -18.7500  2
  58.6100 -18.8400  2
  58.5500 -19.0200  3
  58.5100 -19.1200  2
  58.4600 -19.2000  2
  58.3200 -19.5600  3
  58.2900 -19.6300  2
  58.2400 -19.7100  2
  57.8100 -20.6200  3
  57.7400 -20.7800  2
  57.6900 -20.9000  2
  57.6400 -21.0000  2
  57.5400 -21.2000  3
  57.4900 -21.3100  2
  57.4300 -21.4100  2
  57.3300 -21.6600  3
  57.2800 -21.8100  2
  57.2100 -21.9200  2
  57.1500 -22.0400  2
  57.0000 -22.3600  3
  56.9700 -22.4600  2
  56.9100 -22.5500  2
  56.7700 -22.8000  3
  56.7200 -22.9300  2
  56.6800 -23.0000  2
  56.6300 -23.0600  2
  56.5000 -23.3000  3
  56.4500 -23.4000  2
  56.3800 -23.4900  2
  56.3200 -23.5900  2
  56.2700 -23.6700  2
  56.1600 -23.8800  3
  56.1000 -24.0000  2
  56.0200 -24.1200  2
  55.9100 -24.3000  2
  55.7800 -24.4900  2
  55.6500 -24.7000  2
  55.5500 -24.8100  2
  55.4800 -24.8600  2
  55.4100 -24.9000  2
  55.4100 -24.8900  2
  55.4300 -24.6400  2
  55.4500 -24.2900  2
  55.4600 -24.1300  2
  55.4700 -24.0000  2
  55.4800 -23.9200  2
  55.5000 -23.7600  2
  55.5100 -23.7000  2
  55.4700 -24.0000  3
  55.4200 -23.9400  2
  55.3700 -23.8500  2
  55.3100 -23.7800  2
  55.2600 -23.7200  2
  55.2200 -23.6700  2
  55.1100 -23.8000  3
  55.1700 -23.6600  2
  55.2100 -23.3600  2
  55.2400 -23.1200  2
  55.2900 -22.8600  2
  55.3100 -22.6100  2
  55.3400 -22.2400  2
  55.3600 -22.0700  2
  55.3700 -21.9000  2
  55.3900 -21.7100  2
  55.4000 -21.4700  2
  55.4300 -21.3100  2
  55.4400 -21.0800  2
  55.4500 -21.0400  2
  53.2900 -23.5300  3
  99.0000   0.0000  3
 93X5012 303 200 200.00   0.00 BA 1000  5
  56.8600 -20.0400  3
  56.8300 -19.9800  2
  56.8000 -19.9200  2
  56.7800 -19.8400  2
  56.7900 -19.7100  2
  56.8300 -19.6100  2
  56.8900 -19.5300  2
  56.9500 -19.5600  2
  57.0200 -19.5500  2
  57.0900 -19.5600  2
  57.1400 -19.6200  2
  57.1600 -19.7000  2
  57.1500 -19.7800  2
  57.1400 -19.8900  2
  57.1500 -19.9800  2
  57.0800 -20.1300  2
  57.0200 -20.1900  2
  56.9500 -20.2100  2
  56.9100 -20.2200  2
  56.8800 -20.2100  2
  56.8700 -20.1300  2
  56.8600 -20.0600  2
  56.8400 -20.0400  2
  57.1900 -19.5400  3
  57.1800 -19.5000  2
  57.1900 -19.4500  2
  57.2200 -19.3900  2
  57.2700 -19.3500  2
  57.3100 -19.3400  2
  57.3200 -19.3900  2
  57.2800 -19.4600  2
  57.2400 -19.5200  2
  57.2000 -19.5400  2
  57.1800 -19.5500  2
  59.4700 -13.9100  3
  59.4900 -14.0300  2
  59.4700 -14.1300  2
  59.4600 -14.2500  2
  59.4700 -14.3900  2
  59.4400 -14.5400  2
  59.4300 -14.6500  2
  59.4000 -14.8100  2
  59.3800 -14.9300  2
  59.3700 -15.0600  2
  59.3400 -15.2100  2
  59.3300 -15.3100  2
  59.3300 -15.5000  2
  59.3300 -15.6800  2
  59.3400 -15.8400  2
  59.3600 -15.9900  2
  59.3900 -16.1600  2
  59.4100 -16.3800  2
  59.4400 -16.5500  2
  59.4300 -16.6800  2
  59.3700 -16.9000  2
  59.3200 -17.0800  2
  59.2800 -17.2100  2
  59.2300 -17.4000  2
  59.2100 -17.4600  2
  59.1600 -17.4600  2
  59.1100 -17.4600  2
  59.0600 -17.5200  2
  59.0000 -17.6100  2
  58.9300 -17.7400  2
  58.9400 -17.8400  2
  58.9500 -17.9300  2
  58.9500 -18.0100  2
  58.8900 -18.1100  2
  58.8600 -18.2100  2
  58.8100 -18.3500  2
  58.7700 -18.4800  2
  58.7100 -18.5600  2
  58.6800 -18.5600  2
  58.6500 -18.5800  2
  58.6200 -18.6300  2
  58.5800 -18.6400  2
  58.5500 -18.7400  2
  58.4900 -18.7800  2
  58.4500 -18.7600  2
  58.3900 -18.7700  2
  58.3300 -18.7600  2
  58.2600 -18.8300  2
  58.1700 -18.8300  2
  58.1200 -18.8300  2
  58.0600 -18.8600  2
  57.9900 -18.9200  2
  57.9300 -19.0000  2
  57.8600 -19.0800  2
  57.8100 -19.1800  2
  57.7700 -19.2800  2
  57.7200 -19.4100  2
  57.6700 -19.4700  2
  57.6300 -19.5500  2
  57.5300 -19.5600  2
  57.4700 -19.5100  2
  57.4100 -19.4200  2
  57.3900 -19.3300  2
  57.3400 -19.1200  2
  57.3500 -18.9500  2
  57.3700 -18.7800  2
  57.4300 -18.6100  2
  57.4800 -18.4800  2
  57.5300 -18.3700  2
  57.5700 -18.2700  2
  57.6200 -18.1500  2
  57.7200 -18.0200  2
  57.7700 -17.9300  2
  57.8100 -17.8400  2
  57.8100 -17.7000  2
  57.8000 -17.5900  2
  57.8200 -17.4800  2
  57.8400 -17.3600  2
  57.8800 -17.2300  2
  57.9100 -17.1500  2
  57.9400 -17.0400  2
  57.9800 -17.0500  2
  58.0100 -17.0900  2
  58.0900 -17.0600  2
  58.1300 -17.1400  2
  58.2100 -17.2500  2
  58.2800 -17.3600  2
  58.3500 -17.3000  2
  58.4200 -17.3300  2
  58.4800 -17.3700  2
  58.5400 -17.3300  2
  58.5800 -17.3500  2
  58.6400 -17.3400  2
  58.7000 -17.2800  2
  58.7500 -17.2200  2
  58.8000 -17.2100  2
  58.8300 -17.1400  2
  58.9000 -17.0700  2
  58.9500 -16.9800  2
  59.0000 -16.8100  2
  59.0300 -16.6300  2
  59.0400 -16.4800  2
  59.0600 -16.2800  2
  59.0900 -16.1100  2
  59.1200 -15.9300  2
  59.1300 -15.6900  2
  59.1400 -15.4900  2
  59.1600 -15.2500  2
  59.1600 -15.0900  2
  59.2000 -14.8600  2
  59.2000 -14.7700  2
  59.2300 -14.5700  2
  59.2500 -14.4500  2
  59.2700 -14.2900  2
  59.3200 -14.1600  2
  59.3700 -14.0600  2
  59.4200 -13.9700  2
  59.4600 -13.9100  2
  59.4700 -13.9200  2
  59.9700 -12.8500  3
  59.9300 -12.8900  2
  59.9600 -12.7900  3
  59.9500 -12.8300  2
  59.9200 -12.8300  2
  59.9200 -12.7800  2
  59.9400 -12.7600  2
  59.9500 -12.7600  2
  59.9600 -12.7900  2
  59.9500 -12.6500  3
  59.9600 -12.6900  2
  59.9300 -12.7000  2
  59.9100 -12.6700  2
  59.9300 -12.6600  2
  59.9400 -12.6500  2
  59.9500 -12.6700  2
  59.9700 -12.5500  3
  59.9400 -12.5900  2
  59.9100 -12.5800  2
  59.9100 -12.5600  2
  59.9300 -12.5200  2
  59.9600 -12.5300  2
  59.9600 -12.5600  2
  59.9500 -12.4200  3
  59.9300 -12.2900  2
  59.9400 -12.2500  2
  59.9300 -12.1200  2
  59.9200 -12.0300  2
  59.9500 -11.9800  2
  60.0000 -11.9300  2
  60.0800 -11.8800  2
  60.1600 -11.8500  2
  60.2200 -11.8000  2
  60.3100 -11.7200  2
  60.3800 -11.6700  2
  60.4500 -11.6300  2
  60.5100 -11.6200  2
  60.5700 -11.5800  2
  60.6200 -11.5600  2
  60.6700 -11.6200  2
  60.7200 -11.6800  2
  60.7700 -11.7600  2
  60.8000 -11.8700  2
  60.8000 -11.9600  2
  60.7900 -12.1000  2
  60.7900 -12.2200  2
  60.7700 -12.3300  2
  99.0000   0.0000  3
 93X5012 303 181 200.00   0.00 BA 1000  5
  60.7600 -12.5200  3
  60.7600 -12.6300  2
  60.7500 -12.6900  2
  60.6800 -12.7900  2
  60.6000 -12.9000  2
  60.5300 -13.0100  2
  60.4800 -13.1100  2
  60.4100 -13.2200  2
  60.3600 -13.3100  2
  60.2600 -13.4500  2
  60.2200 -13.5200  2
  60.1700 -13.6500  2
  60.1300 -13.6800  2
  60.0800 -13.6200  2
  60.0400 -13.5700  2
  59.9900 -13.4500  2
  59.9600 -13.2900  2
  59.9400 -13.1400  2
  59.9400 -13.0600  2
  59.9400 -12.9900  2
  59.9400 -12.9100  2
  61.5900  -9.5600  3
  61.5600  -9.5600  2
  61.5300  -9.5700  2
  61.4900  -9.6000  2
  61.4700  -9.6200  2
  61.4200  -9.5600  2
  61.3800  -9.5500  2
  61.3200  -9.6100  2
  61.2400  -9.6400  2
  61.2000  -9.6700  2
  61.1300  -9.7100  2
  61.0900  -9.7400  2
  61.0100  -9.7800  2
  60.9700  -9.8800  2
  60.9600 -10.0000  2
  60.9800 -10.1400  2
  60.9900 -10.2500  2
  61.0000 -10.4100  2
  61.0400 -10.5300  2
  61.0500 -10.7000  2
  61.0700 -10.8400  2
  61.0400 -10.9700  2
  61.0100 -11.0900  2
  60.9500 -11.2600  2
  60.9000 -11.3700  2
  60.8500 -11.4000  2
  60.8300 -11.2900  2
  60.7900 -11.2300  2
  60.7300 -11.1900  2
  60.6700 -11.1900  2
  60.5900 -11.1600  2
  60.5600 -11.1400  2
  60.4700 -11.1200  2
  60.4200 -11.1000  2
  60.3400 -11.1200  2
  60.3000 -11.0700  2
  60.3200 -10.9700  2
  60.3100 -10.8900  2
  60.2800 -10.8200  2
  60.2400 -10.7300  2
  60.2200 -10.6500  2
  60.2000 -10.5200  2
  60.2000 -10.3700  2
  60.2300 -10.2500  2
  60.2500 -10.0700  2
  60.2800  -9.9300  2
  60.3000  -9.7800  2
  60.3000  -9.6100  2
  60.2700  -9.4900  2
  60.2600  -9.3700  2
  60.2400  -9.1900  2
  60.2300  -9.0200  2
  60.2300  -8.9100  2
  60.2200  -8.7700  2
  60.2100  -8.7100  2
  60.8300  -7.6400  3
  60.7900  -7.5400  2
  60.7300  -7.4300  2
  60.6400  -7.2800  2
  60.5700  -7.1600  2
  60.4700  -7.0200  2
  60.4100  -6.9300  2
  60.3600  -6.8100  2
  60.3200  -6.6600  2
  60.2800  -6.5700  2
  60.2500  -6.4200  2
  60.2200  -6.3300  2
  60.2200  -6.2500  2
  60.1600  -6.1200  2
  60.2000  -5.9000  2
  60.2400  -5.7700  2
  60.3100  -5.6800  2
  60.3600  -5.6600  2
  60.4100  -5.5300  2
  60.4300  -5.4100  2
  60.5000  -5.2800  2
  60.5800  -5.1600  2
  60.6600  -5.0100  2
  60.7400  -4.9300  2
  60.8200  -4.9400  2
  60.9000  -4.9400  2
  60.9100  -4.7800  2
  60.9700  -4.7000  2
  61.0400  -4.6800  2
  61.1000  -4.6100  2
  61.1300  -4.5700  2
  61.2200  -4.5400  2
  61.2600  -4.5300  2
  61.2900  -4.5900  3
  61.2700  -4.4800  2
  61.3300  -4.5400  3
  61.3100  -4.5300  2
  61.3000  -4.4500  2
  61.3200  -4.4500  2
  61.3400  -4.4800  2
  61.3400  -4.5400  2
  61.3300  -4.5500  2
  61.3800  -4.5000  3
  61.3700  -4.4800  2
  61.3500  -4.4300  2
  61.3600  -4.4000  2
  61.3700  -4.4300  2
  61.3900  -4.4500  2
  61.3900  -4.4900  2
  61.4400  -4.4300  3
  61.4200  -4.4400  2
  61.4000  -4.4100  2
  61.4100  -4.3700  2
  61.4300  -4.3800  2
  61.4400  -4.4300  2
  61.4300  -4.4500  2
  61.4600  -4.3900  3
  61.5200  -4.3300  2
  61.5700  -4.2700  2
  61.6000  -4.1600  2
  61.6300  -4.0400  2
  61.6300  -3.9300  2
  61.6700  -3.8200  2
  61.7000  -3.8100  2
  61.7600  -3.8000  2
  61.8200  -3.7100  2
  61.8300  -3.6500  2
  61.9000  -3.5400  2
  61.9700  -3.4800  2
  62.0400  -3.3900  2
  62.1300  -3.3100  2
  62.1700  -3.2700  2
  62.2200  -3.1400  2
  62.2400  -2.9700  2
  62.3100  -2.8400  2
  62.3200  -2.7400  2
  62.3700  -2.6000  2
  62.4300  -2.4800  2
  62.5100  -2.3900  2
  62.5700  -2.3300  2
  62.6200  -2.3100  2
  62.6800  -2.4300  2
  62.7000  -2.6500  2
  62.7500  -2.8200  2
  62.7700  -3.0100  2
  62.7400  -3.3300  2
  62.7300  -3.5600  2
  62.7100  -3.8100  2
  62.6700  -4.0700  2
  62.6900  -4.3300  2
  62.7000  -4.5500  2
  62.7200  -4.6200  2
  62.7200  -4.8400  2
  62.7700  -5.1300  2
  62.7800  -5.2500  2
  62.7900  -5.3800  2
  62.7900  -5.5800  2
  62.8300  -5.8900  2
  62.8400  -6.0000  2
  62.8400  -6.1800  2
  62.8500  -6.3200  2
  62.9000  -6.5400  2
  62.8700  -6.6800  2
  62.8800  -6.7500  2
  62.8800  -6.7400  3
  99.0000   0.0000  3
 93X5012 303 114 200.00   0.00 BA 3000  7
  57.8000 -21.7800  3
  57.7700 -21.8500  2
  57.7500 -21.8800  2
  57.7100 -21.9900  2
  57.6700 -22.0600  2
  57.6100 -22.1400  2
  57.5500 -22.1600  2
  57.4900 -22.2000  2
  57.4600 -22.2400  2
  57.4300 -22.2900  2
  57.4000 -22.3900  2
  57.3100 -22.5300  2
  57.2500 -22.6000  2
  57.1800 -22.6200  2
  57.1400 -22.6600  2
  57.0700 -22.7800  2
  57.0000 -22.8900  2
  56.9400 -22.9900  2
  56.8700 -23.0900  2
  56.7700 -23.2600  2
  56.7500 -23.2800  2
  56.7100 -23.3300  2
  56.6500 -23.4400  2
  56.6100 -23.5100  2
  56.5800 -23.6000  2
  56.5400 -23.7000  2
  56.4900 -23.8100  2
  56.4400 -23.9500  2
  56.3600 -24.1300  2
  56.3000 -24.2200  2
  56.2400 -24.2600  2
  56.2000 -24.3300  2
  56.1800 -24.3900  2
  56.1000 -24.4600  2
  56.0400 -24.5600  2
  56.0200 -24.6600  2
  55.9500 -24.6900  2
  55.8700 -24.7900  2
  55.7400 -24.9200  2
  55.6400 -25.0200  2
  55.5600 -25.0100  2
  55.5100 -25.0000  2
  55.4300 -24.9900  2
  55.3700 -24.9200  2
  55.3400 -24.8900  2
  55.3500 -24.7700  2
  55.3700 -24.6800  2
  55.3700 -24.6300  2
  55.3500 -24.7000  2
  55.2900 -24.7500  2
  55.2700 -24.8600  2
  55.3200 -25.0600  2
  55.3500 -25.2600  2
  55.3300 -25.3600  2
  55.2500 -25.4000  2
  55.1900 -25.3200  2
  55.1500 -25.2900  2
  55.1200 -25.3700  2
  54.9900 -25.4900  2
  54.8900 -25.5200  2
  54.8000 -25.5300  2
  54.6600 -25.6300  2
  54.5500 -25.7300  2
  54.4000 -25.8400  2
  54.3200 -25.8700  2
  54.2500 -25.8900  2
  54.2000 -25.8300  2
  54.1500 -25.8000  2
  54.1400 -25.7400  2
  54.0600 -25.6200  2
  54.0500 -25.5200  2
  54.1100 -25.4200  2
  54.1400 -25.3600  2
  54.1000 -25.3300  2
  54.1200 -25.2400  2
  54.1200 -25.1100  2
  54.1400 -25.0500  2
  54.1700 -25.0300  2
  54.1900 -24.9000  2
  54.2100 -24.9100  2
  54.2700 -24.8300  2
  54.3400 -24.7400  2
  54.3800 -24.6200  2
  54.4400 -24.5100  2
  54.4300 -24.4200  2
  54.4900 -24.3700  2
  54.5500 -24.4200  2
  54.6100 -24.4000  2
  54.6500 -24.2700  2
  54.6500 -24.2000  2
  54.6100 -24.0900  2
  54.5800 -23.9500  2
  54.6600 -23.7300  2
  54.6600 -23.5800  2
  54.6500 -23.4000  2
  54.7000 -23.2100  2
  54.7700 -23.1200  2
  54.8000 -23.0400  2
  54.8900 -22.9500  2
  54.9800 -22.8200  2
  55.0200 -22.6000  2
  55.0100 -22.3900  2
  54.9800 -22.2100  2
  54.9600 -22.0800  2
  54.9200 -21.9300  2
  54.8700 -21.7700  2
  54.8100 -21.5600  2
  54.7800 -21.4500  2
  54.7100 -21.3700  2
  54.5900 -21.3300  2
  54.4800 -21.3200  2
  54.4200 -21.3400  2
  54.4400 -21.4300  2
  54.4300 -21.4200  3
  99.0000   0.0000  3
 93X5012 303 147 200.00   0.00 BA 2000  6
  55.7800 -20.5000  3
  55.7900 -20.5900  2
  55.7900 -20.6700  2
  55.7700 -20.7500  2
  55.7200 -20.8500  2
  55.6800 -20.9200  2
  55.6400 -21.0200  2
  55.5800 -21.1000  2
  55.5600 -21.2000  2
  55.5300 -21.3200  2
  55.5100 -21.4100  2
  55.4600 -21.5400  2
  55.4400 -21.6800  2
  55.4400 -21.7800  2
  55.4300 -21.9400  2
  55.4200 -22.0800  2
  55.4000 -22.3600  2
  55.4200 -22.4800  2
  55.4300 -22.5800  2
  55.4600 -22.5800  2
  55.4700 -22.5300  2
  55.5000 -22.4900  2
  55.5100 -22.5600  2
  55.5100 -22.6500  2
  55.5500 -22.6800  2
  55.6000 -22.7000  2
  55.5800 -22.7700  2
  55.5700 -22.7900  2
  55.6200 -22.8500  2
  55.6500 -22.9600  2
  55.6500 -23.0400  2
  55.5900 -23.0000  2
  55.5300 -22.9200  2
  55.4900 -22.9500  2
  55.5100 -23.0900  2
  55.5600 -23.1600  2
  55.6200 -23.2400  2
  55.6600 -23.1900  2
  55.6700 -23.1200  2
  55.6900 -23.1700  2
  55.7300 -23.2900  2
  55.7100 -23.3900  2
  55.7000 -23.5200  2
  55.6800 -23.6400  2
  55.6200 -23.7900  2
  55.5900 -23.9300  2
  55.6000 -24.1600  2
  55.6300 -24.1300  2
  55.6600 -24.0400  2
  55.6900 -23.9700  2
  55.7000 -23.8500  2
  55.7200 -23.7300  2
  55.7700 -23.6700  2
  55.8300 -23.5800  2
  55.8700 -23.4800  2
  55.9200 -23.3500  2
  55.8900 -23.3200  2
  55.9500 -23.2000  2
  56.0100 -23.1100  2
  56.0800 -23.0000  2
  56.1400 -22.9000  2
  56.2000 -22.8200  2
  56.2600 -22.7500  2
  56.3300 -22.6300  2
  56.3500 -22.5000  2
  56.3600 -22.4000  2
  56.3700 -22.2400  2
  56.3800 -22.1000  2
  56.3900 -22.2100  2
  56.4300 -22.2900  2
  56.4500 -22.2100  2
  56.4700 -22.0800  2
  56.5000 -22.0600  2
  56.5000 -22.2000  2
  56.5400 -22.1800  2
  56.5500 -22.0100  2
  56.5600 -21.9100  2
  56.6000 -21.8400  2
  56.6300 -21.8700  2
  56.6800 -21.7900  2
  56.7500 -21.6800  2
  56.8100 -21.6000  2
  56.8300 -21.4900  2
  56.8600 -21.4400  2
  56.8700 -21.4900  2
  56.9000 -21.4700  2
  56.9200 -21.3700  2
  57.0100 -21.3300  2
  57.0800 -21.2200  2
  57.0900 -21.0800  2
  57.1000 -20.9800  2
  57.1600 -20.9300  2
  57.2600 -20.8700  2
  57.3300 -20.8000  2
  57.4100 -20.7300  2
  57.4700 -20.6400  2
  57.5200 -20.6200  2
  57.5900 -20.5800  2
  57.6700 -20.5500  2
  57.7500 -20.4900  2
  57.8200 -20.4400  2
  57.8800 -20.4100  2
  57.9700 -20.3300  2
  58.0500 -20.2300  2
  58.1300 -20.1100  2
  58.2200 -19.9700  2
  58.2800 -19.8700  2
  58.3200 -19.7600  2
  58.4000 -19.7200  2
  58.4300 -19.6800  2
  58.4500 -19.5800  2
  58.5100 -19.5100  2
  58.5800 -19.4400  2
  58.6400 -19.4500  2
  58.7200 -19.4000  2
  58.7700 -19.2400  2
  58.8200 -19.1500  2
  58.8700 -19.0400  2
  58.9200 -18.9800  2
  58.9500 -18.8800  2
  58.9900 -18.7600  2
  59.0600 -18.6600  2
  59.1500 -18.5300  2
  59.2100 -18.4300  2
  59.2400 -18.3500  2
  59.2700 -18.2900  2
  59.3100 -18.1900  2
  59.3200 -18.1200  2
  59.3600 -18.0200  2
  59.4300 -17.9300  2
  59.4800 -17.8300  2
  59.5100 -17.6200  2
  59.5500 -17.3000  2
  59.5900 -17.0600  2
  59.6300 -16.8800  2
  59.6600 -16.7200  2
  59.7200 -16.4900  2
  59.7500 -16.3500  2
  59.7500 -16.1600  2
  59.7400 -16.0300  2
  59.7300 -15.9400  2
  59.8200 -15.9000  2
  59.8900 -15.7400  2
  59.9000 -15.6500  2
  59.9500 -15.5200  2
  60.0100 -15.4600  2
  60.0100 -15.4600  3
  99.0000   0.0000  3
