 92X  13 302  37   9.67   0.00 AN     5 2
  44.7000 -26.5300  3
  44.6500 -26.5300  2
  44.5000 -26.6100  2
  44.5300 -26.9300  3
  44.4200 -26.8500  2
  44.3600 -27.0000  2
  44.2500 -27.0400  2
  44.0800 -27.0000  2
  43.9400 -27.0000  2
  43.7400 -27.1200  2
  43.7700 -27.4000  2
  43.6300 -27.6700  3
  43.5100 -27.7100  2
  43.3100 -27.7100  2
  43.1400 -27.7500  2
  42.8800 -27.7900  2
  42.6800 -27.7900  2
  42.5300 -27.7500  2
  42.2700 -27.7400  2
  42.0900 -27.7800  2
  41.8600 -27.8200  2
  41.6500 -27.9000  2
  41.3600 -28.0200  2
  41.1200 -27.9800  2
  41.0000 -27.8200  2
  40.8200 -27.9000  2
  40.6500 -27.9000  2
  40.5000 -27.9400  2
  40.2200 -28.2900  3
  40.1600 -28.3700  2
  39.9800 -28.3300  2
  39.8000 -28.3700  2
  39.5900 -28.4000  2
  39.3800 -28.3600  2
  39.2500 -28.4400  2
  39.1300 -28.4000  2
  39.1300 -28.3600  3
  99.0000   0.0000  3
 92X  14 302  47  19.90   0.00 AN     6 2
  44.4800 -25.3500  3
  44.3900 -25.3100  2
  44.3100 -25.3500  2
  44.2300 -25.3500  2
  44.1700 -25.5400  3
  44.0300 -25.5400  2
  43.9700 -25.5400  2
  43.8900 -25.6600  3
  43.7700 -25.7000  2
  43.6600 -25.8200  2
  43.4600 -25.8600  2
  43.3400 -25.9000  2
  43.2000 -25.9400  2
  43.0600 -25.9700  2
  42.9700 -26.0100  2
  42.9100 -26.0500  2
  42.9100 -26.2500  3
  42.8200 -26.2900  2
  42.7100 -26.2900  2
  42.5600 -26.3300  2
  42.3900 -26.3700  2
  42.2100 -26.3600  2
  41.9200 -26.3600  2
  41.8300 -26.4000  2
  41.6900 -26.4400  2
  41.5100 -26.4400  2
  41.3900 -26.5200  2
  41.3300 -26.6400  2
  41.3300 -26.6000  2
  41.2100 -26.6000  2
  41.0900 -26.6400  2
  40.9200 -26.6400  2
  40.8000 -26.6800  2
  40.6500 -26.7100  2
  40.5000 -26.7500  2
  40.4100 -26.7500  2
  40.2600 -27.0700  3
  40.1400 -27.1100  2
  39.9000 -27.0700  2
  39.7700 -27.0300  2
  39.5600 -27.0300  2
  39.3800 -27.0300  2
  39.2600 -26.9900  2
  39.0400 -26.9800  2
  38.9200 -27.0200  2
  38.8900 -27.0200  2
  38.8900 -27.0200  3
  99.0000   0.0000  3
 92X  15 302  39  35.58   0.00 AN    13 6
  44.1400 -23.6100  3
  44.0900 -23.6500  2
  44.0000 -23.7700  2
  43.8300 -23.9700  2
  43.7200 -24.0100  2
  43.6000 -24.0800  2
  43.3500 -24.1200  2
  43.1700 -24.2000  2
  43.0300 -24.2400  2
  42.8600 -24.2800  2
  42.6800 -24.2800  2
  42.3300 -24.7500  3
  42.2200 -24.7900  2
  42.0700 -24.7900  2
  41.9200 -24.7900  2
  41.8400 -24.7900  2
  41.5700 -24.7100  2
  41.4200 -24.7100  2
  41.3100 -24.7100  2
  41.2200 -24.7100  2
  40.7400 -24.7400  3
  40.6200 -24.7800  2
  40.5300 -24.8200  2
  40.5000 -24.9000  2
  40.3800 -24.9400  2
  40.2900 -24.9400  2
  40.1100 -24.9800  2
  39.9600 -25.0200  2
  39.8700 -24.9800  2
  39.6900 -25.4900  3
  39.5600 -25.5300  2
  39.4100 -25.5700  2
  39.2000 -25.8400  3
  39.1100 -25.9200  2
  38.9800 -26.0000  2
  38.8600 -26.1200  2
  38.7400 -26.2000  2
  38.5200 -26.2700  2
  38.4900 -26.2700  3
  99.0000   0.0000  3
 328   1 302  87  43.00   0.00 TH 000   1
  37.4100  -5.9900  3
  37.3800  -6.0600  2
  37.3800  -6.1200  2
  37.3800  -6.1800  2
  37.2600  -6.5100  2
  37.2300  -6.6300  2
  37.2100  -6.6800  2
  37.1500  -6.8100  2
  37.1000  -6.9000  2
  37.0800  -6.9300  2
  37.0600  -6.9700  2
  37.0300  -7.0300  2
  36.9500  -7.1500  2
  36.9000  -7.2400  2
  36.8800  -7.2800  2
  36.8600  -7.3100  2
  36.8300  -7.3500  2
  36.7900  -7.4100  2
  36.7600  -7.4400  2
  36.7200  -7.4700  2
  36.6800  -7.5200  2
  36.6300  -7.5500  2
  36.5900  -7.5600  2
  36.5300  -7.6100  2
  36.5000  -7.6300  2
  36.4800  -7.6500  2
  36.4400  -7.6900  2
  36.4100  -7.7200  2
  36.3900  -7.7700  2
  36.3800  -7.8000  2
  36.3600  -7.8400  2
  36.3400  -7.9000  2
  36.3300  -7.9200  2
  36.3100  -8.0000  2
  36.2900  -8.0400  2
  36.2900  -8.0900  2
  36.2700  -8.1400  2
  36.2600  -8.1600  2
  36.2400  -8.2100  2
  36.2200  -8.2700  2
  36.2000  -8.3200  2
  36.1700  -8.3700  2
  36.1500  -8.4200  2
  36.1600  -8.5000  2
  36.1300  -8.5600  2
  36.1300  -8.6300  2
  36.1600  -8.7100  2
  36.2000  -8.7900  2
  36.2300  -8.8300  2
  36.2400  -8.8800  2
  36.2900  -8.9600  2
  36.3100  -9.0000  2
  36.3200  -9.0500  2
  36.3400  -9.0900  2
  36.3600  -9.1500  2
  36.3700  -9.1900  2
  36.3800  -9.2500  2
  36.3900  -9.3100  2
  36.4100  -9.3400  2
  36.4400  -9.4000  2
  36.4700  -9.4600  2
  36.5000  -9.5800  2
  36.5300  -9.6200  2
  36.5400  -9.7400  2
  36.5300  -9.8400  2
  36.5300  -9.9100  2
  36.5200 -10.0000  2
  36.4900 -10.0600  2
  36.4800 -10.1500  2
  36.4700 -10.2400  2
  36.4500 -10.3000  2
  36.4300 -10.3700  2
  36.4000 -10.4600  2
  36.3600 -10.5300  2
  36.3300 -10.6000  2
  36.2900 -10.7000  2
  36.2800 -10.7600  2
  36.2600 -10.8000  2
  36.2200 -10.8700  2
  36.1900 -10.9400  2
  36.1400 -11.0200  2
  36.1100 -11.0500  2
  36.0900 -11.0700  2
  36.0500 -11.0900  2
  36.0100 -11.0900  2
  36.0000 -11.0800  2
  36.0000 -11.0800  3
  99.0000   0.0000  3
 328   2 302  20  43.00   0.00 TH 000   1
  36.0400  -5.5900  3
  36.0900  -5.5800  2
  36.1300  -5.5700  2
  36.1800  -5.5400  2
  36.2300  -5.5100  2
  36.2900  -5.4900  2
  36.3400  -5.4800  2
  36.4100  -5.4800  2
  36.4800  -5.4800  2
  36.5200  -5.4800  2
  36.5700  -5.4900  2
  36.6000  -5.5000  2
  36.6000  -5.5300  2
  36.6100  -5.5700  2
  36.6500  -5.5900  2
  36.6900  -5.6300  2
  36.7000  -5.6600  2
  36.0200  -5.6000  2
  36.0400  -5.5600  2
  36.0400  -5.5600  3
  99.0000   0.0000  3
 92X  16 302  46  49.55   0.00 AN    21 1
  44.8000 -21.1300  3
  44.7400 -21.1700  2
  44.6600 -21.1700  2
  44.4300 -21.4100  2
  44.3500 -21.4100  2
  44.2000 -21.7200  3
  44.1500 -21.6400  2
  44.1200 -21.6800  2
  43.9800 -21.8800  3
  43.9200 -21.8800  2
  43.0900 -21.9900  3
  43.0900 -21.9900  2
  42.8900 -22.0700  2
  42.7700 -22.1500  2
  42.6000 -22.1900  2
  42.5100 -22.2300  2
  42.3700 -22.3100  2
  42.4500 -22.8600  3
  42.3700 -22.8600  2
  42.1900 -22.9000  2
  42.0500 -22.9400  2
  41.8400 -23.0100  2
  41.6600 -23.0100  2
  41.4600 -23.0500  2
  41.2800 -23.0500  2
  41.1000 -23.0500  2
  40.9200 -23.0100  2
  40.8000 -22.9300  2
  40.7700 -22.8500  2
  40.6000 -22.8500  2
  40.4500 -22.8900  2
  40.2700 -22.9700  2
  40.2900 -23.0900  2
  40.2000 -23.0900  2
  40.0500 -23.2800  3
  40.0200 -23.2800  2
  39.9900 -23.2000  2
  39.9300 -23.0900  2
  39.7500 -23.1600  2
  39.6300 -23.2000  2
  39.4800 -23.2800  2
  39.4200 -23.2800  2
  39.3300 -23.3200  2
  39.2300 -23.4800  3
  39.1400 -23.5600  2
  38.9900 -23.6300  2
  38.6800 -23.8300  3
  38.6200 -23.8300  2
  38.5300 -23.8700  2
  38.3700 -24.1800  3
  38.3100 -24.1800  2
  38.2200 -24.2200  2
  38.1300 -24.2200  2
  37.9400 -24.2200  2
  37.8800 -24.2600  2
  37.8800 -24.3400  3
  99.0000   0.0000  3
 92X  17 302  28  58.94   0.00 AN    25 5
  44.6300 -19.1200  3
  44.6000 -19.1200  2
  44.4300 -19.2000  2
  44.2700 -19.3200  2
  44.0700 -19.4000  2
  43.9000 -19.5100  2
  43.7000 -19.5900  2
  43.5000 -19.6700  2
  43.3300 -19.7500  2
  43.1500 -19.8300  2
  43.0100 -19.8700  2
  42.4000 -20.8100  3
  42.4000 -20.8100  2
  42.2200 -20.8900  2
  41.9300 -20.8900  2
  41.7300 -20.9300  2
  41.5800 -20.9200  2
  41.3400 -20.9600  2
  41.1700 -20.9600  2
  40.9900 -21.0400  2
  40.7500 -21.0800  2
  40.5400 -21.2000  2
  40.2700 -21.2800  2
  40.0900 -21.3500  2
  39.8800 -21.3900  2
  39.6300 -21.5500  2
  39.2700 -21.6300  2
  39.1500 -21.7000  2
  38.9900 -21.7800  2
  38.8100 -21.8600  2
  38.5900 -21.8600  2
  38.4400 -22.0200  2
  38.1300 -22.1300  2
  37.9400 -22.2900  2
  37.7200 -22.4500  2
  37.5700 -22.5700  2
  37.4400 -22.6100  2
  37.3200 -22.6400  2
  37.2600 -22.6000  3
  99.0000   0.0000  3
 92X  18 302  30  67.58   0.00 AN    30 4
  45.0300 -17.1200  3
  44.8900 -17.2300  2
  44.6900 -17.3500  2
  44.4900 -17.5100  2
  44.3000 -17.6600  2
  44.1600 -17.7800  2
  43.9900 -17.8600  2
  43.8700 -17.9800  2
  43.7600 -18.1000  2
  43.6100 -18.1700  2
  43.4700 -18.2100  2
  43.2400 -18.3300  2
  43.0700 -18.4100  2
  42.8700 -18.5300  2
  42.7200 -18.6800  2
  42.1400 -19.0400  3
  41.9600 -19.0700  2
  41.8500 -19.0700  2
  41.7000 -19.0700  2
  41.5500 -19.0700  2
  41.3200 -19.1500  2
  41.2000 -19.1900  2
  40.9300 -19.3100  3
  40.9000 -19.3100  2
  40.6900 -19.3500  2
  40.5700 -19.3800  2
  40.3900 -19.4200  2
  40.1500 -19.5000  2
  39.9400 -19.5400  2
  39.7600 -19.5400  2
  39.6400 -19.5800  2
  39.2700 -19.7000  3
  39.2100 -19.7700  2
  39.0900 -19.8500  2
  38.9000 -19.9700  2
  38.6300 -20.1300  2
  38.3800 -20.2800  2
  38.2000 -20.4000  2
  37.9800 -20.5200  2
  37.7600 -20.6400  2
  37.5700 -20.7900  2
  37.3200 -20.9100  2
  37.1600 -21.0300  2
  37.0400 -21.1100  2
  37.0400 -21.1100  3
  99.0000   0.0000  3
 92X  19 302  31  72.46   0.00 AN    32 6
  41.7900 -18.6800  3
  41.7300 -18.7200  2
  41.6100 -18.6800  2
  41.4100 -18.7200  2
  41.2300 -18.7600  2
  41.1700 -18.7600  2
  40.8100 -18.8300  3
  40.7800 -18.8700  2
  40.6000 -18.8700  2
  40.4500 -18.9100  2
  40.1500 -18.9500  3
  40.0900 -19.0300  2
  39.9100 -18.9900  2
  39.7300 -19.0700  2
  39.5200 -19.0700  2
  39.3000 -19.1400  2
  38.7200 -19.5800  3
  38.5700 -19.6900  2
  38.4400 -19.6900  2
  38.2600 -19.7700  2
  38.0700 -19.8900  2
  37.9500 -20.0500  2
  37.7900 -20.1200  2
  37.6400 -20.2800  2
  37.5100 -20.4000  2
  37.3500 -20.5200  2
  37.3200 -20.5600  2
  37.2000 -20.6300  2
  37.1300 -20.7100  2
  37.0700 -20.7500  3
  37.0700 -20.7500  3
  99.0000   0.0000  3
 92X  20 302  35  77.24   0.00 AN    33 1
  41.9700 -18.3300  3
  41.8500 -18.2900  2
  41.7300 -18.2500  2
  41.6400 -18.2900  2
  41.5300 -18.4400  2
  41.3800 -18.4400  2
  41.0200 -18.4400  3
  40.9600 -18.4800  2
  40.8700 -18.4400  2
  40.6900 -18.5600  3
  40.5700 -18.6000  2
  40.4500 -18.6000  2
  40.2400 -18.6300  3
  40.1500 -18.6700  2
  40.0000 -18.7100  2
  39.8500 -18.7100  2
  39.7300 -18.7500  2
  39.5800 -18.7500  2
  39.4300 -18.7900  2
  39.2700 -18.8700  2
  38.6600 -19.2200  3
  38.6300 -19.2600  2
  38.4800 -19.2600  2
  38.3500 -19.3400  2
  38.0700 -19.4900  3
  38.0400 -19.5300  2
  37.9500 -19.5300  2
  37.7900 -19.6100  2
  37.6100 -19.8100  3
  37.5700 -19.8500  2
  37.4200 -19.9300  2
  37.3500 -20.0000  2
  37.2300 -20.1200  2
  37.1400 -20.1600  2
  37.1000 -20.1600  3
  99.0000   0.0000  3
 92X  21 302  48  80.17   0.00 AN   33R 2
  45.0000 -15.0700  3
  44.9700 -15.1800  2
  44.8600 -15.4200  2
  44.6900 -15.6200  2
  44.5300 -15.8500  2
  44.4100 -15.9700  2
  44.2700 -16.1300  2
  44.1300 -16.2800  2
  43.9900 -16.3600  2
  43.7000 -16.5600  3
  43.6500 -16.5600  2
  43.5300 -16.5200  2
  43.3900 -16.6000  2
  43.2200 -16.6800  2
  43.0400 -16.7500  2
  42.8700 -16.7900  2
  42.7600 -16.8300  2
  42.6100 -16.8700  2
  42.1400 -17.0700  3
  42.0000 -17.1400  2
  41.9100 -17.1400  2
  41.7600 -17.3400  3
  41.6700 -17.3800  2
  41.4400 -17.4200  2
  41.2300 -17.5300  2
  41.0800 -17.5700  2
  40.9000 -17.6900  2
  40.7000 -17.7700  2
  40.5200 -17.8500  2
  40.3700 -17.8500  2
  40.1500 -18.0000  2
  40.0000 -18.0000  2
  39.8200 -18.0400  3
  39.7600 -18.0800  2
  39.6100 -18.0800  2
  38.9700 -18.3900  3
  38.8200 -18.4300  2
  38.6600 -18.4700  2
  38.5400 -18.5100  2
  38.3200 -18.5900  2
  38.1700 -18.6300  2
  37.8900 -18.8200  3
  37.8300 -18.9000  2
  37.7000 -18.9800  2
  37.5800 -19.1000  2
  37.4200 -19.2200  2
  37.3300 -19.2900  2
  37.2900 -19.2600  3
  99.0000   0.0000  3
 92X  22 302  47  84.00   0.00 AN    34 3
  44.7800 -14.7900  3
  44.7200 -14.9100  2
  44.6400 -15.0300  2
  44.5300 -15.1800  2
  44.3900 -15.3000  2
  44.2400 -15.4600  2
  44.1300 -15.6100  2
  43.9600 -15.7700  2
  43.8500 -15.8900  2
  43.7000 -16.0900  2
  43.5000 -16.1600  2
  43.2500 -16.2000  2
  43.0700 -16.2400  2
  42.9000 -16.3200  2
  42.7300 -16.4400  2
  42.5800 -16.4800  2
  42.3500 -16.5100  2
  42.1700 -16.5900  2
  41.8500 -16.7500  3
  41.7300 -16.7900  2
  41.4700 -16.8300  2
  41.3200 -16.9000  2
  41.1100 -16.9800  2
  40.9400 -17.0200  2
  40.7300 -17.1000  2
  40.5500 -17.1400  2
  40.4300 -17.2200  2
  40.1900 -17.4100  3
  40.1600 -17.4100  2
  40.0100 -17.4500  2
  39.6400 -17.5300  3
  39.6100 -17.5700  2
  39.3700 -17.6100  2
  39.2200 -17.7300  2
  39.2200 -17.7300  3
  39.1500 -17.7600  2
  38.9400 -17.8400  2
  38.7200 -17.9200  2
  38.4500 -17.9600  2
  38.2900 -18.0400  2
  38.1100 -18.0800  2
  37.9800 -18.1100  2
  37.6700 -18.4300  3
  37.6100 -18.5100  2
  37.4500 -18.5500  2
  37.3600 -18.5900  2
  37.3600 -18.5900  3
  99.0000   0.0000  3
 92X  23 302  20 118.35   0.00 AN    M0 4
  41.2400 -13.5200  3
  41.0600 -13.5200  2
  40.8800 -13.5100  2
  40.7000 -13.5100  2
  40.5200 -13.5100  2
  40.5200 -13.6700  3
  40.4600 -13.7100  2
  40.1900 -13.7500  2
  40.0400 -13.7500  2
  39.8300 -13.6300  2
  39.6500 -13.5900  2
  39.1300 -13.2700  3
  38.9800 -13.3500  2
  38.8600 -13.2700  2
  38.5800 -13.3100  2
  38.3300 -13.3500  2
  38.2100 -13.3900  2
  37.9900 -13.4300  2
  37.8400 -13.4600  2
  55.5700  12.8700  3
  99.0000   0.0000  3
 3XX 999 302  13 580.00   0.00 GR 000   7
  39.9400  -5.6500  3
  39.9500  -5.1400  2
  39.9400  -4.3800  2
  41.0400  -5.1000  3
  39.9500  -5.1600  2
  39.1100  -5.0600  2
  39.9600  -0.6100  3
  39.9900  -0.0700  2
  39.9300   0.5800  2
  40.7500  -0.0600  3
  39.9100  -0.0400  2
  39.1100  -0.0500  2
  48.4100  15.2900  3
  99.0000   0.0000  3
 30X 100 302 990 600.00   0.00 CS 000   7
  42.0700   3.2600  3
  41.9500   3.3200  2
  41.7900   3.1600  2
  41.6200   2.8300  2
  41.4700   2.4600  2
  41.2900   2.2200  2
  41.2100   1.9000  2
  41.0900   1.5000  2
  40.9900   1.1400  2
  40.7900   0.9200  2
  40.6900   0.9200  2
  40.5800   0.7700  2
  40.3700   0.5500  2
  40.1800   0.4000  2
  39.9900   0.2600  2
  39.8200   0.0700  2
  39.6300  -0.1000  2
  39.4500  -0.1700  2
  39.3900  -0.2100  2
  39.3600  -0.2300  2
  39.3300  -0.2300  2
  39.2500  -0.1600  2
  39.1100  -0.1300  2
  39.0100  -0.0800  2
  38.9400   0.0100  2
  38.8900   0.1000  2
  38.8700   0.2500  2
  38.7800   0.3100  2
  38.6500   0.2300  2
  38.5000  -0.0100  2
  38.4200  -0.1800  2
  38.3100  -0.3000  2
  38.1800  -0.3900  2
  38.0800  -0.4800  2
  37.9400  -0.5200  2
  37.8300  -0.6100  2
  37.7000  -0.6600  2
  37.6200  -0.6200  2
  37.5900  -0.7900  2
  37.5800  -1.0000  2
  37.5500  -1.2000  2
  37.4300  -1.3600  2
  37.2800  -1.5700  2
  37.1500  -1.6300  2
  37.0100  -1.6900  2
  36.8900  -1.7700  2
  36.8000  -1.8700  2
  36.7800  -2.0100  2
  36.8200  -2.2300  2
  36.7300  -2.5100  2
  36.7400  -2.7400  2
  36.7900  -3.0300  2
  36.7500  -3.3200  2
  36.7800  -3.5600  2
  36.7500  -3.8800  2
  36.7300  -4.0500  2
  36.7100  -4.2200  2
  36.5300  -4.4300  2
  36.5100  -4.6600  2
  36.4400  -4.8700  2
  36.3100  -5.0200  2
  36.2200  -5.0800  2
  36.1500  -5.1700  2
  36.1400  -5.2100  2
  36.1100  -5.2400  2
  36.0900  -5.3100  2
  36.0900  -5.4100  2
  36.1300  -5.6200  2
  36.2600  -5.8400  2
  36.4000  -5.9600  2
  36.5000  -6.0400  2
  36.6300  -6.0600  2
  36.7200  -6.1900  2
  36.8700  -6.2000  2
  36.9900  -6.2800  2
  37.1000  -6.4300  2
  37.1600  -6.5800  2
  37.2100  -6.7100  2
  37.2400  -6.8400  2
  37.2400  -6.9800  2
  37.2200  -7.2400  2
  41.8200  -8.6400  3
  41.6500  -8.5900  2
  41.3900  -8.5400  2
  41.2100  -8.4800  2
  41.0900  -8.5000  2
  40.9600  -8.5200  2
  40.8100  -8.5500  2
  40.6500  -8.5900  2
  40.5300  -8.6500  2
  40.3000  -8.7000  2
  40.0900  -8.7300  2
  39.9400  -8.7700  2
  39.7900  -8.8500  2
  39.6900  -8.8800  2
  39.5200  -8.9900  2
  39.3700  -9.1300  2
  39.2700  -9.2100  2
  39.1700  -9.2100  2
  39.0100  -9.2100  2
  38.9000  -9.2600  2
  38.8100  -9.2900  2
  38.7600  -9.2800  2
  38.6900  -9.1200  2
  38.5500  -9.0000  2
  38.4600  -8.9500  2
  38.5000  -8.8100  2
  38.5300  -8.6500  2
  38.5400  -8.5500  2
  38.4800  -8.5600  2
  38.4200  -8.6200  2
  38.3500  -8.6100  2
  38.1900  -8.6100  2
  38.0200  -8.6500  2
  37.9200  -8.6200  2
  37.8000  -8.6300  2
  37.7800  -8.6300  2
  37.7300  -8.6300  2
  37.6000  -8.6200  2
  37.4700  -8.6500  2
  37.2800  -8.7500  2
  37.1200  -8.7600  2
  37.0700  -8.7000  2
  37.1200  -8.5100  2
  37.1200  -8.2900  2
  37.1100  -8.0500  2
  37.0600  -7.8900  2
  37.0600  -7.6900  2
  37.1100  -7.5200  2
  37.1800  -7.3900  2
  37.2000  -7.2700  2
  37.2200  -7.2400  2
  43.4300  -3.8000  3
  43.4200  -4.1500  2
  43.4300  -4.4700  2
  43.4900  -4.8700  2
  43.5300  -5.0800  2
  43.5400  -5.2900  2
  43.6100  -5.6300  2
  43.6300  -5.8500  2
  43.5600  -6.0400  2
  43.5500  -6.4100  2
  43.5500  -6.7900  2
  43.6000  -7.1400  2
  43.7000  -7.4100  2
  43.7300  -7.6000  2
  43.7000  -7.7800  2
  43.6600  -8.0200  2
  43.5200  -8.1400  2
  43.4200  -8.1300  2
  43.3200  -8.2700  2
  43.3100  -8.6200  2
  43.2600  -8.8300  2
  43.1500  -9.0400  2
  42.9700  -9.1200  2
  42.8700  -8.9700  2
  42.8000  -8.8400  2
  42.6800  -8.8600  2
  42.6200  -8.7400  2
  42.6300  -8.6500  2
  42.4500  -8.7700  2
  42.4000  -8.6100  2
  42.2800  -8.6600  2
  42.3000  -8.5100  2
  42.1800  -8.6300  2
  42.0100  -8.6900  2
  41.8900  -8.6800  2
  41.8200  -8.6400  2
  35.7500  -5.7800  3
  35.8200  -5.6800  2
  35.8500  -5.5200  2
  35.9200  -5.3000  2
  35.8300  -5.2300  2
  99.0000   0.0000  3
 9XX   1 302  33 250.00   0.00 MA 000   6
  42.0900   3.3700  3
  42.3700   1.9300  2
  43.0200  -0.3900  2
  43.5800  -1.8700  2
  44.2600  -3.5600  2
  44.4300  -4.6100  2
  44.2600  -6.4400  2
  44.6100  -9.0400  2
  44.2000  -9.3600  2
  44.2000  -9.8500  2
  43.3900  -9.9200  2
  42.4600  -9.6700  2
  41.7300  -9.4200  2
  40.8900  -9.4600  2
  40.0900  -9.5300  2
  38.8400  -9.7700  2
  37.8200  -9.8700  2
  36.7800  -9.8000  2
  36.5300  -8.7100  2
  36.8100  -7.5200  2
  36.2200  -6.0000  2
  36.1400  -4.9800  2
  36.3400  -3.7500  2
  36.3400  -2.7700  2
  36.4800  -1.8500  2
  37.4700  -0.4100  2
  38.4100   0.5300  2
  39.3200   1.0600  2
  40.3700   1.9300  2
  41.1200   2.6700  2
  41.8000   3.1300  2
  42.1700   3.5800  2
  42.2500   3.8300  3
  99.0000   0.0000  3
 9XX   2 302  12 120.00   0.00 MA 000   5
  44.0000 -10.0600  3
  43.0800 -10.2000  2
  43.5900 -11.3600  2
  43.4100 -12.2400  2
  42.3800 -12.4100  2
  41.2000 -11.7400  2
  41.2600  -9.9500  2
  39.9000 -10.3700  2
  39.1400 -10.9300  2
  38.2600  -9.9800  2
  36.7000  -9.8700  2
  36.7000  -9.8700  3
  99.0000   0.0000  3
 93X 500 302 200 199.00   0.00 BA 0     5
  36.1400  -7.6300  3
  36.1700  -7.6700  2
  36.1400  -7.7200  2
  36.1800  -7.7400  2
  36.2100  -7.7300  2
  36.2300  -7.7400  2
  36.2700  -7.7700  2
  36.3000  -7.7500  2
  36.3500  -7.7300  2
  36.3800  -7.7200  2
  36.3600  -7.7700  2
  36.3500  -7.8300  2
  36.3700  -7.8800  2
  36.4000  -7.9400  2
  36.4200  -7.9800  2
  36.4600  -8.0200  2
  36.5100  -8.0700  2
  36.5500  -8.1400  2
  36.5700  -8.1900  2
  36.5900  -8.2700  2
  36.6000  -8.3400  2
  36.6000  -8.4000  2
  36.6200  -8.4500  2
  36.6400  -8.4900  2
  36.6700  -8.5000  2
  36.7000  -8.5100  2
  36.7100  -8.5600  2
  36.6700  -8.5800  2
  36.6300  -8.6100  2
  36.6000  -8.6800  2
  36.5900  -8.7400  2
  36.5900  -8.8000  2
  36.6200  -8.7900  2
  36.6200  -8.8300  2
  36.6300  -8.9400  2
  36.6600  -9.0300  2
  36.6700  -9.0800  2
  36.6900  -9.1500  2
  36.7000  -9.1900  2
  36.7000  -9.2500  2
  36.7300  -9.3100  2
  36.7500  -9.3700  2
  36.7800  -9.4000  2
  36.8200  -9.4000  2
  36.8800  -9.3800  2
  36.9300  -9.3300  2
  36.9700  -9.2900  2
  37.0100  -9.2200  2
  37.0300  -9.1800  2
  37.0600  -9.1900  2
  37.1100  -9.2100  2
  37.1300  -9.2200  2
  37.1100  -9.2500  2
  37.1100  -9.2900  2
  37.1000  -9.3100  2
  37.1100  -9.3300  2
  37.1300  -9.3500  2
  37.1600  -9.4000  2
  37.1700  -9.4100  2
  37.2100  -9.4100  2
  37.2600  -9.4000  2
  37.3100  -9.4000  2
  37.3700  -9.3900  2
  37.4200  -9.4000  2
  37.4600  -9.4000  2
  37.4900  -9.4000  2
  37.5200  -9.4000  2
  37.5700  -9.4000  2
  37.5900  -9.4500  2
  37.6200  -9.4900  2
  37.6600  -9.5200  2
  37.6900  -9.5400  2
  37.7200  -9.5100  2
  37.7200  -9.4900  2
  37.7400  -9.4700  2
  37.7600  -9.4300  2
  37.7800  -9.4500  2
  37.8100  -9.4800  2
  37.8300  -9.4800  2
  37.8800  -9.4300  2
  37.9100  -9.4100  2
  37.9300  -9.4000  2
  37.9600  -9.3800  2
  37.9800  -9.3700  2
  38.0100  -9.3600  2
  38.0100  -9.3200  2
  38.0600  -9.3100  2
  38.1000  -9.3100  2
  38.1500  -9.2900  2
  38.1800  -9.2800  2
  38.2000  -9.2200  2
  38.2200  -9.1600  2
  38.2300  -9.1400  2
  38.2600  -9.1900  2
  38.2700  -9.2200  2
  38.3000  -9.2600  2
  38.3000  -9.3000  2
  38.2900  -9.3400  2
  38.3000  -9.3800  2
  38.3000  -9.4000  2
  38.3300  -9.3900  2
  38.3600  -9.3500  2
  38.3800  -9.3300  2
  38.3900  -9.3400  2
  38.3800  -9.3900  2
  38.3800  -9.4100  2
  38.3800  -9.4500  2
  38.3700  -9.4900  2
  38.3900  -9.5800  2
  38.3900  -9.6200  2
  38.4200  -9.6400  2
  38.4500  -9.6600  2
  38.4900  -9.6700  2
  38.5200  -9.6800  2
  38.5400  -9.7000  2
  38.5800  -9.7000  2
  38.5900  -9.7200  2
  38.5900  -9.7700  2
  38.6000  -9.8300  2
  38.6200  -9.8300  2
  38.6600  -9.8400  2
  38.6800  -9.8600  2
  38.6800  -9.9100  2
  38.7000  -9.9500  2
  38.7200  -9.9700  2
  38.7400 -10.0000  2
  38.7500 -10.0300  2
  38.7500 -10.1100  2
  38.7600 -10.1500  2
  38.7700 -10.2200  2
  38.7700 -10.2500  2
  38.8000 -10.2700  2
  38.8200 -10.2300  2
  38.8400 -10.2100  2
  38.8600 -10.1700  2
  38.8700 -10.1400  2
  38.8800 -10.1800  2
  38.9000 -10.2100  2
  38.9400 -10.2200  2
  38.9600 -10.2200  2
  38.9800 -10.2600  2
  38.9900 -10.3100  2
  39.0000 -10.3600  2
  39.0300 -10.3800  2
  39.0600 -10.3900  2
  39.0900 -10.3500  2
  39.0900 -10.3000  2
  39.1100 -10.2800  2
  39.1400 -10.2700  2
  39.1700 -10.2800  2
  39.2100 -10.2700  2
  39.2800 -10.2500  2
  39.2900 -10.2200  2
  39.3100 -10.1500  2
  39.3100 -10.0800  2
  39.3100 -10.0200  2
  39.3100  -9.9600  2
  39.3300  -9.9200  2
  39.3800  -9.8700  2
  39.4000  -9.8500  2
  39.4200  -9.7900  2
  39.4200  -9.7300  2
  39.4200  -9.6800  2
  39.4600  -9.5900  2
  39.4700  -9.5600  2
  39.5100  -9.5000  2
  39.5400  -9.4200  2
  39.5500  -9.3900  2
  39.5800  -9.3900  2
  39.5700  -9.4700  2
  39.5700  -9.5300  2
  39.5800  -9.5900  2
  39.5900  -9.6600  2
  39.6300  -9.6700  2
  39.6300  -9.6400  2
  39.6800  -9.6400  2
  39.7200  -9.6800  2
  39.7500  -9.7000  2
  39.7700  -9.6600  2
  39.8100  -9.6800  2
  39.8500  -9.7300  2
  39.8900  -9.7500  2
  39.9200  -9.7700  2
  39.9400  -9.7700  2
  39.9800  -9.7500  2
  40.0300  -9.7500  2
  40.0600  -9.7600  2
  40.0800  -9.8300  2
  40.1000  -9.8300  2
  40.1700  -9.8000  2
  40.2500  -9.7700  2
  40.3300  -9.7400  2
  40.3900  -9.7100  2
  40.4100  -9.6800  2
  40.4100  -9.6500  2
  40.4100  -9.6200  2
  40.4400  -9.5800  2
  40.4700  -9.5600  2
  40.5200  -9.5200  2
  40.5300  -9.5000  2
  99.0000   0.0000  3
 93X 500 302 173 199.00   0.00 BA 0     5
  40.5500  -9.4500  3
  40.5600  -9.4100  2
  40.5900  -9.3700  2
  40.6000  -9.3400  2
  40.6700  -9.3200  2
  40.7000  -9.3400  2
  40.7500  -9.3100  2
  40.7700  -9.2800  2
  40.8100  -9.2800  2
  40.8400  -9.3100  2
  40.8600  -9.3400  2
  40.9000  -9.3900  2
  40.9300  -9.4100  2
  40.9800  -9.3900  2
  41.0200  -9.3800  2
  41.0700  -9.4000  2
  41.1000  -9.3900  2
  41.1500  -9.3600  2
  41.1900  -9.3700  2
  41.2200  -9.3500  2
  41.2600  -9.3100  2
  41.2600  -9.2700  2
  41.2600  -9.2300  2
  41.3100  -9.1900  2
  41.3600  -9.2400  2
  41.4200  -9.2500  2
  41.4500  -9.2400  2
  41.5100  -9.2400  2
  41.5400  -9.2300  2
  41.5800  -9.2200  2
  41.6000  -9.2700  2
  41.6400  -9.3200  2
  41.6800  -9.3100  2
  41.7200  -9.3300  2
  41.7400  -9.3700  2
  41.7800  -9.3700  2
  41.8000  -9.3700  2
  41.8400  -9.4100  2
  41.8700  -9.3800  2
  41.9000  -9.4100  2
  41.9500  -9.4200  2
  41.9500  -9.3700  2
  41.9900  -9.3700  2
  42.0100  -9.4100  2
  42.0500  -9.4400  2
  42.0900  -9.4300  2
  42.1300  -9.4300  2
  42.1500  -9.4400  2
  42.1900  -9.4500  2
  42.2500  -9.4900  2
  42.2900  -9.4800  2
  42.3200  -9.4700  2
  42.3500  -9.4600  2
  42.3500  -9.4200  2
  42.2700  -9.4600  3
  42.3100  -9.4800  2
  42.3400  -9.4600  2
  42.3700  -9.4100  2
  42.4100  -9.3800  2
  42.4500  -9.4000  2
  42.4900  -9.4300  2
  42.5400  -9.4900  2
  42.5800  -9.5400  2
  42.6200  -9.5900  2
  42.6600  -9.6000  2
  42.7000  -9.6000  2
  42.7400  -9.6300  2
  42.7700  -9.6600  2
  42.8400  -9.6600  2
  42.8900  -9.6500  2
  42.9200  -9.6400  2
  42.9400  -9.6000  2
  42.9800  -9.5800  2
  43.0100  -9.6000  2
  43.0600  -9.6300  2
  43.1300  -9.6300  2
  43.1900  -9.6000  2
  43.2400  -9.5800  2
  43.3200  -9.5100  2
  43.3800  -9.4700  2
  43.3800  -9.4200  2
  43.4100  -9.3600  2
  43.4700  -9.3300  2
  43.5100  -9.2400  2
  43.5500  -9.1500  2
  43.5800  -9.0700  2
  43.5800  -9.0400  2
  43.6000  -8.9800  2
  43.6600  -8.9400  2
  43.6800  -8.8800  2
  43.7400  -8.8200  2
  43.8000  -8.8100  2
  43.8400  -8.7900  2
  43.9000  -8.7400  2
  43.9300  -8.7000  2
  44.0000  -8.7100  2
  44.0400  -8.7200  2
  44.0700  -8.7800  2
  44.1000  -8.8200  2
  44.1200  -8.8500  2
  44.1400  -8.8100  2
  44.0700  -8.9700  3
  44.0600  -9.0300  2
  44.1000  -9.0600  2
  44.1900  -9.0200  2
  44.2100  -8.8900  2
  44.2100  -8.8100  2
  44.2200  -8.7000  2
  44.2300  -8.5600  2
  44.2200  -8.4000  2
  44.2200  -8.3100  2
  44.2100  -8.2700  2
  44.1700  -8.2200  2
  44.1600  -8.0800  2
  44.1400  -8.0100  2
  44.1400  -7.8900  2
  44.1300  -7.8100  2
  44.1100  -7.6600  2
  44.0900  -7.5500  2
  44.1600  -7.4800  2
  44.1500  -7.3600  2
  44.1600  -7.2300  2
  44.1100  -7.1500  2
  44.0700  -7.1200  2
  44.0500  -7.0700  2
  44.0600  -6.9000  2
  44.0300  -6.7800  2
  44.0000  -6.6600  2
  43.9800  -6.5700  2
  43.9500  -6.4700  2
  43.9400  -6.4100  2
  43.9000  -6.3100  2
  43.8500  -6.2700  2
  43.7900  -6.2000  2
  43.7900  -6.1600  2
  43.8700  -6.2300  2
  43.9100  -6.2200  2
  43.9400  -6.1600  2
  43.9300  -6.2200  2
  43.9500  -6.1400  2
  43.9500  -6.0400  2
  43.9400  -5.9800  2
  43.9200  -5.9000  2
  43.9000  -5.8100  2
  43.9600  -5.7000  2
  43.9600  -5.5600  2
  43.9300  -5.2900  2
  43.8900  -5.1600  2
  43.8500  -5.0600  2
  43.8200  -4.9600  2
  43.7600  -4.8100  2
  43.7700  -4.6700  2
  43.7100  -4.5200  2
  43.6400  -4.3900  2
  43.6800  -4.1600  2
  43.6800  -4.0200  2
  43.7500  -3.9600  2
  43.7800  -3.8400  2
  43.7200  -3.6600  2
  43.6800  -3.5400  2
  43.6600  -3.4400  2
  43.6600  -3.3400  2
  43.6900  -3.2500  2
  43.6900  -3.1400  2
  43.6800  -2.9900  2
  43.6500  -2.8700  2
  43.6700  -2.7300  2
  43.7000  -2.7000  2
  43.6400  -2.5700  2
  43.6500  -2.4000  2
  43.6900  -2.2500  2
  43.7000  -2.2100  2
  43.7300  -2.2100  3
  99.0000   0.0000  3
 93X 500 302 200 199.00   0.00 BA 0     7
  43.0700  -9.9800  3
  43.1300 -10.0600  2
  43.1900 -10.0900  2
  43.2400 -10.0800  2
  43.3200 -10.1600  2
  43.3800 -10.2500  2
  43.4700 -10.3500  2
  43.5100 -10.3200  2
  43.5000 -10.2200  2
  43.4900 -10.0400  2
  43.5100  -9.9500  2
  43.5700  -9.9000  2
  43.5700 -10.0000  2
  43.6500 -10.1000  2
  43.7700 -10.1300  2
  43.8000 -10.0000  2
  43.8500  -9.7900  2
  43.9100  -9.6700  2
  43.9900  -9.5600  2
  43.9800  -9.4600  2
  43.9400  -9.3400  2
  43.9800  -9.3100  2
  44.0400  -9.2900  2
  44.1100  -9.2600  2
  44.1600  -9.2100  2
  44.2000  -9.2000  2
  44.2300  -9.2100  2
  44.2700  -9.2800  2
  44.3500  -9.2900  2
  44.3900  -9.2300  2
  44.3900  -9.1500  2
  44.3900  -9.0400  2
  44.3900  -8.9500  2
  44.4000  -8.7800  2
  44.3700  -8.6600  2
  44.3200  -8.5800  2
  44.3400  -8.3500  2
  44.3400  -8.2000  2
  44.2900  -8.0900  2
  44.2200  -8.0500  2
  44.2100  -7.7700  2
  44.1800  -7.6200  2
  44.2000  -7.4400  2
  44.2100  -7.2100  2
  44.3200  -7.0000  2
  44.2000  -6.7200  2
  44.1300  -6.6100  2
  44.1100  -6.3400  2
  44.1100  -6.1500  2
  44.1500  -6.0700  2
  44.1700  -5.9100  2
  44.1700  -5.7300  2
  44.1800  -5.6100  2
  44.2000  -5.3900  2
  44.2400  -5.1800  2
  44.2500  -4.9600  2
  44.2700  -4.7400  2
  44.3400  -4.3400  2
  44.2800  -4.1900  2
  44.2300  -4.1100  2
  44.0800  -4.1100  2
  43.8800  -4.1900  2
  43.8200  -4.0900  2
  44.0500  -4.0400  2
  44.2000  -3.9700  2
  44.3400  -3.8900  2
  44.2200  -3.7300  2
  44.0700  -3.6700  2
  43.9000  -3.6900  2
  43.8300  -3.6200  2
  43.8100  -3.4800  2
  43.8100  -3.3400  2
  43.8300  -3.2800  2
  42.9800  -9.9800  3
  42.9400 -10.1000  2
  42.8800 -10.1500  2
  42.7900 -10.2400  2
  42.7000 -10.3100  2
  42.7400 -10.3900  2
  42.8000 -10.4200  2
  42.8100 -10.5100  2
  42.8300 -10.6300  2
  42.8500 -10.7300  2
  42.9200 -10.8100  2
  43.0300 -10.8600  2
  43.1100 -10.9200  2
  43.2000 -11.0000  2
  43.2600 -11.1000  2
  43.3000 -11.2400  2
  43.3300 -11.2900  2
  43.3600 -11.3600  2
  43.3700 -11.5800  2
  43.3400 -11.7100  2
  43.3100 -11.8700  2
  43.2400 -12.0900  2
  43.1900 -12.2200  2
  43.1100 -12.3300  2
  43.0500 -12.4200  2
  42.9200 -12.4400  2
  42.8900 -12.3300  2
  42.8600 -12.2300  2
  42.8000 -12.1500  2
  42.7600 -12.1400  2
  42.6800 -12.1800  2
  42.6000 -12.1300  2
  42.5500 -12.1000  2
  42.4600 -12.0500  2
  42.3500 -12.0100  2
  42.2600 -12.0100  2
  42.1800 -11.9800  2
  42.2800 -11.8200  2
  42.2100 -11.7700  2
  42.0900 -11.7800  2
  42.0000 -11.7200  2
  41.9000 -11.6200  2
  41.8700 -11.5100  2
  41.7900 -11.4600  2
  41.6600 -11.5000  2
  41.5800 -11.4400  2
  41.4900 -11.3600  2
  41.4900 -11.2000  2
  41.5800 -11.0700  2
  41.6000 -10.9800  2
  41.5800 -10.8600  2
  41.6700 -10.7200  2
  41.8000 -10.7000  2
  41.8600 -10.6400  2
  41.8300 -10.4500  2
  41.7800 -10.2500  2
  41.6700 -10.1400  2
  41.4900  -9.9600  2
  41.4200  -9.8500  2
  41.3200  -9.9100  2
  41.2600  -9.9600  2
  41.3100  -9.7800  2
  41.3700  -9.6900  2
  41.3500  -9.5800  2
  41.2400  -9.6200  2
  41.1800  -9.6300  2
  41.1100  -9.6300  2
  41.0400  -9.7800  2
  40.8900  -9.6700  2
  40.7800  -9.6900  2
  40.7800  -9.8600  2
  40.8900 -10.0100  2
  40.9000 -10.1000  2
  40.8400 -10.1100  2
  40.7200 -10.1500  2
  40.6600 -10.1500  2
  40.5600 -10.1500  2
  40.4900 -10.2300  2
  40.4900 -10.0400  2
  40.4600  -9.8800  2
  40.3100  -9.8900  2
  40.1500 -10.0100  2
  40.0900 -10.0600  2
  40.0000 -10.0400  2
  39.9400 -10.0100  2
  39.8600 -10.0100  2
  39.8300  -9.8700  2
  39.8200  -9.8200  2
  39.7600  -9.9400  2
  39.7600 -10.0300  2
  39.7600 -10.1400  2
  39.7000 -10.1400  2
  39.6000 -10.0600  2
  39.5400 -10.0100  2
  39.5300  -9.8300  2
  39.5300  -9.7100  2
  39.4700  -9.7600  2
  39.4500  -9.8900  2
  39.4500 -10.0200  2
  39.4900 -10.1500  2
  39.5200 -10.2700  2
  39.4600 -10.3900  2
  39.4100 -10.5700  2
  39.3500 -10.6900  2
  39.2200 -10.7700  2
  39.0900 -10.8600  2
  38.9800 -10.9600  2
  38.8400 -10.9100  2
  38.8200 -10.7200  2
  38.8200 -10.5100  2
  38.7600 -10.3800  2
  38.6900 -10.2800  2
  38.6300 -10.0600  2
  38.5400  -9.9500  2
  38.4800  -9.8100  2
  38.4100  -9.7500  2
  38.3500  -9.6800  2
  38.2800  -9.7300  2
  38.2800  -9.9200  2
  38.2500  -9.9500  2
  38.1700  -9.9200  2
  38.0900  -9.9700  2
  38.1200  -9.7000  2
  38.0800  -9.6500  2
  38.0000  -9.8900  2
  37.9700 -10.0400  2
  37.8100 -10.1200  2
  99.0000   0.0000  3
 93X 500 302  30 199.00   0.00 BA 0     7
  37.7300 -10.1500  3
  37.6900 -10.2200  2
  37.6800 -10.2200  2
  37.5800 -10.2100  2
  37.5400 -10.1200  2
  37.5300  -9.9600  2
  37.5200  -9.8600  2
  37.4500  -9.8200  2
  37.3700  -9.7200  2
  37.3100  -9.7000  2
  37.2100  -9.7500  2
  37.1000  -9.7300  2
  37.0300  -9.7900  2
  37.0100  -9.9100  2
  36.9400  -9.9800  2
  36.7400 -10.0300  2
  36.7000 -10.0300  2
  36.7700  -9.7900  2
  36.8300  -9.6600  2
  36.6900  -9.6700  2
  36.6200  -9.5600  2
  36.5600  -9.5400  2
  36.4900  -9.4100  2
  36.4600  -9.3100  2
  36.4400  -9.1200  2
  36.4000  -9.0600  2
  36.3800  -8.9100  2
  36.3300  -8.9000  2
  36.2500  -8.9400  2
  36.2200  -8.9400  3
  99.0000   0.0000  3
 93X 500 302 200 199.00   0.00 BA 2000  6
  36.3900  -8.4900  3
  36.4400  -8.4500  2
  36.4800  -8.4600  2
  36.5200  -8.4800  2
  36.5600  -8.5100  2
  36.5000  -8.5600  2
  36.5100  -8.6000  2
  36.4900  -8.6500  2
  36.4300  -8.7100  2
  36.4400  -8.7700  2
  36.4600  -8.8500  2
  36.4800  -8.9300  2
  36.4500  -9.0300  2
  36.4900  -9.0600  2
  36.5400  -8.9800  2
  36.5700  -9.0300  2
  36.5900  -9.1300  2
  36.5900  -9.2100  2
  36.6100  -9.2800  2
  36.6200  -9.3200  2
  36.6400  -9.4000  2
  36.6600  -9.4600  2
  36.6900  -9.5400  2
  36.7200  -9.5900  2
  36.7700  -9.5800  2
  36.8000  -9.5800  2
  36.8200  -9.5200  2
  36.8500  -9.5700  3
  36.9000  -9.5400  2
  36.9000  -9.4800  2
  36.9300  -9.4200  2
  36.9800  -9.4300  2
  36.9500  -9.5300  2
  36.9300  -9.6600  2
  36.9500  -9.6900  2
  37.0300  -9.6500  2
  37.1100  -9.6700  2
  37.1800  -9.6800  2
  37.2400  -9.7000  2
  37.3400  -9.6800  2
  37.4400  -9.7000  2
  37.4900  -9.7200  2
  37.5800  -9.7300  2
  37.6500  -9.7300  2
  37.6800  -9.7700  2
  37.7300  -9.8700  2
  37.7700  -9.7700  2
  37.8200  -9.7000  2
  37.9500  -9.7000  2
  38.0500  -9.6600  2
  38.1400  -9.5500  2
  38.2200  -9.4400  2
  38.2300  -9.4600  2
  38.1800  -9.5700  2
  38.1800  -9.7100  2
  38.2000  -9.7800  2
  38.2600  -9.6800  2
  38.3100  -9.5500  2
  38.3200  -9.5800  2
  38.3200  -9.6700  2
  38.3500  -9.6100  2
  38.3700  -9.6500  2
  38.3800  -9.7000  2
  38.4200  -9.7500  2
  38.4600  -9.7800  2
  38.4800  -9.8500  2
  38.5200  -9.9200  2
  38.5800  -9.9600  2
  38.6200 -10.0200  2
  38.6500 -10.0800  2
  38.7000 -10.1300  2
  38.7200 -10.1500  2
  38.7400 -10.2600  2
  38.7700 -10.3500  2
  38.8200 -10.3300  2
  38.8700 -10.3600  2
  38.9100 -10.5600  2
  38.8500 -10.3100  3
  38.8800 -10.3900  2
  38.9200 -10.4800  2
  38.9400 -10.5600  2
  38.9100 -10.6300  2
  38.9600 -10.6800  2
  39.0100 -10.6700  2
  39.0600 -10.6800  2
  39.1400 -10.7500  2
  39.1800 -10.7100  2
  39.2000 -10.5900  2
  39.2300 -10.4800  2
  39.2600 -10.4400  2
  39.3600 -10.4100  2
  39.4000 -10.3000  2
  39.3900 -10.1800  2
  39.3600 -10.0700  2
  39.3600 -10.0000  2
  39.3900  -9.9100  2
  39.4500  -9.8100  2
  39.4900  -9.6900  2
  39.5500  -9.7100  2
  39.5800  -9.8400  2
  39.6300  -9.8900  2
  39.7000  -9.8200  2
  39.6600  -9.9600  2
  39.7600  -9.9000  2
  39.8100  -9.8400  2
  39.8400  -9.9500  2
  39.9700  -9.9400  2
  40.0500  -9.9600  2
  40.1200  -9.9600  2
  40.1900  -9.9100  2
  40.3000  -9.8600  2
  40.4000  -9.8000  2
  40.4700  -9.7600  2
  40.5100  -9.6600  2
  40.5600  -9.5500  2
  40.6000  -9.4800  2
  40.6700  -9.4100  2
  40.7500  -9.3700  2
  40.7500  -9.3700  2
  40.8400  -9.4600  2
  40.9400  -9.5100  2
  41.0300  -9.5100  2
  41.1200  -9.4600  2
  41.1400  -9.5400  2
  41.1900  -9.6000  2
  41.2400  -9.4600  2
  41.3100  -9.3600  2
  41.3700  -9.3600  2
  41.4300  -9.3700  2
  41.5000  -9.4000  2
  41.5100  -9.5600  2
  41.5800  -9.5100  2
  41.6600  -9.4600  2
  41.6900  -9.5000  2
  41.7400  -9.5700  2
  41.7900  -9.5700  2
  41.8600  -9.6000  2
  41.9400  -9.6300  2
  42.0100  -9.6800  2
  42.0600  -9.6800  2
  42.1100  -9.6300  2
  42.2200  -9.6300  2
  42.3200  -9.7100  2
  42.4100  -9.7800  2
  42.4900  -9.7800  2
  42.5100  -9.6600  2
  42.5600  -9.7000  2
  42.6400  -9.7700  2
  42.7400  -9.7800  2
  42.8500  -9.8400  2
  42.9200  -9.8600  2
  42.9600  -9.8200  2
  42.9600  -9.7400  2
  43.0100  -9.6900  2
  43.0500  -9.6900  2
  43.1100  -9.6900  2
  43.2000  -9.7000  2
  43.2600  -9.8100  2
  43.2900  -9.8800  2
  43.3700  -9.8600  2
  43.5200  -9.7800  2
  43.5800  -9.7200  2
  43.6300  -9.6500  2
  43.7200  -9.6100  2
  43.7600  -9.5200  2
  43.8000  -9.3700  2
  43.8200  -9.2500  2
  43.9200  -9.1600  2
  43.9900  -9.1500  2
  44.0700  -9.1400  2
  44.1300  -9.1500  2
  44.2100  -9.1400  2
  44.2500  -9.0600  2
  44.3000  -8.9900  2
  44.3300  -8.9100  2
  44.2800  -8.8600  2
  44.2800  -8.7100  2
  44.2700  -8.5900  2
  44.2600  -8.4500  2
  44.3200  -8.2800  2
  44.2800  -8.1800  2
  44.2000  -8.2100  2
  44.1400  -7.9000  2
  44.1500  -7.8300  2
  44.1400  -7.6800  2
  44.1600  -7.5200  2
  44.2000  -7.4400  2
  44.1900  -7.3500  2
  44.2100  -7.1700  2
  44.2000  -7.0900  2
  44.1300  -7.0700  2
  44.0900  -6.8800  2
  44.0700  -6.7800  2
  44.0300  -6.6200  2
  44.0200  -6.5400  2
  44.0200  -6.4600  2
  43.9400  -6.3400  2
  43.9800  -6.2700  2
  43.9800  -6.1300  2
  44.0400  -6.0000  2
  99.0000   0.0000  3
 93X 500 302  30 199.00   0.00 BA 2000  6
  44.1300  -5.9400  3
  44.1200  -5.8200  2
  44.1100  -5.6300  2
  44.0900  -5.4900  2
  44.1400  -5.2800  2
  44.1600  -4.9800  2
  44.2000  -4.7600  2
  44.2300  -4.5900  2
  44.2200  -4.2900  2
  44.1400  -4.1600  2
  44.0500  -4.1800  2
  43.9400  -4.2500  2
  43.8400  -4.3100  2
  43.7900  -4.1600  2
  43.8700  -4.0600  2
  44.0000  -3.9900  2
  44.1600  -3.9200  2
  44.3000  -3.8700  2
  44.2200  -3.7400  2
  44.1100  -3.7000  2
  43.9700  -3.7100  2
  43.8700  -3.7400  2
  43.8300  -3.6700  2
  43.7800  -3.5600  2
  43.8100  -3.3700  2
  43.8400  -3.2700  2
  43.8100  -3.1200  2
  43.8000  -3.0500  2
  43.8100  -2.8200  2
  43.8300  -2.8000  3
  99.0000   0.0000  3
 920 600 302  39  80.17   0.00 AN   33R 2
  45.0700 -15.1800  3
  44.9400 -15.3000  2
  44.8300 -15.4000  2
  44.6800 -15.6100  2
  44.5700 -15.7700  2
  44.4100 -15.9600  2
  44.2600 -16.0800  2
  44.1300 -16.2500  2
  44.0500 -16.3800  2
  43.7800 -16.5500  2
  43.6100 -16.6400  2
  43.2500 -16.7800  2
  43.0900 -16.8100  2
  42.7400 -16.9500  2
  42.5900 -17.0600  2
  42.3400 -17.1800  2
  42.1000 -17.2900  2
  41.8800 -17.3800  2
  41.5900 -17.4900  2
  41.2900 -17.6100  2
  40.9800 -17.6800  2
  40.7700 -17.7800  2
  40.5800 -17.8900  2
  40.4100 -17.9300  2
  40.2300 -18.0000  2
  40.0500 -18.0500  2
  39.8300 -18.1800  2
  39.5800 -18.2000  2
  39.4100 -18.2700  2
  39.2500 -18.3300  2
  39.1400 -18.3700  2
  38.9900 -18.4800  2
  38.8200 -18.5500  2
  38.6300 -18.6000  2
  38.3800 -18.7000  2
  38.2700 -18.7600  2
  38.1200 -18.8600  2
  38.0100 -18.9400  2
  38.0100 -18.9400  3
  99.0000   0.0000  3
 920 600 302  59  84.00   0.00 AN    34 3
  37.7600 -18.0900  3
  38.0700 -18.0700  2
  38.2800 -17.9900  2
  38.4900 -17.9500  2
  38.7000 -17.8800  2
  38.9500 -17.7900  2
  39.1600 -17.7000  2
  39.3500 -17.6200  2
  39.5100 -17.5400  2
  39.7300 -17.4500  2
  39.9400 -17.3900  2
  40.1600 -17.2900  2
  40.3800 -17.2300  2
  40.6000 -17.1800  2
  40.7600 -17.0800  2
  40.9200 -17.0200  2
  41.0700 -16.9800  2
  41.2400 -16.9300  2
  41.4000 -16.8700  2
  41.5700 -16.7800  2
  41.7300 -16.7000  2
  42.0100 -16.6300  2
  42.2200 -16.5500  2
  42.4400 -16.4600  2
  42.6500 -16.4000  2
  42.8000 -16.3300  2
  42.9900 -16.2800  2
  43.2000 -16.2000  2
  43.4600 -16.0800  2
  43.6200 -15.9500  2
  43.7900 -15.8200  2
  43.9400 -15.6700  2
  44.0500 -15.5800  2
  44.1400 -15.4800  2
  44.3900 -13.9400  3
  44.4400 -13.6300  2
  44.4600 -13.3700  2
  44.4600 -13.0100  2
  44.4600 -12.7100  2
  44.4700 -12.4100  2
  44.4700 -11.8600  2
  44.5100 -11.5200  2
  44.5800 -11.2200  2
  44.6300 -10.9100  2
  44.6400 -10.5300  2
  44.6100 -10.1800  2
  44.5700  -9.8800  2
  44.5200  -9.3300  2
  44.5000  -9.0900  2
  44.5400  -8.8500  2
  44.5800  -8.6000  2
  44.6200  -8.3300  2
  44.6500  -8.0000  2
  44.6500  -7.6500  2
  44.6900  -7.3000  2
  44.7000  -7.0300  2
  44.7300  -6.7700  2
  44.7600  -6.5400  2
  44.7700  -6.5100  3
  99.0000   0.0000  3
 920 600 302  25 118.35   0.00 AN    M0 4
  41.6200 -13.2900  3
  41.4600 -13.3000  2
  41.3400 -13.3000  2
  41.1800 -13.2700  2
  41.0500 -13.2400  2
  40.8100 -13.2500  2
  40.6300 -13.2800  2
  40.4000 -13.3200  2
  40.3000 -13.3500  2
  40.1100 -13.3700  2
  39.9600 -13.3700  2
  39.7600 -13.3800  2
  39.6000 -13.3800  2
  39.4500 -13.4000  2
  39.2500 -13.4400  2
  39.0400 -13.4600  2
  38.9600 -13.4700  2
  38.9000 -13.1300  3
  38.6500 -13.1800  2
  38.4800 -13.1500  2
  38.3100 -13.1900  2
  38.1500 -13.2200  2
  37.9500 -13.2600  2
  37.7900 -13.2900  2
  37.9000 -13.2400  3
  99.0000   0.0000  3
 920 600 302  33  68.96   0.00 AN    31 5
  37.3900 -20.9300  3
  37.6500 -20.7300  2
  37.8400 -20.6000  2
  38.0400 -20.5400  2
  38.2600 -20.4000  2
  38.4400 -20.3500  2
  38.7000 -20.2400  2
  38.8400 -20.1200  2
  39.0000 -20.0100  2
  39.2100 -19.8600  2
  39.4000 -19.7300  2
  39.6100 -19.6800  2
  39.8600 -19.5700  2
  40.0200 -19.5200  2
  40.2100 -19.4500  2
  40.3800 -19.4300  2
  40.5700 -19.3900  2
  40.8400 -19.3600  2
  41.0500 -19.2900  2
  41.2000 -19.2400  2
  41.3800 -19.2000  2
  41.4700 -19.1400  2
  41.6400 -19.0600  2
  41.7800 -18.9700  2
  42.3400 -18.6100  3
  42.5800 -18.4800  2
  42.7500 -18.4200  2
  42.9100 -18.3200  2
  43.0400 -18.2700  2
  43.1800 -18.1700  2
  43.2900 -18.1000  2
  43.3800 -18.0700  2
  43.3600 -18.0400  3
  99.0000   0.0000  3
 920 601 302  32  49.55   0.00 AN    21 1
  38.0400 -24.1000  3
  38.3200 -24.0500  2
  38.5200 -23.9800  2
  38.6700 -23.9500  2
  38.8800 -23.8500  2
  39.0000 -23.7400  2
  39.2300 -23.5400  2
  39.4100 -23.4600  2
  39.5300 -23.4000  2
  39.7200 -23.3300  2
  39.8900 -23.2500  2
  40.0100 -23.2000  2
  40.1600 -23.1500  2
  40.2900 -23.1000  2
  40.4700 -23.0000  2
  40.6100 -22.9300  2
  40.7700 -22.8600  2
  40.9000 -22.9100  2
  41.0400 -22.9200  2
  41.2000 -22.9300  2
  41.3900 -22.9600  2
  41.6100 -22.9700  2
  41.8400 -22.9400  2
  42.0400 -22.9300  2
  42.2800 -22.9000  2
  42.4300 -22.8800  2
  42.5600 -22.8600  2
  42.6600 -22.8100  2
  42.7300 -22.1100  3
  42.9100 -22.0600  2
  43.0900 -21.9900  2
  43.0900 -21.9900  3
  99.0000   0.0000  3
 920 601 302  44  58.94   0.00 AN    25 5
  37.8500 -22.3600  3
  38.0500 -22.2300  2
  38.1900 -22.1300  2
  38.3100 -22.0600  2
  38.4600 -22.0100  2
  38.6200 -21.9500  2
  38.7800 -21.9600  2
  38.9500 -21.8800  2
  39.1100 -21.7800  2
  39.2200 -21.7300  2
  39.3700 -21.6300  2
  39.5200 -21.5600  2
  39.6700 -21.4800  2
  39.8300 -21.4200  2
  39.9900 -21.3300  2
  40.1600 -21.2800  2
  40.3200 -21.2500  2
  40.5000 -21.1600  2
  40.6700 -21.1000  2
  40.8400 -21.0200  2
  41.0200 -20.9300  2
  41.2300 -20.8800  2
  41.3500 -20.8300  2
  41.4700 -20.8400  2
  41.6100 -20.8400  2
  41.7200 -20.8200  2
  41.8600 -20.7900  2
  41.9700 -20.7400  2
  42.0800 -20.7000  2
  42.1500 -20.7700  3
  42.2300 -20.7800  2
  42.2900 -20.7000  2
  42.2000 -20.6600  2
  42.1300 -20.5800  2
  42.2500 -20.5300  2
  42.4300 -20.6800  3
  42.3600 -20.7000  2
  42.3400 -20.6400  2
  42.3900 -20.6000  2
  42.4000 -20.5200  2
  42.3700 -20.4800  2
  42.3200 -20.4800  2
  42.3000 -20.5300  2
  42.3000 -20.5100  3
  99.0000   0.0000  3
 920 601 302  40  55.64   0.00 AN    24 4
  37.5600 -23.1800  3
  37.8000 -23.1100  2
  38.0100 -23.0000  2
  38.2000 -22.9600  2
  38.3500 -22.9100  2
  38.5500 -22.8600  2
  38.7000 -22.8100  2
  38.9100 -22.7000  2
  39.2000 -22.5500  2
  39.4200 -22.4800  2
  39.5800 -22.4300  2
  39.7600 -22.3300  2
  39.9400 -22.2500  2
  40.1000 -22.1700  2
  40.2100 -22.1200  2
  40.3000 -22.0500  2
  40.4800 -21.9200  2
  40.6400 -21.8400  2
  40.7900 -21.7700  2
  40.9000 -21.7400  2
  41.0900 -21.6900  2
  41.1900 -21.6900  2
  41.3500 -21.7000  2
  41.4900 -21.7100  2
  41.6800 -21.7400  2
  41.8300 -21.6900  2
  41.9500 -21.6700  2
  42.0400 -21.6400  2
  42.1400 -21.6000  2
  42.2100 -21.5900  2
  42.3200 -21.6200  3
  42.4200 -21.6300  2
  42.4300 -21.5700  2
  42.3100 -21.4600  2
  42.3800 -21.4300  2
  42.5400 -21.3300  3
  42.5800 -21.5500  2
  42.4900 -21.4500  2
  42.5800 -21.4200  2
  42.5800 -21.4200  3
  99.0000   0.0000  3
 920 602 302  25  35.58   0.00 AN    13 6
  39.9800 -25.1100  3
  40.2300 -25.0200  2
  40.3700 -24.9400  2
  40.5400 -24.9100  2
  40.7400 -24.9000  2
  40.9000 -24.8800  2
  41.0700 -24.8300  2
  41.2100 -24.8000  2
  41.3400 -24.8100  2
  41.4700 -24.8100  2
  41.6200 -24.7900  2
  41.7600 -24.7400  2
  42.0100 -24.6500  2
  42.1800 -24.5900  2
  42.3800 -24.5200  2
  42.5700 -24.4500  2
  42.7800 -24.3500  2
  42.9500 -24.2400  2
  43.1200 -24.1400  2
  43.2500 -24.1200  2
  43.4500 -23.9900  2
  43.6100 -23.8800  2
  43.7000 -23.8000  2
  43.7100 -23.7800  2
  43.7100 -23.7700  3
  99.0000   0.0000  3
 920 602 302  55   9.67   0.00 AN     5 2
  39.2700 -28.3300  3
  39.5200 -28.3400  2
  39.7600 -28.3000  2
  40.1200 -28.3100  2
  40.2800 -28.2300  2
  40.4500 -28.0800  2
  40.5800 -27.9100  2
  40.8600 -27.7900  2
  41.0600 -27.7700  2
  41.2300 -27.8900  2
  41.3900 -27.9500  2
  41.6200 -27.8700  2
  41.8200 -27.7900  2
  42.0700 -27.7600  2
  42.3100 -27.7600  2
  42.5000 -27.7100  2
  42.7400 -27.7300  2
  42.9200 -27.8300  2
  43.1000 -27.7900  2
  43.2800 -27.7500  2
  43.4000 -27.6100  2
  43.5700 -27.4000  2
  43.7700 -27.2900  2
  44.0000 -27.1200  2
  44.2600 -27.0400  2
  44.4600 -26.9400  2
  44.7300 -26.7600  2
  44.9200 -26.6300  2
  45.1100 -26.4500  2
  45.3600 -26.2900  2
  45.5500 -26.2200  2
  45.7900 -26.1700  2
  45.9700 -26.1300  2
  46.1600 -26.1400  2
  46.3600 -26.0600  2
  46.5300 -26.0100  2
  46.7200 -25.9600  2
  46.9400 -25.8400  2
  47.2000 -25.8000  2
  47.3900 -25.7400  2
  47.5300 -25.7300  2
  47.7600 -26.0100  2
  47.9300 -26.1800  2
  48.1700 -26.4000  2
  48.4400 -26.6100  2
  48.6100 -26.6900  2
  48.8100 -26.7300  2
  49.0800 -26.8200  2
  49.3200 -26.9100  2
  49.5300 -26.9800  2
  49.6800 -27.1000  2
  49.8600 -27.1800  2
  50.0000 -27.3300  2
  50.0700 -27.4200  2
  50.0500 -27.4100  3
  99.0000   0.0000  3
 920 600 302  39  80.17   0.00 AN   33R 2
  45.0700 -15.1800  3
  44.9400 -15.3000  2
  44.8300 -15.4000  2
  44.6800 -15.6100  2
  44.5700 -15.7700  2
  44.4100 -15.9600  2
  44.2600 -16.0800  2
  44.1300 -16.2500  2
  44.0500 -16.3800  2
  43.7800 -16.5500  2
  43.6100 -16.6400  2
  43.2500 -16.7800  2
  43.0900 -16.8100  2
  42.7400 -16.9500  2
  42.5900 -17.0600  2
  42.3400 -17.1800  2
  42.1000 -17.2900  2
  41.8800 -17.3800  2
  41.5900 -17.4900  2
  41.2900 -17.6100  2
  40.9800 -17.6800  2
  40.7700 -17.7800  2
  40.5800 -17.8900  2
  40.4100 -17.9300  2
  40.2300 -18.0000  2
  40.0500 -18.0500  2
  39.8300 -18.1800  2
  39.5800 -18.2000  2
  39.4100 -18.2700  2
  39.2500 -18.3300  2
  39.1400 -18.3700  2
  38.9900 -18.4800  2
  38.8200 -18.5500  2
  38.6300 -18.6000  2
  38.3800 -18.7000  2
  38.2700 -18.7600  2
  38.1200 -18.8600  2
  38.0100 -18.9400  2
  38.0100 -18.9400  3
  99.0000   0.0000  3
 920 600 302  59  84.00   0.00 AN    34 3
  37.7600 -18.0900  3
  38.0700 -18.0700  2
  38.2800 -17.9900  2
  38.4900 -17.9500  2
  38.7000 -17.8800  2
  38.9500 -17.7900  2
  39.1600 -17.7000  2
  39.3500 -17.6200  2
  39.5100 -17.5400  2
  39.7300 -17.4500  2
  39.9400 -17.3900  2
  40.1600 -17.2900  2
  40.3800 -17.2300  2
  40.6000 -17.1800  2
  40.7600 -17.0800  2
  40.9200 -17.0200  2
  41.0700 -16.9800  2
  41.2400 -16.9300  2
  41.4000 -16.8700  2
  41.5700 -16.7800  2
  41.7300 -16.7000  2
  42.0100 -16.6300  2
  42.2200 -16.5500  2
  42.4400 -16.4600  2
  42.6500 -16.4000  2
  42.8000 -16.3300  2
  42.9900 -16.2800  2
  43.2000 -16.2000  2
  43.4600 -16.0800  2
  43.6200 -15.9500  2
  43.7900 -15.8200  2
  43.9400 -15.6700  2
  44.0500 -15.5800  2
  44.1400 -15.4800  2
  44.3900 -13.9400  3
  44.4400 -13.6300  2
  44.4600 -13.3700  2
  44.4600 -13.0100  2
  44.4600 -12.7100  2
  44.4700 -12.4100  2
  44.4700 -11.8600  2
  44.5100 -11.5200  2
  44.5800 -11.2200  2
  44.6300 -10.9100  2
  44.6400 -10.5300  2
  44.6100 -10.1800  2
  44.5700  -9.8800  2
  44.5200  -9.3300  2
  44.5000  -9.0900  2
  44.5400  -8.8500  2
  44.5800  -8.6000  2
  44.6200  -8.3300  2
  44.6500  -8.0000  2
  44.6500  -7.6500  2
  44.6900  -7.3000  2
  44.7000  -7.0300  2
  44.7300  -6.7700  2
  44.7600  -6.5400  2
  44.7700  -6.5100  3
  99.0000   0.0000  3
 920 600 302  25 118.35   0.00 AN    M0 4
  41.6200 -13.2900  3
  41.4600 -13.3000  2
  41.3400 -13.3000  2
  41.1800 -13.2700  2
  41.0500 -13.2400  2
  40.8100 -13.2500  2
  40.6300 -13.2800  2
  40.4000 -13.3200  2
  40.3000 -13.3500  2
  40.1100 -13.3700  2
  39.9600 -13.3700  2
  39.7600 -13.3800  2
  39.6000 -13.3800  2
  39.4500 -13.4000  2
  39.2500 -13.4400  2
  39.0400 -13.4600  2
  38.9600 -13.4700  2
  38.9000 -13.1300  3
  38.6500 -13.1800  2
  38.4800 -13.1500  2
  38.3100 -13.1900  2
  38.1500 -13.2200  2
  37.9500 -13.2600  2
  37.7900 -13.2900  2
  37.9000 -13.2400  3
  99.0000   0.0000  3
 920 600 302  33  68.96   0.00 AN    31 5
  37.3900 -20.9300  3
  37.6500 -20.7300  2
  37.8400 -20.6000  2
  38.0400 -20.5400  2
  38.2600 -20.4000  2
  38.4400 -20.3500  2
  38.7000 -20.2400  2
  38.8400 -20.1200  2
  39.0000 -20.0100  2
  39.2100 -19.8600  2
  39.4000 -19.7300  2
  39.6100 -19.6800  2
  39.8600 -19.5700  2
  40.0200 -19.5200  2
  40.2100 -19.4500  2
  40.3800 -19.4300  2
  40.5700 -19.3900  2
  40.8400 -19.3600  2
  41.0500 -19.2900  2
  41.2000 -19.2400  2
  41.3800 -19.2000  2
  41.4700 -19.1400  2
  41.6400 -19.0600  2
  41.7800 -18.9700  2
  42.3400 -18.6100  3
  42.5800 -18.4800  2
  42.7500 -18.4200  2
  42.9100 -18.3200  2
  43.0400 -18.2700  2
  43.1800 -18.1700  2
  43.2900 -18.1000  2
  43.3800 -18.0700  2
  43.3600 -18.0400  3
  99.0000   0.0000  3
 920 601 302  32  49.55   0.00 AN    21 1
  38.0400 -24.1000  3
  38.3200 -24.0500  2
  38.5200 -23.9800  2
  38.6700 -23.9500  2
  38.8800 -23.8500  2
  39.0000 -23.7400  2
  39.2300 -23.5400  2
  39.4100 -23.4600  2
  39.5300 -23.4000  2
  39.7200 -23.3300  2
  39.8900 -23.2500  2
  40.0100 -23.2000  2
  40.1600 -23.1500  2
  40.2900 -23.1000  2
  40.4700 -23.0000  2
  40.6100 -22.9300  2
  40.7700 -22.8600  2
  40.9000 -22.9100  2
  41.0400 -22.9200  2
  41.2000 -22.9300  2
  41.3900 -22.9600  2
  41.6100 -22.9700  2
  41.8400 -22.9400  2
  42.0400 -22.9300  2
  42.2800 -22.9000  2
  42.4300 -22.8800  2
  42.5600 -22.8600  2
  42.6600 -22.8100  2
  42.7300 -22.1100  3
  42.9100 -22.0600  2
  43.0900 -21.9900  2
  43.0900 -21.9900  3
  99.0000   0.0000  3
 920 601 302  44  58.94   0.00 AN    25 5
  37.8500 -22.3600  3
  38.0500 -22.2300  2
  38.1900 -22.1300  2
  38.3100 -22.0600  2
  38.4600 -22.0100  2
  38.6200 -21.9500  2
  38.7800 -21.9600  2
  38.9500 -21.8800  2
  39.1100 -21.7800  2
  39.2200 -21.7300  2
  39.3700 -21.6300  2
  39.5200 -21.5600  2
  39.6700 -21.4800  2
  39.8300 -21.4200  2
  39.9900 -21.3300  2
  40.1600 -21.2800  2
  40.3200 -21.2500  2
  40.5000 -21.1600  2
  40.6700 -21.1000  2
  40.8400 -21.0200  2
  41.0200 -20.9300  2
  41.2300 -20.8800  2
  41.3500 -20.8300  2
  41.4700 -20.8400  2
  41.6100 -20.8400  2
  41.7200 -20.8200  2
  41.8600 -20.7900  2
  41.9700 -20.7400  2
  42.0800 -20.7000  2
  42.1500 -20.7700  3
  42.2300 -20.7800  2
  42.2900 -20.7000  2
  42.2000 -20.6600  2
  42.1300 -20.5800  2
  42.2500 -20.5300  2
  42.4300 -20.6800  3
  42.3600 -20.7000  2
  42.3400 -20.6400  2
  42.3900 -20.6000  2
  42.4000 -20.5200  2
  42.3700 -20.4800  2
  42.3200 -20.4800  2
  42.3000 -20.5300  2
  42.3000 -20.5100  3
  99.0000   0.0000  3
 920 601 302  40  55.64   0.00 AN    24 4
  37.5600 -23.1800  3
  37.8000 -23.1100  2
  38.0100 -23.0000  2
  38.2000 -22.9600  2
  38.3500 -22.9100  2
  38.5500 -22.8600  2
  38.7000 -22.8100  2
  38.9100 -22.7000  2
  39.2000 -22.5500  2
  39.4200 -22.4800  2
  39.5800 -22.4300  2
  39.7600 -22.3300  2
  39.9400 -22.2500  2
  40.1000 -22.1700  2
  40.2100 -22.1200  2
  40.3000 -22.0500  2
  40.4800 -21.9200  2
  40.6400 -21.8400  2
  40.7900 -21.7700  2
  40.9000 -21.7400  2
  41.0900 -21.6900  2
  41.1900 -21.6900  2
  41.3500 -21.7000  2
  41.4900 -21.7100  2
  41.6800 -21.7400  2
  41.8300 -21.6900  2
  41.9500 -21.6700  2
  42.0400 -21.6400  2
  42.1400 -21.6000  2
  42.2100 -21.5900  2
  42.3200 -21.6200  3
  42.4200 -21.6300  2
  42.4300 -21.5700  2
  42.3100 -21.4600  2
  42.3800 -21.4300  2
  42.5400 -21.3300  3
  42.5800 -21.5500  2
  42.4900 -21.4500  2
  42.5800 -21.4200  2
  42.5800 -21.4200  3
  99.0000   0.0000  3
 920 602 302  25  35.58   0.00 AN    13 6
  39.9800 -25.1100  3
  40.2300 -25.0200  2
  40.3700 -24.9400  2
  40.5400 -24.9100  2
  40.7400 -24.9000  2
  40.9000 -24.8800  2
  41.0700 -24.8300  2
  41.2100 -24.8000  2
  41.3400 -24.8100  2
  41.4700 -24.8100  2
  41.6200 -24.7900  2
  41.7600 -24.7400  2
  42.0100 -24.6500  2
  42.1800 -24.5900  2
  42.3800 -24.5200  2
  42.5700 -24.4500  2
  42.7800 -24.3500  2
  42.9500 -24.2400  2
  43.1200 -24.1400  2
  43.2500 -24.1200  2
  43.4500 -23.9900  2
  43.6100 -23.8800  2
  43.7000 -23.8000  2
  43.7100 -23.7800  2
  43.7100 -23.7700  3
  99.0000   0.0000  3
 920 602 302  55   9.67   0.00 AN     5 2
  39.2700 -28.3300  3
  39.5200 -28.3400  2
  39.7600 -28.3000  2
  40.1200 -28.3100  2
  40.2800 -28.2300  2
  40.4500 -28.0800  2
  40.5800 -27.9100  2
  40.8600 -27.7900  2
  41.0600 -27.7700  2
  41.2300 -27.8900  2
  41.3900 -27.9500  2
  41.6200 -27.8700  2
  41.8200 -27.7900  2
  42.0700 -27.7600  2
  42.3100 -27.7600  2
  42.5000 -27.7100  2
  42.7400 -27.7300  2
  42.9200 -27.8300  2
  43.1000 -27.7900  2
  43.2800 -27.7500  2
  43.4000 -27.6100  2
  43.5700 -27.4000  2
  43.7700 -27.2900  2
  44.0000 -27.1200  2
  44.2600 -27.0400  2
  44.4600 -26.9400  2
  44.7300 -26.7600  2
  44.9200 -26.6300  2
  45.1100 -26.4500  2
  45.3600 -26.2900  2
  45.5500 -26.2200  2
  45.7900 -26.1700  2
  45.9700 -26.1300  2
  46.1600 -26.1400  2
  46.3600 -26.0600  2
  46.5300 -26.0100  2
  46.7200 -25.9600  2
  46.9400 -25.8400  2
  47.2000 -25.8000  2
  47.3900 -25.7400  2
  47.5300 -25.7300  2
  47.7600 -26.0100  2
  47.9300 -26.1800  2
  48.1700 -26.4000  2
  48.4400 -26.6100  2
  48.6100 -26.6900  2
  48.8100 -26.7300  2
  49.0800 -26.8200  2
  49.3200 -26.9100  2
  49.5300 -26.9800  2
  49.6800 -27.1000  2
  49.8600 -27.1800  2
  50.0000 -27.3300  2
  50.0700 -27.4200  2
  50.0500 -27.4100  3
  99.0000   0.0000  3
