 91X  13 905 104   1.00   0.00 RI 000   1
  71.7100 -11.3700  3
  71.6900 -11.3200  2
  71.6900 -11.3400  2
  71.6400 -11.5000  2
  71.5500 -11.8400  2
  71.4000 -12.2300  2
  71.2100 -12.6700  2
  71.0000 -13.0800  2
  70.8300 -13.4100  2
  70.8100 -13.4300  2
  70.8500 -13.9300  2
  70.8300 -14.1000  2
  70.6600 -14.3600  2
  70.3900 -14.7600  2
  70.0400 -15.2700  2
  69.7300 -15.5100  2
  69.5700 -15.6200  2
  69.4200 -15.7500  2
  69.2100 -15.9100  2
  68.9500 -16.0400  2
  68.9000 -16.0700  2
  68.9000 -16.0800  2
  68.9400 -16.8200  2
  68.9700 -17.0500  2
  68.9100 -17.1300  2
  68.6700 -17.4400  2
  68.4100 -17.7200  2
  68.1600 -17.9400  2
  67.9500 -18.1200  2
  67.7300 -18.2500  2
  67.4700 -18.4400  2
  67.2900 -18.5200  2
  67.1700 -18.5500  2
  66.9600 -18.5700  2
  65.4700 -18.2600  3
  65.5300 -18.2800  2
  65.6500 -18.2900  2
  65.7300 -18.3400  2
  65.8700 -18.3800  2
  65.9600 -18.3900  2
  66.1100 -18.4200  2
  66.2300 -18.5000  2
  66.3200 -18.5500  2
  66.4500 -18.6200  2
  66.5500 -18.6800  2
  66.6600 -18.7100  2
  66.7800 -18.7300  2
  66.8900 -18.7200  2
  67.0200 -18.6900  2
  67.1000 -18.6700  2
  67.1700 -18.6400  2
  67.2700 -18.6100  2
  67.3000 -18.5700  2
  67.4600 -18.6000  2
  67.5500 -18.5300  2
  67.7000 -18.5100  2
  67.8600 -18.4400  2
  68.0100 -18.2800  2
  68.1600 -18.1100  2
  68.3400 -17.9900  2
  68.4600 -17.8800  2
  68.5400 -17.7700  2
  68.6600 -17.5000  2
  68.7200 -17.3200  2
  68.8200 -17.1700  2
  68.8800 -17.1100  2
  68.9500 -17.0400  2
  68.9400 -16.8500  2
  68.9300 -16.6600  2
  68.9000 -16.4100  2
  68.8900 -16.2400  2
  68.9400 -16.2100  2
  69.0300 -16.1600  2
  69.2000 -16.1300  2
  69.3600 -16.0400  2
  69.4800 -15.9700  2
  69.6100 -15.9200  2
  69.7500 -15.7700  2
  69.8800 -15.6000  2
  70.0500 -15.3500  2
  70.1400 -15.1600  2
  70.2400 -14.9900  2
  70.4000 -14.7700  2
  70.5100 -14.6200  2
  70.6400 -14.4400  2
  70.7400 -14.2700  2
  70.8200 -14.0700  2
  70.8700 -13.9400  2
  70.8300 -13.6100  2
  70.8200 -13.4600  2
  70.8200 -13.4500  2
  70.8700 -13.3900  2
  70.9200 -13.3200  2
  70.9700 -13.2000  2
  71.0200 -13.1400  2
  71.0900 -13.0200  2
  71.2100 -12.8600  2
  71.2800 -12.7500  2
  71.3500 -12.6100  2
  71.4600 -12.4100  2
  71.5500 -12.2200  2
  71.6400 -12.0400  2
  71.6900 -11.9500  2
  71.7200 -11.9000  2
  99.0000   0.0000  3
 91X  41 905  68   9.67   0.00 AN     5 2
  70.0200 -13.5600  3
  70.0100 -13.5700  2
  69.9800 -13.6000  2
  69.7600 -13.7300  2
  69.5400 -13.8700  2
  69.3400 -14.1100  2
  69.1900 -14.2800  2
  69.0400 -14.5100  2
  68.8500 -14.7700  2
  68.6400 -15.1000  2
  68.3600 -15.3700  2
  68.1900 -15.6600  2
  67.9500 -15.9700  2
  67.7600 -16.2000  2
  67.5500 -16.4200  2
  67.4200 -16.5500  2
  67.2700 -16.6400  2
  67.1300 -16.7200  2
  67.0300 -16.7600  2
  70.0700 -13.3200  3
  70.0700 -13.3200  2
  70.0800 -13.2900  2
  70.1200 -13.2300  2
  70.1500 -13.2900  2
  70.1200 -13.4100  2
  70.1200 -13.5000  2
  70.1600 -13.6200  2
  70.2400 -13.4500  2
  70.2700 -13.3900  2
  66.9800 -16.5300  3
  67.0400 -16.5500  2
  67.1400 -16.5200  2
  67.2400 -16.5000  2
  67.3500 -16.4600  2
  67.4400 -16.4400  2
  67.5500 -16.3900  2
  67.6600 -16.2900  2
  67.7600 -16.2000  2
  67.8300 -16.1100  2
  67.9700 -15.9100  2
  68.1200 -15.7700  2
  68.2100 -15.6000  2
  68.3500 -15.4100  2
  68.4800 -15.2100  2
  68.5900 -15.0400  2
  68.7100 -14.8800  2
  68.8200 -14.7300  2
  68.9500 -14.5300  2
  69.0600 -14.3500  2
  69.1900 -14.1700  2
  69.3300 -13.9500  2
  69.4800 -13.8600  2
  69.7100 -13.6700  2
  69.8300 -13.5900  2
  69.9500 -13.5400  2
  70.0300 -13.4900  2
  70.1800 -13.3500  3
  70.1800 -13.3600  2
  70.1700 -13.4100  2
  70.1600 -13.4500  2
  70.1300 -13.4400  2
  70.1400 -13.3600  2
  70.1400 -13.3200  2
  70.1100 -13.3100  2
  70.0900 -13.3700  2
  70.0900 -13.3900  2
  70.0900 -13.3900  3
  99.0000   0.0000  3
 91X  42 905  40  25.74   0.00 AN     7 6
  69.8100 -10.5900  3
  69.8100 -10.5900  2
  69.7400 -10.5000  2
  69.6400 -10.4400  2
  69.5500 -10.4000  2
  69.4500 -10.4800  2
  69.2700 -10.6000  2
  69.0700 -10.7200  2
  68.9000 -10.8900  2
  68.8400 -10.9700  2
  68.6900 -11.1800  2
  68.6000 -11.3200  2
  68.5200 -11.4400  2
  68.4500 -11.5700  2
  69.9000 -10.4000  3
  69.9000 -10.4000  2
  69.9400 -10.4800  2
  70.0400 -10.6600  2
  70.1000 -10.7700  2
  70.0300 -10.9100  2
  70.0100 -10.9600  2
  69.9500 -10.8500  2
  68.5000 -11.5800  3
  68.5300 -11.5000  2
  68.6400 -11.3300  2
  68.7600 -11.1200  2
  68.9000 -10.8600  2
  69.0100 -10.6700  2
  69.1700 -10.4900  2
  69.3100 -10.3100  2
  69.4300 -10.2200  2
  69.5100 -10.2300  2
  69.6300 -10.3000  2
  69.7100 -10.3600  2
  69.7300 -10.3700  2
  69.8400 -10.4800  3
  69.8500 -10.3200  2
  69.7700 -10.3800  2
  99.0000   0.0000  3
 91X  56 905  77  32.68   0.00 AN    12 5
  67.8400  -0.9400  3
  67.8200  -1.0100  2
  67.7700  -1.1200  2
  67.7100  -1.2100  3
  67.6200  -1.3900  2
  67.5000  -1.5800  3
  67.4000  -1.7600  2
  67.1600  -2.0000  3
  67.0200  -2.2400  2
  66.8900  -2.3300  3
  66.7900  -2.4600  2
  66.5900  -2.7300  3
  66.5000  -2.7700  2
  66.4000  -3.0000  3
  66.3200  -3.0900  2
  66.2000  -3.2800  3
  66.1200  -3.4100  2
  66.0200  -3.6000  3
  65.9200  -3.7600  2
  65.7600  -4.0600  3
  65.6600  -4.2400  2
  65.5200  -4.4400  3
  65.4600  -4.5600  2
  65.2700  -4.9800  3
  65.1500  -5.2900  2
  65.0800  -5.4500  3
  64.9600  -5.8000  2
  64.8600  -6.1300  3
  64.7900  -6.3700  2
  64.6800  -6.6800  3
  64.6500  -6.8500  2
  64.6400  -7.0100  3
  64.5900  -7.4300  2
  64.5100  -7.6500  3
  64.4500  -7.8900  2
  64.3700  -8.1200  3
  64.3300  -8.4600  2
  64.3200  -8.8100  3
  64.3100  -9.1600  2
  64.3000  -9.7600  3
  64.2700 -10.1100  2
  64.2600 -10.4600  3
  64.3200 -10.7000  2
  64.4500 -11.2700  3
  64.5200 -11.4700  2
  64.6000 -11.8900  3
  64.6900 -12.3000  2
  64.8400 -12.8900  3
  64.9100 -13.2400  2
  65.0500 -13.8900  3
  65.1000 -14.1300  2
  65.1300 -14.5200  3
  65.1800 -14.8400  2
  65.2300 -15.2400  3
  65.2700 -15.5600  2
  65.3000 -16.0100  3
  65.3400 -16.2700  2
  65.3700 -16.6300  3
  65.3900 -16.8200  2
  65.4200 -17.6200  3
  65.4400 -18.0300  2
  65.4500 -18.2000  3
  65.4500 -18.2500  2
  69.6800  -0.9900  3
  69.6000  -1.0400  2
  69.4800  -1.0800  2
  69.3500  -1.1200  2
  69.2100  -1.2000  2
  69.1000  -1.2900  2
  68.9900  -1.3700  2
  68.9100  -1.4100  2
  68.5400  -0.9700  3
  68.4600  -1.0600  2
  68.3800  -1.1800  2
  68.3100  -1.2800  2
  68.2500  -1.3900  2
  68.2200  -1.4300  2
  99.0000   0.0000  3
 91X  57 905  36  35.58   0.00 AN    13 6
  64.9100  -7.3900  3
  64.8300  -7.3800  2
  64.9100  -7.3300  3
  64.9300  -7.2800  2
  64.9400  -7.2100  2
  64.9100  -7.1900  2
  64.8900  -7.2600  2
  64.9000  -7.1800  2
  64.8700  -7.1300  2
  64.8500  -7.2700  2
  64.9000  -7.0400  3
  64.9100  -6.9400  2
  64.9400  -6.7600  2
  64.9700  -6.6100  2
  65.0000  -6.4600  2
  65.0300  -6.3200  2
  65.0700  -6.2000  2
  65.1200  -5.9800  2
  65.1700  -5.8200  2
  65.2200  -5.6900  2
  65.2700  -5.5700  2
  65.3100  -5.4100  2
  65.3600  -5.3200  2
  65.4200  -5.1700  2
  65.4700  -5.0700  2
  65.5300  -4.9600  2
  65.5900  -4.8500  2
  65.6800  -4.7300  2
  65.7700  -4.5900  2
  65.8200  -4.5100  2
  65.9000  -4.3800  2
  66.0000  -4.2200  2
  66.1300  -4.0700  2
  66.2300  -3.9800  2
  66.3200  -3.8600  2
  99.0000   0.0000  3
 91X  58 905  52  42.01   0.00 AN    18 4
  65.3200  -5.9600  3
  65.4000  -5.8900  2
  65.5400  -5.7200  2
  65.7100  -5.5300  2
  65.8300  -5.3800  2
  65.9400  -5.2400  2
  66.0900  -5.0500  2
  66.2100  -4.8900  2
  66.3200  -4.7800  2
  66.4800  -4.5700  2
  66.6000  -4.3900  2
  66.7200  -4.2500  2
  66.8100  -4.1200  2
  66.8900  -4.0100  2
  66.9800  -3.9200  3
  66.9200  -3.8700  2
  66.9800  -3.8300  3
  66.9800  -3.8400  2
  66.9500  -3.8600  2
  66.9500  -3.8400  2
  66.9600  -3.8100  2
  66.9700  -3.7500  2
  66.9600  -3.7200  2
  66.9200  -3.7700  2
  66.9300  -3.8200  2
  66.9500  -3.8100  2
  66.9800  -3.7900  2
  66.9900  -3.8300  2
  68.1400  -3.9700  3
  68.1900  -3.8600  2
  68.2500  -3.6900  2
  68.3300  -3.4700  2
  68.4200  -3.1800  2
  68.4900  -2.9800  2
  68.4900  -2.9500  2
  68.5600  -2.8700  3
  68.4900  -2.7900  2
  68.6000  -2.7400  3
  68.5700  -2.7600  2
  68.5500  -2.7400  2
  68.5500  -2.6900  2
  68.5700  -2.6700  2
  68.5800  -2.6300  2
  68.5600  -2.5800  2
  68.5400  -2.5900  2
  68.5200  -2.6400  2
  68.5400  -2.6700  2
  68.5500  -2.7000  2
  68.5700  -2.6800  2
  68.5900  -2.6600  2
  68.6000  -2.6900  2
  68.5900  -2.7300  2
  68.5800  -2.7200  3
  99.0000   0.0000  3
 91X   3 905  15  10.00   0.00 CS 000   1
  65.9600 -18.4300  3
  65.8500 -18.2600  2
  65.6900 -18.1700  2
  65.9200 -18.0800  2
  66.1900 -18.2500  2
  66.1800 -18.0400  2
  66.1000 -17.8100  2
  66.0200 -17.6700  2
  66.0600 -17.3900  2
  66.1900 -17.2900  2
  66.2000 -17.0700  2
  66.1500 -17.0600  2
  66.1900 -16.4700  2
  66.5000 -16.5500  2
  66.4900 -16.5500  3
  99.0000   0.0000  3
 91X   4 905  34  26.00   0.00 CS 000   1
  66.1700 -16.4700  3
  66.4800 -16.5700  2
  66.5400 -16.1300  2
  66.4600 -16.0400  2
  66.4200 -15.8100  2
  66.2900 -15.7700  2
  66.1700 -15.4700  2
  66.1900 -15.3900  2
  66.2700 -15.3600  2
  66.2900 -15.1300  2
  66.3700 -14.9700  2
  66.4000 -14.6400  2
  66.3600 -14.5600  2
  66.2700 -14.9200  2
  66.1100 -15.1800  2
  66.0100 -15.0000  2
  66.0700 -14.8100  2
  65.9500 -14.7000  2
  65.7900 -14.8100  2
  65.7300 -14.8000  2
  65.7500 -14.3700  2
  65.6800 -14.3600  2
  65.6400 -14.3600  2
  65.5900 -14.0600  2
  65.7000 -14.0000  2
  65.4500 -13.7400  2
  65.3400 -13.7700  2
  65.2800 -13.8700  2
  65.1900 -13.7400  2
  65.2400 -13.5600  2
  65.1000 -13.5500  2
  65.0200 -13.6500  2
  64.9900 -13.7800  2
  64.9900 -13.7800  3
  99.0000   0.0000  3
 91X   9 905  39 200.00   0.00 MA 000   1
  66.9700 -12.1500  3
  67.0600 -12.1100  2
  67.1500 -12.0300  2
  67.2300 -11.9600  2
  67.3600 -11.9200  2
  67.4600 -11.8500  2
  67.5700 -11.8500  2
  67.6700 -11.8000  2
  67.7900 -11.7400  2
  67.9400 -11.6800  2
  68.1400 -11.5400  2
  68.3300 -11.3900  2
  68.4900 -11.2200  2
  68.6100 -11.0800  2
  68.7500 -10.8700  2
  68.8900 -10.6800  2
  69.0300 -10.4900  2
  69.2400 -10.2300  2
  69.4200 -10.0600  2
  69.5600  -9.9900  2
  69.7600  -9.9100  2
  69.9400  -9.8400  2
  70.1300  -9.7700  2
  70.2400  -9.7900  2
  70.3200  -9.8600  2
  70.4000 -10.0400  2
  70.4700 -10.2300  2
  70.5400 -10.3800  2
  70.6000 -10.4300  2
  70.6900 -10.3700  2
  70.7800 -10.2600  2
  70.8900 -10.1400  2
  70.9700 -10.0300  2
  71.0900  -9.8700  2
  71.2000  -9.7200  2
  71.2900  -9.5200  2
  71.3600  -9.4400  2
  71.4000  -9.3600  2
  71.3900  -9.3300  3
  99.0000   0.0000  3
 91X  21 905  26  28.00   0.00 TA 000   1
  71.7100 -11.8700  3
  71.6900 -11.7100  2
  71.6700 -11.5000  2
  71.6400 -11.1600  2
  71.6100 -10.8500  2
  71.5800 -10.5800  2
  71.5600 -10.3500  2
  71.5300 -10.0900  2
  71.5000  -9.9400  2
  71.4800  -9.7200  2
  71.4500  -9.5200  2
  71.4300  -9.3400  2
  71.3800  -9.0700  2
  71.3400  -8.8800  2
  71.3100  -8.6600  2
  71.2700  -8.4500  2
  71.2200  -8.0600  2
  71.1500  -7.7200  2
  71.1100  -7.5200  2
  71.0700  -7.4400  2
  71.0500  -7.3700  2
  71.0400  -7.3200  2
  71.0100  -7.2000  2
  70.9800  -7.0700  2
  70.9700  -7.0100  2
  70.9700  -7.0100  3
  99.0000   0.0000  3
 91X  20 905  54  43.00   0.00 TA 000   1
  68.6900  -2.4000  3
  68.6500  -2.2900  2
  68.6100  -2.2000  2
  68.5400  -2.0200  2
  68.4800  -1.8800  2
  68.4100  -1.7400  2
  68.3400  -1.6300  2
  68.2600  -1.5000  2
  68.1800  -1.3600  2
  68.1100  -1.2300  2
  68.0400  -1.1100  2
  67.9700  -1.0000  2
  67.9000  -0.9400  2
  67.8700  -0.9200  2
  67.8500  -0.9000  2
  70.5100  -4.0700  3
  70.5000  -3.9700  2
  70.4600  -3.7300  2
  70.4200  -3.4900  2
  70.3800  -3.2800  2
  70.3300  -3.0800  2
  70.2900  -2.8600  2
  70.2500  -2.6700  2
  70.2000  -2.4500  2
  70.1400  -2.1900  2
  70.0900  -2.0200  2
  70.0300  -1.8200  2
  69.9700  -1.6200  2
  69.9200  -1.4800  2
  69.8600  -1.3600  2
  69.7800  -1.2100  2
  69.7400  -1.0800  2
  69.7200  -1.0200  2
  69.6900  -0.9500  2
  69.6300  -0.8400  2
  69.5700  -0.7200  2
  69.5200  -0.6100  2
  69.4800  -0.5000  2
  69.4700  -0.4700  2
  69.1500  -2.0700  3
  69.0900  -1.9400  2
  69.0200  -1.8300  2
  68.9500  -1.7200  2
  68.8800  -1.5900  2
  68.8000  -1.4600  2
  68.7200  -1.3400  2
  68.6700  -1.2200  2
  68.6500  -1.1300  2
  68.6000  -1.0400  2
  68.5700  -0.9900  2
  68.5500  -0.9500  2
  68.5500  -0.9400  3
  99.0000   0.0000  3
 91X 124 905  54  45.42   0.00 AN    20 6
  65.5300  -5.9700  3
  65.6500  -5.8600  2
  65.7600  -5.7000  2
  65.8800  -5.5800  2
  66.0100  -5.4600  2
  66.1500  -5.3400  2
  66.2600  -5.2200  2
  66.3700  -5.0900  2
  66.5500  -4.8900  2
  66.6700  -4.7400  2
  66.7700  -4.6000  2
  66.8900  -4.4300  2
  66.9900  -4.3100  2
  67.0900  -4.1800  2
  67.1500  -4.0700  2
  67.2100  -4.0000  2
  67.3100  -3.9100  3
  67.3200  -3.8900  2
  67.3400  -3.8700  2
  67.3000  -3.8100  2
  67.2800  -3.8400  2
  67.3000  -3.7900  2
  67.3200  -3.7400  2
  67.3700  -3.7500  3
  67.3700  -3.7600  2
  67.3300  -3.7800  2
  67.3100  -3.7100  2
  67.3500  -3.6500  2
  67.3700  -3.6900  2
  67.3700  -3.7600  2
  68.4700  -3.9700  3
  68.4900  -3.8900  2
  68.5300  -3.7000  2
  68.5700  -3.5300  2
  68.6200  -3.3500  2
  68.6800  -3.1200  2
  68.7100  -2.9900  2
  68.7300  -2.9200  2
  68.7700  -2.8300  3
  68.7800  -2.8300  2
  68.7900  -2.8000  2
  68.8000  -2.7400  2
  68.7600  -2.7200  2
  68.7400  -2.7300  2
  68.7700  -2.6400  2
  68.8200  -2.6500  3
  68.8200  -2.6600  2
  68.7900  -2.6700  2
  68.7700  -2.6300  2
  68.7800  -2.5700  2
  68.8100  -2.5600  2
  68.8300  -2.6100  2
  68.8300  -2.6800  2
  68.8200  -2.6700  3
  99.0000   0.0000  3
 91X 125 905  54  54.29   0.00 AN    23 3
  66.0700  -7.2900  3
  66.1200  -7.2200  2
  66.0400  -7.1800  2
  66.0800  -7.1000  2
  66.1600  -7.1700  3
  66.1700  -7.1200  2
  66.1900  -7.0800  2
  66.1500  -7.0300  2
  66.1300  -7.1000  2
  66.1500  -7.0000  2
  66.1100  -6.9800  2
  66.0800  -7.0400  2
  66.1900  -6.9100  3
  66.2900  -6.8300  2
  66.4300  -6.7500  2
  66.6100  -6.6500  2
  66.7500  -6.5700  2
  66.8800  -6.5000  2
  66.9900  -6.4400  2
  67.1400  -6.4600  2
  67.2900  -6.5100  2
  67.4300  -6.5100  2
  67.5900  -6.5400  2
  67.7200  -6.5200  2
  67.8400  -6.4700  2
  67.9700  -6.4100  2
  68.0800  -6.3400  2
  68.1900  -6.2500  2
  68.2700  -6.1500  2
  68.3500  -6.0900  2
  68.4100  -6.0200  2
  68.4400  -5.9800  2
  68.9700  -6.0500  3
  69.0300  -5.8900  2
  69.0800  -5.7000  2
  69.1300  -5.4800  2
  69.2000  -5.2300  2
  69.2700  -4.9700  2
  69.2800  -4.9000  2
  69.3300  -4.8100  3
  69.3500  -4.7800  2
  69.3400  -4.7300  2
  69.3100  -4.7400  2
  69.2900  -4.7500  2
  69.3200  -4.6700  2
  69.3700  -4.6800  3
  69.3900  -4.6300  2
  69.3900  -4.5800  2
  69.3600  -4.5900  2
  69.3600  -4.5100  2
  69.3600  -4.4800  2
  69.3300  -4.5200  2
  69.3100  -4.5800  2
  69.3100  -4.5800  3
  99.0000   0.0000  3
 91X 126 905  63  55.64   0.00 AN    24 4
  67.0000  -7.6600  3
  67.0600  -7.6700  2
  67.1200  -7.6800  2
  67.2000  -7.6800  2
  67.2800  -7.6800  2
  67.3500  -7.7000  2
  67.4100  -7.7300  2
  67.4600  -7.7400  2
  68.0700  -7.4900  3
  68.1400  -7.4900  2
  68.2100  -7.4800  2
  68.2900  -7.4900  2
  68.3800  -7.5100  2
  68.4500  -7.5000  2
  68.5300  -7.4900  2
  68.6000  -7.5900  3
  68.6200  -7.5600  2
  68.6300  -7.5100  2
  68.5900  -7.4900  2
  68.5700  -7.4700  2
  68.6000  -7.4300  2
  68.6500  -7.4600  3
  68.6300  -7.4200  2
  68.6600  -7.3500  3
  68.6800  -7.4200  3
  68.6200  -7.3000  2
  69.2600  -7.0100  3
  69.3400  -6.7700  2
  69.4100  -6.5800  2
  69.4700  -6.4000  2
  69.5200  -6.2700  2
  69.5700  -6.1300  2
  69.6200  -6.0000  2
  69.6300  -5.9500  2
  67.0200  -7.6500  3
  67.0900  -7.6600  2
  67.2100  -7.6900  2
  67.3400  -7.6900  2
  67.4400  -7.7000  2
  67.4700  -7.6900  2
  67.5200  -7.7700  3
  67.5400  -7.7500  2
  67.5600  -7.7300  2
  67.5200  -7.6700  2
  67.5500  -7.6300  2
  67.6200  -7.7800  3
  67.6000  -7.6900  2
  67.6300  -7.6400  2
  67.6400  -7.7200  3
  67.6100  -7.6500  2
  67.6000  -7.5800  2
  68.0800  -7.4700  3
  68.2500  -7.4500  2
  68.3300  -7.4500  2
  68.4500  -7.4800  2
  68.5300  -7.4800  2
  69.2800  -6.9600  3
  69.3500  -6.7400  2
  69.4200  -6.5200  2
  69.4900  -6.3100  2
  69.5500  -6.1500  2
  69.6000  -6.0400  2
  69.6200  -5.9700  2
  69.6200  -5.9700  3
  99.0000   0.0000  3
 91X  92 905  39  60.00   0.00 TA 000   2
  69.9800  -6.9500  3
  69.9500  -6.8300  2
  69.9100  -6.6700  2
  69.8900  -6.5300  2
  69.8600  -6.3800  2
  69.8100  -6.1700  2
  69.7700  -6.0200  2
  69.6900  -5.7400  2
  69.6300  -5.4400  2
  69.5800  -5.2100  2
  69.5300  -5.0000  2
  69.4700  -4.7600  2
  69.4100  -4.5200  2
  69.3400  -4.2400  2
  69.2300  -3.9100  2
  69.1400  -3.6500  2
  69.0700  -3.3800  2
  68.9800  -3.0700  2
  68.9100  -2.8600  2
  68.8300  -2.6600  2
  68.7400  -2.4400  2
  68.6900  -2.3700  2
  70.9800  -7.0500  3
  70.9600  -6.9500  2
  70.9300  -6.8000  2
  70.9000  -6.5300  2
  70.8800  -6.3800  2
  70.8400  -6.1200  2
  70.7900  -5.7700  2
  70.7400  -5.4000  2
  70.7100  -5.0500  2
  70.6700  -4.7800  2
  70.6200  -4.4700  2
  70.5800  -4.2500  2
  70.5400  -4.1100  2
  70.5100  -3.9900  2
  70.5000  -3.9200  2
  70.5100  -4.0300  3
  99.0000   0.0000  3
 91X  79 905  54 200.00   0.00 MA 000   2
  68.0500  -9.8500  3
  68.1100  -9.7600  2
  68.1700  -9.7100  2
  68.2900  -9.6100  2
  68.3800  -9.4600  2
  68.4500  -9.2500  2
  68.5000  -8.9900  2
  68.5600  -8.7800  2
  68.6400  -8.5000  2
  68.7100  -8.2700  2
  68.7900  -8.1200  2
  68.8700  -7.8900  2
  68.9600  -7.7400  2
  69.0500  -7.6400  2
  69.1200  -7.6600  2
  69.2400  -7.6000  2
  69.3400  -7.5900  2
  69.4200  -7.5900  2
  69.5200  -7.6400  2
  69.6300  -7.6300  2
  69.7000  -7.5600  2
  69.8300  -7.5400  2
  69.9500  -7.4900  2
  70.0500  -7.4500  2
  70.1400  -7.4000  2
  70.2500  -7.3700  2
  70.3500  -7.3400  2
  70.4500  -7.3700  2
  70.5100  -7.3800  2
  70.5800  -7.4000  2
  70.6500  -7.3800  2
  70.7400  -7.3400  2
  70.8200  -7.1800  2
  68.0400  -9.8800  3
  68.0300  -9.8800  2
  68.1200  -9.8000  2
  68.2200  -9.6400  2
  68.3400  -9.4500  2
  68.4100  -9.2400  2
  68.5300  -8.8400  2
  68.6100  -8.5400  2
  68.8100  -8.0600  2
  69.0300  -7.7100  2
  69.2500  -7.5600  2
  69.4500  -7.5700  2
  69.5500  -7.5800  2
  69.7200  -7.5500  2
  69.9200  -7.5100  2
  70.0900  -7.4100  2
  70.2300  -7.3500  2
  70.3700  -7.3900  2
  70.5000  -7.4200  2
  70.5900  -7.4100  2
  70.6800  -7.3400  2
  70.7600  -7.2500  2
  70.8100  -7.2000  2
  70.8100  -7.2000  3
  99.0000   0.0000  3
 91X 146 905  21 600.00   0.00 CS 000   7
  70.8300  -9.1300  3
  70.8700  -9.0800  2
  70.9200  -8.9800  2
  70.9600  -8.8100  2
  71.0000  -8.6000  2
  71.0400  -8.4600  2
  71.1100  -8.3300  2
  71.1600  -8.2100  2
  71.1700  -7.9700  2
  71.1100  -7.9900  2
  71.0700  -8.0200  2
  71.0200  -8.1000  2
  70.9700  -8.2300  2
  70.9500  -8.4400  2
  70.9200  -8.6200  2
  70.9000  -8.8000  2
  70.8900  -8.8400  2
  70.8500  -8.9300  2
  70.8200  -9.0300  2
  70.8300  -9.1100  2
  70.8300  -9.0900  3
  99.0000   0.0000  3
 93X5012 905 131 200.00   0.00 BA 1000  5
  69.0400  -7.8200  3
  69.1000  -7.8800  2
  69.1500  -7.8600  2
  69.2500  -7.8000  2
  69.3000  -7.7400  2
  69.3700  -7.8000  2
  69.4100  -7.8900  2
  69.4600  -8.0000  2
  69.5200  -8.1100  2
  69.5900  -8.1000  2
  69.6600  -8.0100  2
  69.7500  -7.8800  2
  69.8100  -7.8000  2
  69.8300  -7.6900  2
  69.8800  -7.6400  2
  69.9400  -7.7700  2
  69.9900  -7.8800  2
  70.0500  -7.9000  2
  70.1200  -7.9000  2
  70.2000  -7.8500  2
  70.2400  -7.7800  2
  70.3300  -7.5800  2
  70.3900  -7.6000  2
  70.4600  -7.8200  2
  70.5000  -7.9400  2
  70.5600  -7.9100  2
  70.6300  -7.8100  2
  70.7100  -7.6300  2
  70.7500  -7.4600  2
  70.7300  -7.3100  2
  70.7000  -7.1400  2
  70.6800  -6.9700  2
  70.7000  -6.6800  2
  70.6900  -6.5000  2
  70.6700  -6.2500  2
  70.6600  -6.0700  2
  70.6600  -5.9000  2
  70.6900  -5.8700  2
  70.7400  -6.1500  2
  70.7900  -6.4400  2
  70.8200  -6.7200  2
  70.8500  -7.1000  2
  70.9000  -7.3500  2
  70.9600  -7.5400  2
  71.0100  -7.7900  2
  71.0700  -7.9000  2
  71.1100  -7.8700  2
  71.1500  -7.9200  2
  71.1600  -8.0900  2
  71.1500  -8.2200  2
  71.1500  -8.3400  2
  71.1300  -8.5200  2
  71.1000  -8.6500  2
  71.1100  -8.8100  2
  71.1500  -8.9500  2
  71.2000  -9.0300  2
  71.2200  -9.1700  2
  71.2300  -9.4100  2
  71.2300  -9.6000  2
  71.1900  -9.8500  2
  71.1400 -10.0400  2
  71.0600 -10.0100  2
  70.9900  -9.8700  2
  70.9400  -9.8000  2
  70.8600  -9.8100  2
  70.7900  -9.8400  2
  70.7400  -9.8800  2
  70.6800  -9.8400  2
  70.6400  -9.7700  2
  70.5900  -9.6500  2
  70.5400  -9.5000  2
  70.4900  -9.4300  2
  70.4600  -9.3000  2
  70.4300  -9.0800  2
  70.3900  -8.8700  2
  70.3200  -8.8100  2
  70.2500  -8.8000  2
  70.1400  -8.8600  2
  70.0600  -8.9000  2
  69.9900  -8.9100  2
  69.9400  -8.8800  2
  69.8900  -8.8400  2
  69.8200  -8.7000  2
  69.7600  -8.6300  2
  69.7200  -8.5600  2
  69.6200  -8.4600  2
  69.5400  -8.3300  2
  69.4500  -8.2300  2
  69.4000  -8.2000  2
  69.3400  -8.1800  2
  69.2600  -8.1900  2
  69.1700  -8.3300  2
  69.1000  -8.4900  2
  69.0400  -8.6000  2
  68.9700  -8.7400  2
  68.9600  -8.9100  2
  68.9000  -8.9300  2
  68.8400  -8.9400  2
  68.7400  -9.0300  2
  68.6600  -9.1300  2
  68.5700  -9.2400  2
  68.6200  -9.0300  2
  68.7200  -8.8500  2
  68.7600  -8.7700  2
  68.7800  -8.6400  2
  68.8200  -8.5000  2
  68.8800  -8.3700  2
  68.9000  -8.3000  2
  68.9400  -8.2400  2
  68.9800  -8.1800  3
  68.9400  -8.1700  2
  69.0000  -8.1200  3
  68.9700  -8.1700  2
  68.9500  -8.1400  2
  68.9500  -8.0900  2
  68.9700  -8.0800  2
  68.9800  -8.1100  2
  68.9800  -8.1400  2
  69.0200  -8.0200  3
  69.0000  -8.0700  2
  68.9700  -8.0300  2
  68.9800  -7.9900  2
  68.9900  -7.9800  2
  69.0000  -8.0400  2
  69.0300  -7.9400  3
  69.0100  -7.9700  2
  69.0000  -7.9400  2
  69.0100  -7.8900  2
  69.0300  -7.9000  2
  69.0200  -7.9700  2
  69.0300  -7.9700  3
  99.0000   0.0000  3
 93X5012 905  98 200.00   0.00 BA 2000  6
  70.6100  -6.0800  3
  70.6100  -6.3300  2
  70.5900  -6.5300  2
  70.5600  -6.7200  2
  70.5000  -6.8900  2
  70.4800  -7.0600  2
  70.4200  -7.1900  2
  70.3600  -7.1000  2
  70.2800  -6.9700  2
  70.2200  -6.9200  2
  70.1500  -6.9000  2
  70.1700  -6.9100  2
  70.1100  -6.9500  2
  70.0600  -6.9600  2
  69.9800  -6.9800  2
  69.9300  -7.0200  2
  69.8700  -7.1200  2
  69.8300  -7.2100  2
  69.7900  -7.3500  2
  69.6900  -7.4100  2
  69.6100  -7.4800  2
  69.5300  -7.5000  2
  69.4700  -7.4900  2
  69.4300  -7.4800  2
  69.3800  -7.4600  2
  69.3200  -7.4600  2
  69.2700  -7.4600  2
  69.2200  -7.4800  2
  69.1700  -7.4600  2
  69.1200  -7.4800  2
  69.0100  -7.5400  2
  68.9100  -7.6400  2
  68.8300  -7.7500  2
  68.7900  -7.8100  2
  68.7500  -7.9500  2
  68.7000  -8.1300  2
  68.6600  -8.2400  2
  68.5900  -8.4700  2
  68.5300  -8.5900  2
  68.5000  -8.6000  2
  68.5300  -8.4800  2
  68.4800  -8.6100  2
  68.5000  -8.4500  2
  68.5300  -8.3600  2
  68.6000  -8.1900  2
  68.6700  -8.0000  2
  68.6600  -7.9000  2
  68.6100  -7.8000  2
  68.6000  -7.6400  2
  68.5800  -7.4600  2
  68.5100  -7.3300  2
  68.4000  -7.1400  2
  68.3300  -7.0300  2
  68.1100  -7.0900  2
  67.9800  -7.2200  2
  67.8600  -7.3500  2
  67.7500  -7.5800  2
  67.6600  -7.6500  2
  67.6100  -7.6000  2
  67.5400  -7.5300  2
  67.4400  -7.4600  2
  67.3700  -7.4400  2
  67.2300  -7.4400  2
  67.1000  -7.5000  2
  66.9800  -7.5500  2
  66.9200  -7.5600  2
  69.9100  -9.3900  3
  69.8300  -9.3100  2
  69.7300  -9.1500  2
  69.6400  -8.9800  2
  69.5500  -8.8600  2
  69.4900  -8.7800  2
  69.4000  -8.7000  2
  69.3200  -8.6900  2
  69.2500  -8.7300  2
  69.2200  -8.7900  2
  69.2200  -8.9900  2
  69.2500  -9.2900  2
  69.2100  -9.4800  2
  69.1300  -9.6400  2
  69.0400  -9.6400  2
  69.0000  -9.5500  2
  68.9400  -9.5000  2
  68.8400  -9.5100  2
  68.7900  -9.5000  2
  68.7500  -9.4800  2
  68.7000  -9.3300  2
  68.6500  -9.4400  2
  68.5800  -9.6400  2
  68.5200  -9.8400  2
  68.4700 -10.0100  2
  68.4000 -10.1400  2
  68.3300  -9.8900  2
  68.2800  -9.8600  2
  68.2300 -10.1000  2
  68.2000 -10.2900  2
  68.1500 -10.5000  2
  68.1600 -10.4600  3
  99.0000   0.0000  3
 1X1 401 905  60  15.07   0.00 AN    5B 4
  70.4700 -12.0000  3
  70.2200 -12.2400  2
  69.9900 -12.4000  2
  69.9100 -12.4900  2
  69.8100 -12.6200  2
  69.7300 -12.6400  2
  69.6700 -12.6600  2
  69.5800 -12.7700  2
  69.5100 -12.8300  2
  69.4000 -13.0100  2
  69.2800 -13.1600  2
  68.0300 -14.8500  3
  68.1300 -14.7500  2
  68.2600 -14.6200  2
  68.3300 -14.5900  2
  68.4800 -14.4100  2
  68.5700 -14.2300  2
  68.6800 -14.0600  2
  68.7800 -13.9300  2
  68.8600 -13.7800  2
  68.9600 -13.6200  2
  70.4400 -12.1000  3
  70.4200 -11.9600  2
  70.2200 -12.3400  3
  70.1800 -12.2000  2
  69.9800 -12.5200  3
  69.9700 -12.3400  2
  69.7900 -12.6100  3
  69.7800 -12.5100  2
  69.6900 -12.7000  3
  69.6800 -12.5800  2
  69.5800 -12.7600  3
  69.5800 -12.6000  2
  69.4900 -12.8800  3
  69.5000 -12.7000  2
  69.3800 -13.0600  3
  69.3800 -12.9300  2
  69.2800 -13.2100  3
  69.2800 -13.0500  2
  69.0600 -13.6300  3
  69.0300 -13.4700  2
  68.9400 -13.7700  3
  68.9200 -13.5800  2
  68.8600 -13.8500  3
  68.8500 -13.6600  2
  68.7700 -13.9000  3
  68.7500 -13.7600  2
  68.3600 -14.5900  3
  68.3400 -14.5000  2
  68.4400 -14.4800  3
  68.4200 -14.3500  2
  68.5700 -14.3000  3
  68.5400 -14.1700  2
  68.2400 -14.7400  3
  68.2400 -14.5700  2
  68.1500 -14.7800  3
  68.1300 -14.6600  2
  68.0400 -14.8600  3
  68.0200 -14.7400  2
  68.0400 -14.7600  3
  99.0000   0.0000  3
 1X1 401 905  91   9.67   0.00 AN     5 2
  67.1700 -16.6000  3
  67.3400 -16.5100  2
  67.5200 -16.3700  2
  67.7500 -16.2100  2
  67.8300 -16.1300  2
  67.9100 -16.0600  2
  68.0400 -15.9800  2
  68.1300 -15.8900  2
  68.2300 -15.7600  2
  68.3300 -15.6600  2
  68.4300 -15.5000  2
  68.5400 -15.3400  2
  68.6500 -15.1800  2
  68.7300 -15.0300  2
  68.8500 -14.8600  2
  68.9300 -14.7500  2
  69.0900 -14.5300  2
  69.1800 -14.4500  2
  69.2800 -14.3400  2
  69.3700 -14.2600  2
  69.4700 -14.1800  2
  69.5600 -14.0600  2
  69.6700 -13.9000  2
  69.7900 -13.8000  2
  69.8700 -13.7300  2
  69.9600 -13.6400  2
  70.0900 -13.5200  2
  70.3400 -13.2200  2
  70.3600 -13.3300  3
  70.3300 -13.2300  2
  70.0700 -13.5900  3
  70.0700 -13.4100  2
  69.9700 -13.6400  3
  69.9800 -13.5100  2
  69.9000 -13.7400  3
  69.9000 -13.6200  2
  69.8000 -13.8400  3
  69.8000 -13.7100  2
  69.7000 -13.9200  3
  69.6900 -13.7700  2
  69.5700 -13.9900  3
  69.5800 -13.8500  2
  69.4900 -14.0800  3
  69.4900 -13.9400  2
  69.4100 -14.1500  3
  69.4000 -14.0100  2
  69.3200 -14.2400  3
  69.3200 -14.0900  2
  69.2600 -14.3700  3
  69.2700 -14.1800  2
  69.1700 -14.4400  3
  69.1600 -14.2600  2
  69.0700 -14.5000  3
  69.0700 -14.3800  2
  68.9700 -14.6900  3
  68.9800 -14.5400  2
  68.8800 -14.8400  3
  68.8500 -14.6900  2
  68.7600 -15.1200  3
  68.7400 -14.9800  2
  68.6700 -15.2100  3
  68.6400 -15.0500  2
  68.5200 -15.4700  3
  68.5100 -15.3000  2
  68.4200 -15.5900  3
  68.4200 -15.3700  2
  68.3200 -15.6300  3
  68.3300 -15.4300  2
  68.2200 -15.8500  3
  68.2300 -15.6900  2
  68.1500 -15.9000  3
  68.1400 -15.7300  2
  68.0300 -15.9800  3
  68.0200 -15.8400  2
  67.9100 -16.0600  3
  67.9000 -15.9500  2
  67.8700 -16.1200  3
  67.8500 -16.0200  2
  67.7700 -16.2300  3
  67.7600 -16.1200  2
  67.6500 -16.3700  3
  67.6500 -16.1600  2
  67.5600 -16.3700  3
  67.5500 -16.2600  2
  67.4500 -16.4900  3
  67.4300 -16.4000  2
  67.3700 -16.5500  3
  67.3400 -16.4400  2
  67.2100 -16.6600  3
  67.1800 -16.5600  2
  67.1800 -16.5600  3
  99.0000   0.0000  3
 1X1 403 905  78  19.90   0.00 AN     6 2
  70.2100 -10.7900  3
  70.0700 -11.0100  2
  69.9300 -11.0900  2
  69.8400 -11.0700  2
  69.7400 -11.0900  2
  69.6300 -11.1500  2
  69.5100 -11.3200  2
  69.4000 -11.5100  2
  69.3200 -11.6200  2
  69.2200 -11.7100  2
  69.1200 -11.8600  2
  69.0100 -12.0700  2
  68.7100 -12.7600  2
  68.5900 -12.9600  2
  68.5000 -13.1600  2
  68.3600 -13.3900  2
  68.2700 -13.5800  2
  68.1700 -13.7100  2
  68.0500 -13.8700  2
  67.9400 -13.9800  2
  67.8400 -14.0700  2
  67.7600 -14.0800  2
  67.6700 -14.1100  2
  67.6500 -14.2000  3
  67.6500 -14.0400  2
  67.7400 -14.1400  3
  67.7400 -13.9800  2
  67.8500 -14.1000  3
  67.8400 -13.9400  2
  68.0400 -13.9100  3
  68.0500 -13.7400  2
  68.1600 -13.8500  3
  68.1700 -13.6800  2
  68.2600 -13.6500  3
  68.2600 -13.4700  2
  68.3500 -13.4300  3
  68.3400 -13.3100  2
  68.4800 -13.2200  3
  68.4800 -13.1000  2
  68.6000 -13.0400  3
  68.6100 -12.7800  2
  68.7000 -12.7700  3
  68.6800 -12.6600  2
  68.7900 -12.6200  3
  68.7700 -12.4100  2
  68.9000 -12.2000  3
  68.8900 -12.0700  2
  69.0000 -12.0600  3
  68.9900 -11.9600  2
  69.0900 -11.9100  3
  69.0800 -11.8000  2
  69.1800 -11.7900  3
  69.1700 -11.7000  2
  69.2400 -11.6800  3
  69.2500 -11.5100  2
  69.3800 -11.5400  3
  69.3700 -11.3900  2
  69.4700 -11.3900  3
  69.4700 -11.2800  2
  69.5900 -11.3000  3
  69.5800 -11.0900  2
  69.6700 -11.1600  3
  69.6600 -11.0300  2
  69.7700 -11.1100  3
  69.7600 -10.9900  2
  69.8400 -11.0900  3
  69.8600 -10.8900  2
  69.9500 -11.1200  3
  69.9400 -10.9400  2
  70.0600 -11.0600  3
  70.0500 -10.8100  2
  70.3700 -10.7900  3
  70.2800 -10.7100  2
  70.2600 -10.5000  2
  70.3200 -10.4700  2
  70.3200 -10.6100  2
  70.2800 -10.6600  2
  70.2800 -10.6600  3
  99.0000   0.0000  3
