 905   1 402 137 250.00   0.00 BS 000   2
  68.0800 130.6500  3
  68.0900 130.7000  2
  68.1100 130.7400  2
  68.2500 131.0000  2
  68.3900 131.2100  2
  68.5200 131.4200  2
  68.6800 131.6400  2
  68.8600 131.8600  2
  69.0300 132.0600  2
  69.2100 132.2700  2
  69.4600 132.5200  2
  69.6900 132.7100  2
  69.8900 132.8900  2
  70.0900 133.0700  2
  70.2800 133.2100  2
  70.5300 133.5100  2
  70.7000 133.7200  2
  70.9100 133.9400  2
  71.1500 134.2100  2
  71.3400 134.3300  2
  71.6000 134.5500  2
  71.8000 134.6600  2
  72.0200 134.7800  2
  72.2200 134.8400  2
  72.5100 134.9000  2
  72.8100 134.9300  2
  73.0500 134.9000  2
  73.3700 134.9100  2
  73.7000 134.8500  2
  73.9600 134.8000  2
  74.2500 134.8600  2
  74.5300 134.9100  2
  74.8300 134.9600  2
  75.1600 135.0800  2
  75.4200 135.1600  2
  75.6700 135.2300  2
  75.9700 135.3500  2
  76.3300 135.4000  2
  76.6300 135.5100  2
  76.8200 135.6200  2
  76.9300 135.7100  2
  76.9300 135.7100  2
  76.9400 135.5700  2
  76.9600 135.1400  2
  76.9800 134.3900  2
  76.9600 133.5800  2
  76.9600 133.0900  2
  76.9500 133.1000  2
  77.1100 133.0500  2
  77.2300 133.0700  2
  77.4500 133.2000  2
  77.7300 133.3400  2
  78.0300 133.6100  2
  78.2600 133.8900  2
  78.4800 134.1200  2
  78.8400 134.4200  2
  79.1100 134.6300  2
  79.2000 134.7100  2
  79.4100 134.8100  2
  79.6700 134.9400  2
  79.8700 134.9700  2
  80.1200 135.0400  2
  80.3400 135.1300  2
  80.5800 135.3800  2
  80.7700 135.5800  2
  81.0200 136.1000  2
  81.2900 136.6900  2
  81.5100 136.6400  2
  81.8200 136.1700  2
  82.0600 135.8500  2
  82.3200 135.5900  2
  82.5800 135.3800  2
  82.8200 135.4900  2
  83.0700 135.9600  2
  83.2800 136.3300  2
  83.4600 136.6100  2
  83.7300 137.1500  2
  84.0300 137.6700  2
  84.3200 137.9700  2
  84.3300 137.9000  2
  84.4400 138.1600  2
  84.7700 138.2500  2
  84.9400 138.2800  2
  85.1600 138.2100  2
  85.4200 137.6200  2
  85.6600 137.3200  2
  85.9400 137.1600  2
  86.2000 136.7400  2
  86.4300 136.0600  2
  86.7200 135.5600  2
  87.0400 134.9600  2
  87.3000 134.2400  2
  87.5700 133.8100  2
  87.8200 133.0800  2
  88.0400 132.4300  2
  88.3400 131.4600  2
  88.6000 131.4800  2
  88.8800 132.6300  2
  89.0100 135.2600  2
  89.1200 143.1600  2
  89.2100 151.8300  2
  89.2900 165.4500  2
  89.3000 177.1300  2
  89.3200-173.2300  2
  89.4100-158.8800  2
  89.4900-138.6500  2
  89.4800-118.6500  2
  89.4300-104.0900  2
  89.3800 -92.2000  2
  89.3000 -79.8400  2
  89.1800 -69.8100  2
  89.0600 -61.9800  2
  88.8800 -55.1000  2
  88.6000 -53.6300  2
  88.4000 -53.3900  2
  88.3700 -53.3900  2
  88.2500 -53.7100  2
  88.1200 -52.6500  2
  87.9900 -51.9200  2
  87.8200 -50.6700  2
  87.6100 -49.5400  2
  87.2600 -48.2600  2
  87.0100 -47.3300  2
  86.7000 -46.5300  2
  86.4900 -46.7000  2
  86.3500 -46.8900  2
  86.1900 -47.3400  2
  85.9900 -48.2300  2
  85.7100 -48.9100  2
  85.5400 -49.3200  2
  85.3300 -50.3600  2
  85.1300 -51.1100  2
  85.0500 -51.4200  2
  85.0200 -51.4300  2
  84.9000 -51.4100  2
  84.7800 -51.3600  2
  84.7300 -51.3300  3
  99.0000   0.0000  3
 905   2 402  54  56.00   0.00 VO 000   2
  84.7400 -51.1700  3
  84.7300 -51.1300  2
  84.7200 -51.1200  2
  84.6600 -51.0900  2
  84.3900 -50.8800  2
  84.1500 -50.6900  2
  83.8700 -51.0200  2
  83.5800 -51.3700  2
  83.3200 -51.7300  2
  83.0500 -52.0200  2
  82.9200 -52.1800  2
  82.8700 -52.1900  2
  82.8700 -52.1900  3
  84.7400 -51.0100  3
  84.7300 -50.9600  2
  84.7200 -50.7400  2
  84.5700 -49.0200  2
  84.5200 -47.6100  2
  84.4800 -45.1500  2
  84.4800 -42.4100  2
  84.4900 -39.8700  2
  84.5300 -37.0600  2
  84.6100 -34.5700  2
  84.7500 -31.5100  2
  84.8900 -29.0300  2
  85.0200 -26.5500  2
  85.1300 -24.1300  2
  85.2900 -21.3800  2
  85.4100 -19.1000  2
  85.4800 -17.0800  2
  85.5200 -15.5500  2
  85.5100 -14.3600  2
  85.5000 -14.0500  3
  82.8600 -52.4900  3
  82.8600 -52.4700  2
  82.9500 -51.5100  2
  83.0000 -50.9300  2
  83.0700 -50.0200  2
  83.1800 -48.7900  2
  83.2500 -47.6200  2
  83.3500 -46.2800  2
  83.4500 -44.4800  2
  83.5100 -43.1000  2
  83.6000 -41.1700  2
  83.6700 -39.1900  2
  83.7400 -37.1700  2
  83.7800 -35.8200  2
  83.8200 -34.3400  2
  83.8300 -32.7400  2
  83.8500 -31.5900  2
  83.8500 -30.1300  2
  83.8700 -28.8100  2
  83.8800 -27.8300  2
  83.8800 -27.4800  2
  83.8800 -27.3900  3
  99.0000   0.0000  3
 905   5 402  49  55.64   0.00 AN    24 4
  87.5900 105.6500  3
  87.6000 105.6900  2
  87.5800 105.9900  2
  87.5000 107.5300  2
  87.4000 109.3500  2
  87.3200 110.7300  2
  87.2100 112.4100  2
  87.0700 114.1800  2
  86.9200 115.9200  2
  86.7500 117.7200  2
  86.6000 119.5600  2
  86.4800 121.0800  2
  86.3700 122.0200  3
  86.3700 121.9500  2
  86.3800 121.7300  2
  86.4000 121.3800  2
  86.4200 121.2400  2
  86.4000 121.6900  2
  86.4000 122.2000  2
  86.4300 122.5500  2
  86.4700 122.1500  2
  86.3100 122.0900  3
  86.3100 122.0200  2
  86.3200 122.3700  2
  86.3200 123.4100  2
  86.3200 122.9800  3
  86.3200 122.9800  2
  86.3500 122.6500  2
  86.3700 122.3800  2
  86.3700 122.9300  2
  86.3800 123.1000  2
  86.4400 -29.0800  3
  86.4500 -29.0000  2
  86.4700 -29.1400  2
  86.5500 -29.1100  2
  86.6600 -29.2300  2
  86.8200 -29.1700  2
  86.9600 -28.9200  2
  87.0900 -28.6300  2
  87.1900 -27.2000  2
  87.2900 -25.8200  2
  87.4100 -24.4200  2
  87.5500 -23.3700  2
  87.6800 -22.6400  2
  87.7700 -21.5200  2
  87.9400 -19.5300  2
  88.1000 -17.7900  2
  88.2600 -15.7100  2
  88.4900 -12.9600  2
  88.6700 -10.1100  2
  88.7800  -7.9200  2
  88.9600  -4.7200  2
  89.1000  -0.5300  2
  89.2200   4.2100  2
  89.3200  10.4100  2
  89.4200  18.0800  2
  86.3300 -28.1600  3
  86.3300 -28.1600  2
  86.3300 -28.1600  2
  86.3300 -28.1600  2
  86.3200 -28.3100  2
  86.3000 -28.4900  2
  86.2700 -28.4400  2
  86.2500 -28.3600  2
  86.2800 -28.6400  2
  86.3100 -29.1800  2
  86.2700 -29.6500  2
  86.3900 -28.3000  3
  86.3900 -28.3000  2
  86.3900 -28.5000  2
  86.4000 -29.2100  2
  86.4100 -29.8000  2
  86.4000 -29.1600  3
  86.4000 -29.1600  2
  86.3900 -29.2000  2
  86.3400 -29.1700  2
  86.3500 -29.2100  2
  86.3600 -29.7200  2
  86.3700 -30.0700  2
  86.3700 -30.0700  3
  99.0000   0.0000  3
 905   7 402  52  54.29   0.00 AN    23 3
  86.5600 -24.6800  3
  86.5600 -24.6800  2
  86.5700 -24.5800  2
  86.6400 -24.5400  2
  86.7700 -24.3700  2
  86.8900 -24.1400  2
  86.9900 -23.7700  2
  87.0800 -23.4400  2
  87.1700 -22.7300  2
  87.2700 -21.6000  2
  87.3700 -19.5300  2
  87.5000 -17.3900  2
  87.6200 -15.6300  2
  87.7100 -13.9900  2
  87.8300 -11.8400  2
  87.9600  -9.4700  2
  88.0600  -7.3300  2
  88.1800  -4.8500  2
  88.3000  -1.8400  2
  88.3900   0.4000  2
  88.5400   3.4700  2
  88.6800   6.4700  2
  88.8000   9.0200  2
  88.9400  12.6300  2
  89.0700  17.1900  2
  89.1600  22.0300  2
  89.2400  26.7500  2
  89.2900  30.9300  2
  86.4000 -23.4800  3
  86.4100 -23.5100  2
  86.4100 -23.5100  2
  86.3900 -23.4100  2
  86.3800 -23.5300  2
  86.3400 -23.7200  2
  86.3000 -23.8000  2
  86.3200 -23.9700  2
  86.3900 -24.3100  2
  86.4000 -24.8000  2
  86.3800 -25.3200  2
  86.3400 -25.5200  2
  86.4900 -25.5500  3
  86.4800 -25.5200  2
  86.4900 -25.4700  2
  86.5100 -25.1400  2
  86.5200 -24.7800  2
  86.4800 -24.4000  2
  86.4700 -24.5300  2
  86.5000 -24.1900  2
  86.5100 -23.6200  2
  86.4800 -23.4100  2
  86.4400 -23.4800  2
  86.4400 -23.5600  3
  99.0000   0.0000  3
 905   8 402  29  49.55   0.00 AN    21 1
  86.9300 104.0500  3
  86.9300 104.0500  2
  86.9200 104.3200  2
  86.8700 105.2100  2
  86.7500 106.2600  2
  86.6600 107.2400  2
  86.5300 108.4800  2
  86.4300 109.7200  2
  86.3100 111.2800  2
  86.2000 112.5000  2
  86.0200 114.1900  2
  85.8800 115.6300  2
  85.7000 117.4200  2
  85.5800 118.8200  2
  85.5000 119.9600  2
  85.2800 120.9800  3
  85.2800 120.9800  2
  85.2800 120.9800  2
  85.3500 120.2700  2
  85.3300 120.6200  2
  85.3200 121.0900  2
  85.3300 121.4000  2
  85.3800 121.6600  2
  85.4300 121.3000  2
  85.2500 121.4900  3
  85.2500 121.4900  2
  85.2600 121.5600  2
  85.3200 122.5600  2
  85.3200 122.5600  3
  99.0000   0.0000  3
 905   9 402  41  45.42   0.00 AN    20 6
  86.2800 -13.8800  3
  86.2800 -13.8800  2
  86.3100 -14.1000  2
  86.4400 -13.8000  2
  86.6100 -13.1700  2
  86.7300 -12.6400  2
  86.8600 -11.5500  2
  87.0000 -10.0600  2
  87.1500  -7.5700  2
  87.3100  -4.7400  2
  87.4300  -1.8900  2
  87.5000   0.9400  2
  87.6200   4.8200  2
  87.6600   8.5500  2
  87.7200  10.7200  2
  87.8100  12.0500  2
  87.8700  16.2400  2
  87.9300  19.4000  2
  87.9800  21.3000  2
  88.1000  24.7500  2
  88.2200  28.1100  2
  88.3200  32.3100  2
  88.4300  36.3200  2
  88.5100  39.5900  2
  86.1000 -13.5800  3
  86.1000 -13.5800  2
  86.0500 -13.8200  2
  86.0200 -13.8800  2
  86.0600 -13.9100  2
  86.1200 -14.3000  2
  86.1300 -14.6000  2
  86.0800 -15.2300  2
  86.1800 -13.3500  3
  86.1700 -13.3300  2
  86.1500 -13.8500  2
  86.1700 -14.8200  2
  86.2100 -15.0900  2
  86.2400 -14.7500  2
  86.2400 -14.0600  2
  86.2000 -13.5200  2
  86.1700 -13.4100  3
  99.0000   0.0000  3
 905  11 402  31  43.00   0.00 VO 000   1
  85.4900 -13.4300  3
  85.4900 -13.4300  2
  85.4700 -13.7200  2
  85.2800 -15.5100  2
  85.0500 -17.5600  2
  84.8100 -19.5000  2
  84.5800 -21.2400  2
  84.3700 -23.0400  2
  84.2200 -24.3700  2
  84.0800 -25.5400  2
  83.9400 -26.6100  2
  83.9000 -27.0300  2
  83.9000 -27.0300  3
  85.5100 -13.5800  3
  85.5100 -13.5600  2
  85.4900 -13.3000  2
  85.3700 -12.5300  2
  85.1800 -12.9800  2
  84.9600 -14.5200  2
  84.7700 -15.9700  2
  84.6200 -17.0200  2
  84.4700 -18.0800  2
  84.3100 -19.3200  2
  84.1300 -20.9700  2
  84.0000 -22.4200  2
  83.9100 -23.9000  2
  83.8700 -24.7600  2
  83.8600 -25.6600  2
  83.8600 -26.5900  2
  83.8900 -27.3200  2
  83.8900 -27.3200  3
  99.0000   0.0000  3
 905  13 402  41  35.58   0.00 AN    13 6
  86.0800  -5.4700  3
  86.0800  -5.4700  2
  86.0900  -5.4800  2
  86.1400  -4.8200  2
  86.2400  -3.9400  2
  86.3600  -2.6800  2
  86.4400  -1.6000  2
  86.5300  -0.1900  2
  86.5900   1.1900  2
  86.6700   3.0200  2
  86.7500   5.1200  2
  86.8400   8.2700  2
  86.9200  10.4600  2
  87.0100  11.9700  2
  87.1100  14.5100  2
  87.1800  16.7000  2
  87.2200  18.8900  2
  87.3000  22.1700  2
  87.4000  25.9500  2
  87.5000  28.8000  2
  87.5900  31.8500  2
  87.6500  35.3200  2
  87.7000  37.8600  2
  87.7700  40.3400  2
  87.8200  42.9900  2
  87.8500  45.0200  2
  85.9400  -6.1300  3
  85.9300  -6.1300  2
  85.9400  -6.1300  2
  85.9700  -6.3400  2
  86.0200  -6.8100  2
  85.9700  -5.2500  3
  85.9700  -5.1800  2
  86.0100  -4.9900  2
  86.0500  -5.3500  2
  86.0400  -5.8900  2
  86.0300  -5.9600  2
  86.1000  -5.8200  2
  86.1000  -6.1400  2
  86.0600  -6.4900  2
  86.0600  -6.5600  3
  99.0000   0.0000  3
 905  14 402  27  25.74   0.00 AN     7 6
  85.8400  -1.6900  3
  85.8400  -1.6900  2
  85.9100  -1.1800  2
  86.0100  -0.3400  2
  86.1300   0.7900  2
  86.2200   1.7200  2
  86.3300   2.3800  2
  86.4700   3.4600  2
  86.5600   4.7400  2
  86.6500   7.5200  2
  86.7100  10.3600  2
  86.8000  14.3500  2
  86.9100  18.7300  2
  87.0300  22.3600  2
  87.1700  25.5900  2
  87.3200  29.3100  2
  87.4000  32.8000  2
  87.4500  36.5400  2
  87.5700  40.5100  2
  87.6900  43.7600  2
  85.7100  -2.0900  3
  85.7100  -2.0900  2
  85.7500  -2.1800  2
  85.8200  -2.6600  2
  85.8300  -2.7400  2
  85.7600  -3.3700  2
  85.7400  -3.5700  3
  99.0000   0.0000  3
 905  15 402  39   9.67   0.00 AN     5 2
  85.6600  98.4300  3
  85.6600  98.5100  2
  85.6500  98.6400  2
  85.5600 100.1100  2
  85.4500 101.6800  2
  85.3500 102.7900  2
  85.2100 104.4200  2
  85.0500 106.1900  2
  84.9300 107.1300  2
  84.7900 108.3600  2
  84.6300 109.8400  2
  84.5300 110.7300  2
  84.4300 111.8200  2
  84.2700 113.2500  2
  84.1800 113.8300  2
  84.0600 114.7300  2
  83.9100 115.5700  2
  83.7600 116.3600  2
  83.6200 116.8600  2
  83.4800 117.2600  2
  83.3200 117.7600  2
  83.2100 118.0100  2
  83.0800 118.4000  2
  82.9300 118.7000  2
  82.7900 118.8500  2
  82.6400 119.1900  2
  82.4800 119.6200  2
  82.3100 119.9900  2
  82.1500 120.4800  2
  82.0600 120.6800  2
  81.9900 120.8900  2
  81.9500 121.0400  2
  81.8500 120.8500  3
  81.8500 120.8500  2
  81.8200 120.8700  2
  81.7700 121.1000  2
  81.7700 121.2700  2
  81.8000 121.4100  2
  81.8500 121.3800  2
  81.8700 121.2700  2
  81.8800 121.6600  2
  81.8700 121.7100  2
  81.8000 122.0700  2
  85.5200   4.5800  3
  85.5200   4.6500  2
  85.5300   4.6500  2
  85.5900   5.2200  2
  85.6500   6.1000  2
  85.7300   7.4800  2
  85.8000   8.6600  2
  85.8800  10.6000  2
  85.9700  12.5100  2
  86.0400  14.2000  2
  86.1100  15.8800  2
  86.1800  17.4200  2
  86.2700  18.8900  2
  86.3300  20.0300  2
  86.3600  21.1700  2
  86.3900  23.2300  2
  86.4300  25.4000  2
  86.4700  27.3300  2
  86.5200  28.8300  2
  86.5800  30.2700  2
  86.6500  31.8700  2
  86.7300  33.6100  2
  86.8000  34.9400  2
  86.8500  36.8200  2
  86.9100  38.7000  2
  86.9600  39.9900  2
  87.0600  41.8700  2
  87.1500  44.1900  2
  85.3900   3.3500  3
  85.3900   3.3500  2
  85.3900   3.3500  2
  85.3900   3.3500  2
  85.4400   4.2800  2
  85.4800   4.0500  2
  85.4700   3.4800  2
  85.4600   2.9200  2
  85.4900   2.4600  2
  85.5500   2.9800  2
  85.5800   3.5000  3
  99.0000   0.0000  3
 905  17 402 133   1.00   0.00 RI 005   1
  68.7300 131.5200  3
  68.7600 131.5600  2
  68.8600 131.6000  2
  68.9800 131.6800  2
  69.1000 131.7600  2
  69.2300 131.8100  2
  69.3700 131.9200  2
  69.5500 132.0500  2
  69.7200 132.1500  2
  69.8900 132.2800  2
  70.0900 132.4000  2
  70.3200 132.4800  2
  70.4800 132.5400  2
  70.6000 132.6100  2
  70.7600 132.6400  2
  70.9800 132.7100  2
  71.2400 132.7500  2
  71.5700 132.7500  2
  71.8700 132.7400  2
  72.2100 132.7000  2
  72.4800 132.6900  2
  72.7600 132.7100  2
  73.0300 132.6600  2
  73.2500 132.5700  2
  73.4400 132.3800  2
  73.6600 132.3100  2
  74.0200 132.2100  2
  74.2000 132.1900  2
  74.4600 132.1300  2
  74.7200 132.0000  2
  74.9400 131.8800  2
  75.2100 131.7100  2
  75.4800 131.5200  2
  75.7500 131.3800  2
  75.9600 131.2900  2
  76.1700 131.3000  2
  76.4200 131.3200  2
  76.6800 131.3300  2
  76.8800 131.4100  2
  76.9600 131.5100  2
  76.9600 131.0200  2
  76.9300 130.2300  2
  76.9200 128.8800  2
  76.8800 128.0200  2
  76.8700 127.5800  2
  76.8800 127.6300  2
  76.9500 127.4700  2
  77.1300 127.2400  2
  77.5000 126.7600  2
  77.7500 126.4300  2
  78.0900 126.1200  2
  78.3000 126.0200  2
  78.6200 125.5500  2
  78.9600 125.0500  2
  79.2900 124.5200  2
  79.5800 124.1400  2
  79.8200 123.6800  2
  80.0700 123.2400  2
  80.3900 122.5900  2
  80.7100 121.9400  2
  80.8900 121.3100  2
  81.2100 120.3800  2
  81.4900 119.6400  2
  81.7900 119.3100  2
  82.0700 118.7100  2
  82.3500 117.9700  2
  82.6100 117.2300  2
  82.9100 116.3400  2
  83.1800 115.6000  2
  83.5000 114.5200  2
  83.7800 113.3800  2
  84.0400 111.8400  2
  84.2700 109.9100  2
  84.4100 108.5100  2
  84.5600 106.3500  2
  84.7800 104.2400  2
  84.9600 101.9000  2
  85.0900  99.4300  2
  85.1900  96.8700  2
  85.3100  93.8900  2
  85.4300  90.2200  2
  85.5700  86.0600  2
  85.6900  82.5900  2
  85.7600  80.8300  2
  85.8500  79.1100  2
  85.9700  77.1200  2
  86.2100  73.1100  2
  86.3700  70.2900  2
  86.4800  69.4700  2
  86.5600  69.5000  2
  86.6700  66.7000  2
  86.7200  66.4500  2
  86.8000  65.4800  2
  86.8500  62.3100  2
  86.8800  62.2100  2
  86.9400  61.1900  2
  86.9300  57.0300  2
  86.9000  53.3500  2
  86.8400  49.5100  2
  86.7400  46.6500  2
  86.6600  45.8100  2
  86.6100  44.2300  2
  86.4900  40.4500  2
  86.4000  37.4000  2
  86.2700  34.1800  2
  86.1400  32.1300  2
  86.0900  31.1900  2
  86.0100  31.3400  2
  86.0100  31.3000  2
  86.0100  29.8200  2
  86.0000  26.9700  2
  85.9600  23.8500  2
  85.8500  19.9200  2
  85.6400  16.2000  2
  85.3900  12.8300  2
  85.1100  10.2600  2
  85.0500   9.6800  2
  85.1100   9.2900  2
  85.1000   8.4800  2
  84.7500   5.1400  2
  84.7400   4.7700  2
  84.7600   4.1800  2
  84.6800   3.4100  2
  84.3800   1.2600  2
  84.1900   0.0300  2
  83.8800  -1.8800  2
  83.8000  -1.8500  2
  83.7500  -2.3400  2
  83.4700  -4.1700  2
  83.1900  -5.4800  2
  82.9800  -6.5800  2
  82.8600  -7.0000  2
  82.8500  -6.9900  3
  99.0000   0.0000  3
 903   1 402 101 250.00   0.00 BS 000   7
  75.5800-175.6000  3
  75.5800-175.7700  2
  75.6000-176.4200  2
  75.6300-177.3000  2
  75.7600-178.2800  2
  75.9200-179.2600  2
  76.0700 179.9900  2
  76.2000 179.1600  2
  76.3300 178.1500  2
  76.5000 177.2900  2
  76.7100 177.1600  2
  76.9600 176.6500  2
  77.0200 175.7200  2
  77.0700 174.8600  2
  77.2200 173.9900  2
  77.4800 172.9100  2
  77.7200 171.7500  2
  78.0000 170.2700  2
  78.2200 168.9300  2
  78.3800 167.4000  2
  78.5100 165.8400  2
  78.6100 164.3100  2
  78.8000 163.2200  2
  79.0400 162.3700  2
  79.3100 161.2700  2
  79.5200 160.1600  2
  79.7300 158.8500  2
  79.8900 157.3200  2
  80.0700 155.0800  2
  80.2900 152.4300  2
  80.4100 150.7200  2
  80.4900 149.0800  2
  80.6100 147.4300  2
  80.8200 145.9700  2
  80.9100 145.6700  2
  81.1700 145.1400  2
  81.4500 144.9900  2
  81.7100 145.1500  2
  81.8700 145.4700  2
  82.1300 145.9900  2
  82.4200 146.4600  2
  82.6600 146.9800  2
  82.9600 147.5300  2
  83.3200 148.4400  2
  83.6300 149.2500  2
  83.8100 149.7600  2
  84.0700 150.3200  2
  84.3100 150.3100  2
  84.5000 149.6800  2
  84.6300 148.9100  2
  84.8800 147.6900  2
  85.0900 146.4400  2
  85.3200 145.2900  2
  85.6300 144.6500  2
  85.8700 144.4600  2
  86.1700 144.8100  2
  86.4400 145.3900  2
  86.6900 145.9900  2
  86.9300 147.1200  2
  87.2200 148.1000  2
  87.5800 149.1800  2
  87.8900 149.4600  2
  88.1800 149.4700  2
  88.4500 149.8900  2
  88.7300 151.8100  2
  88.8300 159.5100  2
  88.8800 168.5600  2
  88.9100 179.2400  2
  88.9200-172.0200  2
  88.9900-165.4700  2
  89.1200-152.0300  2
  89.0800-142.4300  2
  88.9500-133.0700  2
  88.9500-132.2400  2
  88.8600-126.5600  2
  88.7900-120.7000  2
  88.6600-111.9400  2
  88.4900-101.2500  2
  88.3000 -91.6600  2
  88.1200 -84.1800  2
  88.0100 -80.2300  2
  87.9100 -77.4600  2
  87.7900 -74.4900  2
  87.5900 -71.0900  2
  87.2800 -66.4600  2
  87.1200 -64.8400  2
  86.8900 -63.7600  2
  86.6800 -63.3300  2
  86.4400 -63.1500  2
  86.2400 -63.7300  2
  85.9900 -64.8100  2
  85.8300 -66.1800  2
  85.7200 -67.7500  2
  85.5300 -69.4900  2
  85.3800 -70.7400  2
  85.2300 -72.1700  2
  85.0500 -73.6300  2
  84.7600 -75.2400  2
  84.5900 -76.2100  2
  84.5400 -76.7600  2
  84.5400 -76.7600  3
  99.0000   0.0000  3
 40X 111 402 990 600.00   0.00 CS 000   7
  75.8400 139.9200  3
  75.8200 139.9500  2
  75.7900 139.9600  2
  75.8200 140.0500  2
  75.8100 140.1700  2
  75.8000 140.3400  2
  75.7600 140.3100  2
  75.7400 140.3400  2
  75.7200 140.2700  2
  75.6800 140.2200  2
  75.6800 140.2600  2
  75.6500 140.2400  2
  75.6200 140.2700  2
  75.6300 140.4100  2
  75.6000 140.5100  2
  75.6200 140.6100  2
  75.6100 140.7000  2
  75.6100 140.7900  2
  75.6200 140.8400  2
  75.6500 140.8300  2
  75.7300 140.8300  2
  75.7600 140.9200  2
  75.7800 140.9000  2
  75.8100 140.7900  2
  75.8800 140.7900  2
  75.9500 140.7700  2
  76.0100 140.7800  2
  76.0300 140.8300  2
  76.0600 140.9500  2
  76.0800 141.0900  2
  76.0600 141.2400  2
  76.0300 141.3700  2
  76.0100 141.5500  2
  75.9600 141.6700  2
  75.9200 141.8000  2
  75.8700 141.9100  2
  75.8200 141.9600  2
  75.7900 142.0200  2
  75.7400 142.1000  2
  75.7300 142.2800  2
  75.7100 142.4100  2
  75.6500 142.4200  2
  75.6000 142.3400  2
  75.5400 142.3100  2
  75.4900 142.2300  2
  75.4600 142.1300  2
  75.4000 142.0800  2
  75.3600 142.0800  2
  75.3100 142.1100  2
  75.2300 142.2100  2
  75.1600 142.3100  2
  75.1100 142.4700  2
  75.0700 142.5600  2
  75.0600 142.7600  2
  75.0500 142.9500  2
  75.0100 143.1400  2
  74.9800 143.2700  2
  74.9500 143.3300  2
  74.9300 143.3000  2
  74.9100 143.1000  2
  74.9000 142.9300  2
  74.9300 142.6900  2
  74.9600 142.4700  2
  74.9100 142.4200  2
  74.8700 142.4100  2
  74.8500 142.2200  2
  74.8800 142.1300  2
  74.9500 141.9100  2
  74.9800 141.8100  2
  74.9800 141.9200  2
  75.0300 141.9500  2
  75.0700 141.7700  2
  75.0300 141.6300  2
  74.9800 141.5100  2
  74.9600 141.2200  2
  74.9500 141.0100  2
  74.9100 140.7800  2
  74.8500 140.5200  2
  74.8300 140.2400  2
  74.8000 140.0100  2
  74.8000 139.8500  2
  74.8400 139.6700  2
  74.8300 139.8200  2
  74.8700 139.9500  2
  74.9000 139.7700  2
  74.9600 139.6400  2
  75.0200 139.6400  2
  75.0600 139.6300  2
  75.0500 139.5600  2
  75.0200 139.3900  2
  74.9800 139.3800  2
  74.9600 139.3700  2
  74.9100 139.3300  2
  74.9200 139.5000  2
  74.8600 139.4100  2
  74.7500 139.3300  2
  74.7000 139.2200  2
  74.6900 139.0500  2
  74.7200 138.8800  2
  74.7400 138.7400  2
  74.7400 138.5700  2
  74.7500 138.3100  2
  74.7900 138.1300  2
  74.8200 137.9400  2
  74.9000 137.8000  2
  74.9400 137.7700  2
  74.9800 137.7200  2
  75.0400 137.6600  2
  75.0300 137.4400  2
  75.0500 137.2800  2
  75.0800 137.1900  2
  75.0900 137.0900  2
  75.1300 136.9500  2
  75.2100 136.8600  2
  75.2600 136.7700  2
  75.3200 136.7100  2
  75.3400 136.6800  2
  75.3700 136.8600  2
  75.3400 137.0400  2
  75.3700 137.2600  2
  75.4200 137.1700  2
  75.4100 136.9900  2
  75.4300 136.9500  2
  75.4500 136.9900  2
  75.4500 137.1500  2
  75.5000 137.1300  2
  75.5400 136.9200  2
  75.5800 136.8200  2
  75.5900 136.8000  2
  75.6000 136.8300  2
  75.5700 136.9200  2
  75.5500 136.9900  2
  75.5800 137.0500  2
  75.6000 137.0600  2
  75.6300 137.0800  2
  75.6800 136.9800  2
  75.7500 136.9800  2
  75.7800 137.1400  2
  75.7600 137.3900  2
  75.7900 137.4700  2
  75.8100 137.4200  2
  75.8500 137.3700  2
  75.8300 137.2900  2
  75.8600 137.2300  2
  75.9200 137.1400  2
  75.9500 137.1800  2
  75.9900 137.3300  2
  75.9700 137.4200  2
  75.9900 137.5800  2
  76.0000 137.7400  2
  76.0300 137.9100  2
  76.0800 137.9900  2
  76.1400 138.0900  2
  76.1200 138.1400  2
  76.1400 138.2300  2
  76.1700 138.3400  2
  76.2000 138.5600  2
  76.2000 138.6700  2
  76.2200 138.8500  2
  76.2100 138.9100  2
  76.1600 138.8100  2
  76.1100 138.8500  2
  76.0800 138.9700  2
  76.0300 139.1600  2
  75.9800 139.3300  2
  75.9700 139.4300  2
  75.9800 139.6000  2
  75.9500 139.6300  2
  75.9200 139.7700  2
  75.8700 139.6600  2
  75.8300 139.7500  2
  75.8300 139.8400  2
  75.8400 139.9200  2
  76.1400 141.3300  3
  76.1400 141.3700  2
  76.1300 141.4600  2
  76.1000 141.6200  2
  76.0600 141.7500  2
  76.0100 141.9100  2
  75.9700 142.1000  2
  75.9200 142.2200  2
  75.8800 142.3400  2
  75.8500 142.5000  2
  75.8500 142.7000  2
  75.8300 142.9400  2
  75.8500 143.1200  2
  75.8800 143.2700  2
  75.8900 143.4500  2
  75.8700 143.6300  2
  75.8600 143.8400  2
  75.7900 143.9600  2
  75.7400 144.0900  2
  75.7200 144.2200  2
  75.7100 144.3900  2
  75.6800 144.5200  2
  75.6500 144.6500  2
  75.6300 144.8400  2
  75.6100 144.9800  2
  75.5700 145.1300  2
  75.5300 145.2600  2
  75.5300 145.3800  2
  75.5000 145.4100  2
  75.4900 145.3400  2
  75.5000 145.2000  2
  75.5100 145.0800  2
  75.4900 144.9100  2
  75.4500 144.8500  2
  75.4400 144.6400  2
  75.4200 144.6900  2
  75.3800 144.6600  2
  75.3200 144.6600  2
  75.2700 144.7600  2
  75.2400 144.6700  2
  75.1600 144.6200  2
  75.1200 144.3700  2
  75.0900 144.3000  2
  75.0500 144.0200  2
  75.0200 143.8400  2
  75.0500 143.6700  2
  75.0600 143.3400  2
  75.0800 142.9900  2
  75.1400 142.7300  2
  75.2400 142.5800  2
  75.3200 142.4300  2
  75.4000 142.3200  2
  75.4800 142.3500  2
  75.5400 142.4300  2
  75.6000 142.5000  2
  75.6600 142.5900  2
  75.7300 142.6300  2
  75.7700 142.6500  2
  75.7700 142.5000  2
  75.8200 142.4300  2
  75.8400 142.3100  2
  75.8800 142.1900  2
  75.9200 142.0800  2
  75.9600 141.9700  2
  76.0000 141.8400  2
  76.0300 141.7300  2
  76.0600 141.6300  2
  76.0900 141.4700  2
  76.1300 141.3700  2
  76.1400 141.3500  2
  76.1400 141.3400  2
  76.1400 141.3300  2
  75.5600 146.2900  3
  75.5500 146.3000  2
  75.5300 146.4000  2
  75.5100 146.5700  2
  75.4900 146.6700  2
  75.4500 146.7200  2
  75.4200 146.8900  2
  75.4000 147.1600  2
  75.4000 147.4400  2
  75.4100 147.5700  2
  75.4000 147.7600  2
  75.3900 147.9900  2
  75.3800 148.2200  2
  75.3800 148.3700  2
  75.3700 148.5500  2
  75.3300 148.6000  2
  75.3300 148.4500  2
  75.3000 148.4300  2
  75.2500 148.2200  2
  75.2500 148.3400  2
  75.2600 148.6300  2
  75.2600 148.9200  2
  75.2500 149.0500  2
  75.2800 149.2000  2
  75.2800 149.3800  2
  75.2500 149.5600  2
  75.1900 149.6700  2
  75.2000 149.8900  2
  75.2100 150.0100  2
  75.1900 150.2200  2
  75.1400 150.3500  2
  75.1100 150.6300  2
  75.1100 150.8500  2
  75.1000 151.0900  2
  75.0600 150.9000  2
  75.0100 150.9000  2
  74.9300 150.9200  2
  74.8400 150.6900  2
  74.7800 150.3100  2
  74.7500 150.1500  2
  74.7300 150.0300  2
  74.7200 149.8400  2
  74.7600 149.7200  2
  74.7300 149.6200  2
  74.7400 149.4800  2
  74.7900 149.3900  2
  74.7400 149.3500  2
  74.7400 149.1500  2
  74.7700 148.8600  2
  74.8300 148.6600  2
  74.8300 148.3800  2
  74.8500 148.1200  2
  74.9100 147.9600  2
  74.9300 147.7800  2
  74.9900 147.6200  2
  75.0000 147.4400  2
  75.0100 147.2700  2
  75.0500 147.0600  2
  75.1200 147.0600  2
  75.1800 147.0400  2
  75.2500 146.8100  2
  75.3400 146.7200  2
  75.4000 146.5100  2
  75.4600 146.3200  2
  75.5200 146.2600  2
  75.5400 146.2500  2
  75.5500 146.2600  2
  75.5600 146.2900  2
  74.1400 140.9500  3
  74.2200 140.9800  2
  74.2700 140.8100  2
  74.3100 140.5200  2
  74.2700 140.2500  2
  74.2000 140.1000  2
  74.1600 140.0800  2
  74.1100 140.0900  2
  74.0600 140.1300  2
  74.0000 140.1500  2
  73.9500 140.1500  2
  73.9200 140.2800  2
  73.8900 140.4800  2
  73.8900 140.5500  2
  73.9200 140.4400  2
  73.9500 140.3900  2
  73.9600 140.4900  2
  73.9500 140.6700  2
  73.9900 140.7000  2
  74.0000 140.8000  2
  74.0200 140.8700  2
  74.0300 140.9000  2
  74.0700 140.9700  2
  74.0800 141.0500  2
  74.1000 140.9200  2
  74.1400 140.9500  2
  73.8900 141.3300  3
  73.8900 141.3400  2
  73.8900 141.4100  2
  73.9000 141.5200  2
  73.9200 141.6400  2
  73.9300 141.7700  2
  73.9200 141.9500  2
  73.9000 142.1300  2
  73.8500 142.3300  2
  73.8400 142.5000  2
  73.7400 142.7300  2
  73.7000 142.8700  2
  73.6700 143.0600  2
  73.5900 143.2000  2
  73.5300 143.3500  2
  73.4500 143.4200  2
  73.3500 143.4200  2
  73.2800 143.5000  2
  73.2300 143.5100  2
  73.2400 143.3300  2
  73.2300 143.1800  2
  73.2300 142.9400  2
  73.2700 142.7000  2
  73.2700 142.5800  2
  73.2800 142.4000  2
  73.2700 142.1900  2
  73.3100 141.8800  2
  73.3500 141.7500  2
  73.3400 141.5100  2
  73.3600 141.2100  2
  73.4200 140.8900  2
  73.4400 140.5400  2
  73.4000 140.2800  2
  73.4100 139.7100  3
  73.4400 139.6500  2
  73.4700 139.7900  2
  73.4700 140.0500  2
  73.4800 140.3100  2
  73.5200 140.4000  2
  73.6100 140.5400  2
  73.6900 140.6300  2
  73.7700 140.7400  2
  73.8300 140.7600  2
  73.8800 140.8400  2
  73.8900 140.9500  2
  73.8800 141.1200  2
  73.8900 141.2500  2
  73.8900 141.3300  2
  74.0600 136.0100  3
  74.0400 136.0100  2
  74.0200 136.0700  2
  74.0000 136.1800  2
  73.9500 136.2600  2
  73.8900 136.2200  2
  73.8800 136.2100  2
  73.8900 136.0800  2
  73.9600 135.9700  2
  74.0300 135.7500  2
  74.0900 135.6700  2
  74.1500 135.5000  2
  74.1700 135.4200  2
  74.2400 135.4300  2
  74.2400 135.5400  2
  74.1500 135.6800  2
  74.0900 135.8500  2
  74.0500 135.9800  2
  74.0600 136.0100  2
  75.5500 135.8500  3
  75.5100 135.8100  2
  75.4900 135.7900  2
  75.4700 135.7300  2
  75.4200 135.7800  2
  75.3800 135.8000  2
  75.3500 135.7200  2
  75.3500 135.6300  2
  75.3800 135.4800  2
  75.4300 135.4200  2
  75.4700 135.4600  2
  75.5000 135.4100  2
  75.5400 135.4600  2
  75.6200 135.5000  2
  75.6900 135.4600  2
  75.7400 135.5000  2
  75.8000 135.5100  2
  75.8500 135.5100  2
  75.8200 135.5200  2
  75.7900 135.5600  2
  75.7600 135.6500  2
  75.6700 135.7200  2
  75.6300 135.8600  2
  75.6200 135.9800  2
  75.6000 135.9500  2
  75.5700 135.8900  2
  75.5500 135.8500  2
  73.3600 140.0300  3
  73.3700 139.8400  2
  72.3700 147.8700  3
  72.3600 148.0300  2
  72.3400 148.1200  3
  72.3400 148.1300  2
  72.3500 148.2100  2
  72.3600 148.3800  2
  72.3600 148.4900  2
  72.3400 148.6400  2
  72.3100 148.8500  2
  72.2800 148.9600  2
  72.2700 149.0500  2
  72.2600 149.2400  2
  72.2200 149.4500  2
  72.1900 149.6100  2
  72.1500 149.7900  2
  73.0500 129.3400  3
  73.0200 129.4500  2
  72.9900 129.4600  2
  72.9700 129.5200  2
  72.9400 129.4700  2
  72.9000 129.4600  2
  72.8800 129.4300  2
  72.8800 129.3100  2
  72.8300 129.3400  2
  72.7400 129.4200  3
  72.3800 129.6300  3
  70.9000 130.4700  3
  70.9000 130.6000  2
  70.8500 130.7100  2
  70.8600 130.8400  2
  70.9400 130.8600  2
  70.9200 130.9400  2
  70.8500 131.0000  2
  70.8100 131.0500  2
  70.7300 131.1200  2
  70.7100 131.2200  2
  70.6900 131.3400  2
  70.7800 131.4000  2
  70.8600 131.5800  2
  70.9700 131.6400  2
  71.0100 131.7300  2
  71.1400 131.9000  2
  71.1700 132.0300  2
  71.2400 132.0200  2
  71.3700 132.0100  2
  71.4400 132.0500  2
  71.5400 132.0800  2
  71.6300 132.2200  2
  71.7300 132.3500  2
  71.8100 132.4400  2
  71.8700 132.5200  2
  71.9500 132.6300  2
  71.9700 132.7300  2
  71.9500 132.7600  2
  71.8700 132.7800  2
  71.8100 132.8400  2
  71.7500 132.9000  2
  71.7200 133.0100  2
  71.6900 133.0900  2
  71.6500 133.1600  2
  71.6100 133.2100  2
  71.5600 133.2700  2
  71.5200 133.4200  2
  71.4700 133.5700  2
  71.4100 133.6800  2
  71.4000 133.8400  2
  71.4200 134.0500  2
  71.4100 134.2300  2
  71.4100 134.3600  2
  71.4000 134.5500  2
  71.4200 134.6300  2
  71.3800 134.7200  2
  71.3400 134.8200  2
  71.3800 134.8300  2
  71.4500 134.7800  2
  71.5100 134.8200  2
  71.5700 134.9100  2
  71.6200 135.0200  2
  71.6300 135.1900  2
  71.6300 135.3600  2
  71.6400 135.5800  2
  71.6000 135.7900  2
  71.5900 135.9600  2
  71.5400 136.0600  2
  71.5300 136.2700  2
  71.5100 136.3700  2
  71.5200 136.5100  2
  71.5200 136.6000  2
  71.5100 136.6200  2
  71.4900 136.7300  2
  71.4600 136.8600  2
  71.4000 137.1200  2
  71.4000 137.2500  2
  71.3600 137.4100  2
  71.3000 137.4800  2
  71.2800 137.6300  2
  71.2300 137.6300  2
  71.2000 137.7200  2
  71.1800 137.8600  2
  71.1400 137.9700  2
  71.1800 138.0600  2
  71.1800 138.2700  2
  71.2400 138.3300  2
  71.2800 138.4900  2
  71.3300 138.5800  2
  71.3700 138.7200  2
  71.3800 138.7400  2
  71.3800 138.7600  2
  71.4000 138.8500  2
  71.4200 138.9400  2
  71.4000 138.9800  2
  71.4400 139.0700  2
  71.4200 139.2100  2
  71.4000 139.3300  2
  71.4200 139.3400  2
  71.4900 139.4300  2
  71.5100 139.4500  2
  71.4700 139.6400  2
  71.4400 139.8200  2
  71.4400 139.9800  2
  71.4900 140.0400  2
  71.5600 140.0300  2
  71.6000 139.9800  2
  71.6600 139.8200  2
  71.7400 139.7300  2
  71.8100 139.7200  2
  71.8500 139.7100  2
  71.8500 139.8800  2
  71.9100 139.8600  2
  71.9500 139.8000  2
  71.9800 139.7500  2
  72.0200 139.7700  2
  72.1000 139.9100  2
  72.1300 140.0100  2
  72.1700 140.1500  2
  72.1800 140.3700  2
  72.2400 140.5100  2
  72.3100 140.6500  2
  72.4000 140.6900  2
  72.4500 140.7200  2
  72.5000 140.8200  2
  72.5600 141.0100  2
  72.5800 141.1600  2
  72.6100 141.1200  2
  72.6400 141.0100  2
  72.6900 141.0000  2
  72.7400 140.8100  2
  72.7800 140.8300  2
  72.8300 140.9800  2
  72.8300 141.1200  2
  72.8200 141.2800  2
  72.8100 141.3500  2
  72.7900 141.4700  2
  72.7500 141.5500  2
  72.7200 141.7000  2
  72.7200 141.8600  2
  72.7100 141.9800  2
  72.7100 142.0200  2
  72.7100 142.0700  2
  72.7000 142.2000  2
  72.7000 142.4800  2
  72.6800 142.7000  2
  72.6900 142.9000  2
  72.6900 143.1000  2
  72.6900 143.2900  2
  72.6900 143.5300  2
  72.6600 143.7700  2
  72.6600 144.0100  2
  72.6600 144.2500  2
  72.6500 144.5300  2
  72.6200 144.6700  2
  72.5900 144.8300  2
  72.5700 144.9700  2
  72.5700 145.2400  2
  72.5500 145.5200  2
  72.5400 145.7100  2
  72.5500 145.8200  2
  72.5200 145.9100  2
  72.4800 146.0900  2
  72.4400 146.2100  2
  72.4300 146.3500  2
  72.4400 146.5000  2
  72.4100 146.6200  2
  72.3700 146.7400  2
  72.3400 147.1700  2
  72.3700 147.3600  2
  72.3700 147.5400  2
  72.3600 147.6700  2
  72.3300 148.1100  3
  72.0900 149.8500  3
  72.0200 149.9600  2
  71.9600 150.0300  2
  71.9000 150.0500  2
  71.8400 150.0400  2
  71.8300 149.9300  2
  71.8000 149.8000  2
  71.8500 149.6900  2
  71.8800 149.5800  2
  71.9000 149.4700  2
  71.8700 149.3500  2
  71.8100 149.2400  2
  71.7500 149.1200  2
  71.7100 149.0000  2
  71.6700 149.0000  2
  71.6900 149.1000  2
  71.6700 149.2400  2
  71.6700 149.3800  2
  71.6400 149.4800  2
  71.6500 149.6700  2
  71.6900 149.7700  2
  71.6500 149.9200  2
  71.6300 150.1000  2
  71.6200 150.2400  2
  71.5500 150.3300  2
  71.5100 150.4700  2
  71.4800 150.6600  2
  71.4400 150.6600  2
  71.3900 150.7300  2
  71.3800 150.9000  2
  71.4200 151.2100  2
  71.4300 151.4200  2
  71.4400 151.6200  2
  71.3900 151.6500  2
  71.3500 151.7300  2
  71.2900 151.8800  2
  71.2600 152.0000  2
  71.2000 152.2100  2
  71.1600 152.3700  2
  71.0800 152.3400  2
  71.0100 152.2000  2
  70.9800 151.9700  2
  70.9700 151.7800  2
  70.9400 151.8900  2
  70.9400 152.1300  2
  70.8900 152.3000  2
  70.8400 152.4800  2
  70.7900 152.5900  2
  70.8300 152.7300  2
  70.8300 152.9400  2
  70.8700 153.1300  2
  70.8800 153.1800  2
  70.8700 153.2300  2
  70.8900 153.3100  2
  70.9100 153.3800  2
  70.8900 153.5300  2
  70.9100 153.6600  2
  70.9200 153.8600  2
  70.9200 154.0400  2
  70.8900 154.2100  2
  70.9000 154.3400  2
  70.9100 154.4500  2
  70.9400 154.5600  2
  70.9600 154.6200  2
  70.9700 154.7400  2
  70.9500 154.9700  2
  70.9300 155.2200  2
  70.9400 155.4200  2
  70.9800 155.5600  2
  70.9800 155.7700  2
  70.9600 155.9500  2
  70.9900 156.0500  2
  71.0100 156.2800  2
  71.0100 156.5300  2
  71.0000 156.7500  2
  71.0100 156.9500  2
  71.0200 157.1500  2
  71.0100 157.3600  2
  71.0100 157.6500  2
  70.9800 157.8800  2
  70.9800 158.0900  2
  70.9700 158.3600  2
  70.9600 158.6200  2
  70.9400 158.8400  2
  70.8700 159.0000  2
  70.8400 159.1600  2
  70.7800 159.2800  2
  70.7400 159.3500  2
  70.7100 159.4700  2
  70.6300 159.6300  2
  70.6000 159.7200  2
  70.5600 159.8100  2
  70.5300 159.8100  2
  70.4500 159.9200  2
  70.4100 160.0000  2
  70.3700 160.0000  2
  70.3000 160.0400  2
  70.2300 160.0400  2
  70.1700 159.9800  2
  70.0900 159.9200  2
  70.0000 159.8300  2
  69.9200 159.7500  2
  69.8500 159.6800  2
  69.8000 159.6900  2
  69.7900 159.8800  2
  69.7800 159.9900  2
  69.7200 160.0800  2
  69.7200 160.2100  2
  69.7200 160.4700  2
  69.6800 160.6800  2
  69.6300 160.8400  2
  69.5500 160.9900  2
  69.5400 161.0800  2
  71.6100 137.0400  3
  71.6100 137.0500  2
  71.6000 137.0800  2
  71.5700 137.1900  2
  71.5600 137.3000  2
  71.5900 137.3700  2
  71.5800 137.5100  2
  71.5800 137.7300  2
  71.5700 137.9100  2
  71.5300 137.9800  2
  71.4800 137.8600  2
  71.4300 137.7800  2
  71.4600 137.6200  2
  71.4300 137.4900  2
  71.4500 137.3500  2
  71.4700 137.2000  2
  71.5100 136.9600  2
  71.5400 136.7700  2
  71.5600 136.7400  2
  71.5700 136.7900  2
  71.5700 136.9100  2
  71.6000 136.9500  2
  71.6100 137.0200  2
  71.6100 137.0400  2
  71.5300 138.0400  3
  71.5400 138.0600  2
  71.5600 138.1600  2
  71.5800 138.2500  2
  71.5800 138.3500  2
  71.5400 138.4600  2
  71.5800 138.5200  2
  71.6400 138.5300  2
  71.6500 138.6400  2
  71.6200 138.8000  2
  71.5700 138.9400  2
  71.5200 138.9600  2
  71.4900 138.9600  2
  71.4600 138.9500  2
  71.4400 138.9000  2
  71.4100 138.8300  2
  71.3800 138.7300  2
  71.3400 138.5600  2
  71.3500 138.4400  2
  71.3500 138.3200  2
  71.3400 138.2400  2
  71.3300 138.1100  2
  71.3600 138.0000  2
  71.3500 137.8800  2
  71.4000 137.8700  2
  71.4400 137.9900  2
  71.4700 138.0500  2
  71.5100 138.0300  2
  71.5200 138.0300  2
  71.5400 138.0300  2
  71.5300 138.0400  2
  72.4700 139.9700  3
  72.4800 140.0100  2
  72.4600 140.0600  2
  72.4600 140.1800  2
  72.4600 140.3700  2
  72.4800 140.5400  2
  72.4900 140.6800  2
  72.4800 140.7100  2
  72.4300 140.6900  2
  72.3600 140.5900  2
  72.3100 140.5600  2
  72.2600 140.4700  2
  72.2900 140.4500  2
  72.3500 140.4500  2
  72.3600 140.4500  2
  72.2700 140.3500  2
  72.2300 140.2800  2
  72.2400 140.1400  2
  72.2800 139.9600  2
  72.2200 139.8100  2
  72.2300 139.6000  2
  72.2300 139.5300  2
  72.2000 139.4900  2
  72.1800 139.3900  2
  72.2100 139.2700  2
  72.2500 139.1600  2
  72.2900 139.2300  2
  72.3100 139.3700  2
  72.3500 139.3300  2
  72.3900 139.3800  2
  72.4000 139.5100  2
  72.4400 139.5100  2
  72.4900 139.4700  2
  72.5100 139.6100  2
  72.5000 139.7700  2
  72.5000 139.9000  2
  72.4900 139.9600  2
  72.4700 139.9700  2
  60.7200 160.7500  3
  60.7100 160.5700  2
  60.6000 160.3400  2
  60.5700 160.2000  2
  60.6600 160.1800  2
  60.8000 160.2400  2
  60.9200 160.3400  2
  61.0100 160.4400  2
  60.9900 160.2200  2
  60.9300 159.9500  2
  60.9600 159.8700  2
  61.0200 159.9000  2
  61.0500 159.9400  2
  61.0700 159.9900  2
  61.1400 160.0200  2
  61.2000 159.9100  2
  61.3200 159.9100  2
  61.4000 160.0200  2
  61.4900 160.1000  2
  61.6900 159.8600  3
  61.6900 159.7000  2
  61.6800 159.5800  2
  61.7800 159.5100  2
  61.8500 159.4000  2
  61.9200 159.1500  2
  61.9300 159.0300  2
  61.8700 158.9600  2
  61.8400 158.8500  2
  61.8300 158.7000  2
  61.8000 158.4900  2
  61.7900 158.3200  2
  61.7600 158.1100  2
  61.7800 157.8600  2
  61.7800 157.6100  2
  61.7200 157.4500  2
  61.6800 157.2500  2
  61.5700 157.0400  2
  61.5200 156.9200  2
  61.4500 156.7300  2
  61.3200 156.6800  2
  61.2200 156.6300  2
  61.1500 156.4600  2
  61.0300 156.2500  2
  60.9200 156.0500  2
  60.8400 155.9700  2
  60.7600 155.9600  2
  60.6800 155.8000  2
  60.5900 155.6200  2
  60.5300 155.4800  2
  60.4500 155.3200  2
  60.4000 155.0900  2
  60.3200 154.9200  2
  60.2900 154.8500  2
  60.2000 154.8000  2
  60.0900 154.6700  2
  59.9400 154.5500  2
  59.8200 154.4200  2
  59.8200 154.3800  2
  59.8600 154.2700  2
  59.8200 154.1900  2
  59.7100 154.2800  2
  59.6000 154.3600  2
  59.5400 154.2400  2
  59.4700 154.2200  2
  59.4800 154.4100  2
  59.5000 154.6000  2
  59.4600 154.7800  2
  59.4200 154.9900  2
  59.3200 155.1100  2
  59.2300 155.1600  2
  59.1500 155.1400  2
  59.1500 154.9500  2
  59.1100 154.8900  2
  59.1500 154.7800  2
  59.1500 154.6300  2
  59.1600 154.5000  2
  59.0800 154.4500  2
  59.0400 154.2200  2
  59.0500 154.0600  2
  59.1400 153.9200  2
  59.1900 153.6400  2
  59.1300 153.4200  2
  59.0700 153.3900  2
  59.0400 153.1400  2
  58.9500 153.0300  2
  58.8900 152.8900  2
  58.9400 152.6700  2
  59.0100 152.5400  2
  58.9700 152.3600  2
  58.8700 152.2400  2
  58.8300 151.9900  2
  58.8200 151.7400  2
  58.8400 151.4500  2
  58.9000 151.3500  2
  59.0200 151.1900  2
  59.0800 151.1700  2
  59.1300 151.3800  2
  59.1300 151.5900  2
  59.1200 151.7900  2
  59.1400 152.0700  2
  59.1800 152.2800  2
  59.2500 152.2200  2
  59.2600 152.0900  2
  59.2900 151.8600  2
  59.3900 151.7900  2
  59.4800 151.6100  2
  59.5400 151.4400  2
  59.5700 151.1900  2
  59.5500 151.0200  2
  59.4300 150.9400  2
  59.4600 150.7600  2
  59.5000 150.7500  2
  59.5200 150.6600  2
  59.5900 150.5000  2
  59.5800 150.3200  2
  59.6200 150.1700  2
  59.6600 149.9100  2
  59.7000 149.7300  2
  59.7200 149.4800  2
  59.7100 149.2700  2
  59.6400 149.0600  2
  59.5800 149.0400  2
  59.5100 149.1400  2
  59.4600 149.1500  2
  59.4500 148.9100  2
  59.4100 148.7500  2
  59.3300 148.8400  2
  59.3300 148.9100  2
  59.2400 148.9000  2
  59.2200 148.7500  2
  59.2100 148.6600  2
  59.2200 148.5600  2
  59.2900 148.5000  2
  59.3700 148.3700  2
  59.3700 148.0100  2
  59.3300 147.8400  2
  59.2500 147.8400  2
  59.2300 147.7200  2
  59.2300 147.5300  2
  59.2600 147.3900  2
  59.3100 147.1800  2
  59.3500 146.8900  2
  59.4100 146.7000  2
  59.4400 146.5000  2
  59.4100 146.4000  2
  59.2200 146.3800  2
  59.1800 146.3200  2
  59.1400 146.1200  2
  59.1600 146.0000  2
  59.2400 145.9100  2
  59.3600 145.9100  2
  59.3700 145.8800  2
  59.3600 145.7800  2
  59.3900 145.5500  2
  59.3900 145.3500  2
  59.4000 145.1900  2
  59.3700 144.8400  2
  59.3700 144.4500  2
  59.3700 144.1800  2
  59.3500 143.8000  2
  59.3300 143.4300  2
  59.3300 143.1700  2
  59.2900 142.9800  2
  59.2500 142.8600  2
  59.1900 142.6300  2
  59.0700 142.3200  2
  99.0000   0.0000  3
 9XX   1 402  24 250.00   0.00 MA 000   2
  85.0600 -53.0800  3
  85.6700 -51.5700  2
  86.6400 -48.3700  2
  87.6900 -51.2100  2
  88.4800 -55.1200  2
  89.0700 -68.7000  2
  89.4900-129.4600  2
  89.1600-169.1800  2
  89.0700 161.9800  2
  88.6800 131.3300  2
  87.6400 132.9900  2
  86.6900 135.1400  2
  85.8900 137.6900  2
  84.8600 138.9400  2
  84.0800 139.3100  2
  83.0500 139.8100  2
  82.2000 139.9500  2
  81.4600 140.2400  2
  80.6900 140.2700  2
  79.8600 139.3200  2
  79.0100 138.4500  2
  78.5600 137.3000  2
  78.0900 136.7600  2
  78.4800 137.9600  3
  99.0000   0.0000  3
 9XX   1 402  32 250.00   0.00 MA 000   5
  84.6100 -71.9500  3
  85.3900 -73.9400  2
  86.0500 -68.0900  2
  86.9400 -65.6300  2
  87.6000 -72.2700  2
  88.3700 -89.1600  2
  88.9200-116.4300  2
  89.1200-145.3400  2
  88.7900-167.8500  2
  88.4200 165.4100  2
  87.6900 153.4300  2
  86.8100 148.2700  2
  85.9900 145.5300  2
  85.4900 145.7000  2
  84.9300 146.3100  2
  84.5500 147.3700  2
  84.1700 147.0500  2
  83.4300 147.4600  2
  82.5700 146.6300  2
  81.6500 146.4100  2
  81.0000 146.3000  2
  80.6100 147.4800  2
  80.4300 148.6800  2
  99.0000   0.0000  3
 91X 503 402 169 200.00   0.00 BA 1000  5
  84.6600 -74.2600  3
  84.6500 -73.5700  2
  84.6600 -73.0000  2
  84.6700 -72.2600  2
  84.6700 -71.3000  2
  84.6600 -70.2800  2
  84.6400 -68.9100  2
  84.6600 -67.9700  2
  84.7200 -65.4800  2
  84.7800 -64.3200  2
  84.8300 -62.7300  2
  84.8300 -63.4500  3
  84.7800 -63.3500  2
  84.8500 -62.7100  3
  84.8400 -63.0300  2
  84.8100 -62.9100  2
  84.8100 -62.7000  2
  84.8300 -62.6500  2
  84.8500 -62.8100  2
  84.8400 -63.0700  2
  84.8700 -62.2300  3
  84.8500 -62.3700  2
  84.8300 -62.3100  2
  84.8200 -62.1000  2
  84.8600 -61.9800  2
  84.8700 -62.1900  2
  84.8800 -61.6300  3
  84.8700 -61.9500  2
  84.8400 -61.8800  2
  84.8400 -61.5800  2
  84.8700 -61.5700  2
  84.8800 -61.7800  2
  84.8600 -61.3400  3
  84.8900 -60.5300  2
  84.9100 -59.5600  2
  84.9400 -58.8000  2
  84.9600 -57.8600  2
  85.0300 -56.6400  2
  85.0700 -56.2300  2
  85.1200 -55.6700  2
  85.2400 -55.0700  2
  85.3400 -54.6800  2
  85.4800 -54.4500  2
  85.5800 -54.1800  2
  85.6500 -53.9700  2
  85.7200 -53.4000  2
  85.7900 -53.2500  2
  85.8900 -53.3100  2
  85.9600 -53.3700  2
  86.0300 -53.0300  2
  86.1200 -52.0300  2
  86.1900 -52.4300  2
  86.2700 -52.7100  2
  86.3600 -52.7500  2
  86.4600 -52.6600  2
  86.5700 -52.8900  2
  86.6600 -53.1900  2
  86.7100 -53.5400  2
  86.7700 -53.6300  2
  86.8500 -53.8400  2
  86.9000 -54.2500  2
  86.9100 -54.9100  2
  86.8600 -55.8900  2
  86.8100 -56.6000  2
  86.7700 -57.7900  2
  86.7100 -58.9400  2
  86.6400 -59.5700  2
  86.5500 -59.7500  2
  86.4000 -59.2500  2
  86.2700 -59.2300  2
  86.1700 -59.4700  2
  86.0500 -60.1600  2
  85.9300 -61.0000  2
  85.8200 -62.1500  2
  85.7500 -63.2100  2
  85.7200 -64.1100  2
  85.7200 -65.1300  2
  85.7900 -66.0100  2
  85.8200 -66.7100  2
  85.8100 -67.4100  2
  85.7300 -68.1200  2
  85.5900 -68.6100  2
  85.4800 -69.0500  2
  85.4200 -69.3500  2
  85.3600 -70.2500  2
  85.3200 -70.6800  2
  85.2800 -71.4300  2
  85.2300 -71.9800  2
  85.1700 -72.6000  2
  85.1300 -72.8500  2
  85.0700 -72.8700  2
  84.9800 -72.8000  2
  84.8900 -72.7800  2
  84.8400 -73.1200  2
  84.8000 -73.2200  2
  84.7500 -73.4300  2
  84.7200 -73.8700  2
  84.6800 -74.0800  2
  84.6600 -73.9600  2
  88.8700 147.9200  3
  88.8800 147.2000  2
  88.8700 145.5100  2
  88.8400 144.1700  2
  88.7900 143.0500  2
  88.7400 142.1400  2
  88.7200 142.3000  2
  88.7500 143.8600  2
  88.7900 145.1900  2
  88.8200 146.1000  2
  88.8500 147.1700  2
  88.8700 147.6200  2
  87.2300 142.6000  3
  87.2600 142.0600  2
  87.2900 141.5600  2
  87.3300 141.2700  2
  87.3900 141.4100  2
  87.4300 142.2700  2
  87.4500 143.6500  2
  87.4600 144.3700  2
  87.4500 145.7600  2
  87.4000 146.9900  2
  87.3100 147.5600  2
  87.2500 147.2000  2
  87.2100 146.5000  2
  87.1800 145.3100  2
  87.1800 143.9400  2
  87.1900 143.3000  2
  86.4800 151.7500  3
  86.5600 151.0800  2
  86.6200 149.9400  2
  86.7000 148.7700  2
  86.7300 147.3800  2
  86.7400 145.9500  2
  86.7000 144.6500  2
  86.6400 143.2700  2
  86.5700 142.0600  2
  86.4500 141.4700  2
  86.3300 141.5800  2
  86.2400 142.1000  2
  86.1500 143.0200  2
  86.1100 144.1900  2
  86.0700 145.7100  2
  86.0900 146.9800  2
  86.1300 148.4500  2
  86.1800 150.0000  2
  86.2800 151.0100  2
  86.3800 151.4500  2
  86.4700 151.4700  2
  86.5000 151.4600  2
  81.5000 141.5200  3
  81.5600 141.4900  2
  81.6000 141.3600  2
  81.5600 141.1100  2
  81.4600 141.1200  2
  81.3700 141.1900  2
  81.3000 141.3400  2
  81.2900 141.5100  2
  81.3300 141.5900  2
  81.4400 143.0800  3
  81.5100 142.9200  2
  81.5900 142.7800  2
  81.5800 142.5000  2
  81.5000 142.4600  2
  81.4000 142.4800  2
  81.3300 142.5500  2
  81.2600 142.6300  2
  81.2300 142.8200  2
  81.2900 143.0200  2
  81.4300 142.0500  3
  99.0000   0.0000  3
 91X 503 402 200 200.00   0.00 BA 2000  6
  84.5400 -59.9600  3
  84.6200 -58.8400  2
  84.6400 -58.1200  2
  84.7000 -57.1200  2
  84.7200 -56.4100  2
  84.7300 -56.3500  2
  84.7800 -55.3500  2
  84.8200 -54.8900  2
  84.9000 -54.1100  2
  84.9700 -53.7500  2
  85.0600 -53.3900  2
  85.1700 -52.5700  2
  85.2500 -51.8500  2
  85.3400 -51.3600  2
  85.4100 -51.1200  2
  85.4700 -50.9600  2
  85.5600 -51.0300  2
  85.6800 -51.2300  2
  85.7900 -51.8500  2
  85.8700 -52.1800  2
  85.9600 -52.1100  2
  85.9900 -51.3300  2
  86.0700 -50.4800  2
  86.1700 -50.4700  2
  86.3200 -50.7200  2
  86.4400 -50.7600  2
  86.5700 -50.6000  2
  86.6800 -50.8800  2
  86.7500 -51.4300  2
  86.8100 -50.8800  2
  86.9000 -50.3600  2
  86.9700 -50.6100  2
  87.0300 -51.2400  2
  87.1000 -51.9700  2
  87.1900 -51.6200  2
  87.2800 -51.5000  2
  87.3400 -51.9700  2
  87.3800 -52.2100  2
  87.4600 -51.4500  2
  87.5400 -51.1700  2
  87.6400 -51.7000  2
  87.7600 -53.2900  2
  87.8600 -54.0500  2
  87.9500 -54.7200  2
  88.0300 -54.9900  2
  88.1300 -54.8300  2
  88.2200 -54.2600  2
  88.2800 -54.9700  2
  88.3400 -55.9700  2
  88.3900 -57.0500  2
  88.4400 -58.3700  2
  88.4800 -59.4800  2
  88.4900 -60.2300  2
  88.5200 -60.4700  2
  88.5600 -62.0500  2
  88.6300 -64.4400  2
  88.6700 -67.4400  2
  88.7500 -71.0100  2
  88.8300 -73.8000  2
  88.9000 -72.8500  2
  88.9900 -73.3900  2
  89.0500 -78.4200  2
  89.1100 -82.9400  2
  89.1900 -89.8400  2
  89.2100 -94.4800  2
  89.1600 -94.8200  2
  89.1500 -98.8600  2
  89.2300-103.9400  2
  89.2500-105.6700  2
  89.3000-105.2400  2
  89.3000-108.9900  2
  89.2500-112.6100  2
  89.2500-116.7200  2
  89.2500-118.9200  2
  89.3000-126.7500  2
  89.3200-131.6300  2
  89.2900-137.3800  2
  89.2300-138.1500  2
  89.2100-138.5000  2
  89.1700-142.3900  2
  89.1700-150.1900  2
  89.1400-161.2900  2
  89.1000-168.6500  2
  89.0600-174.7100  2
  89.0400-177.6200  2
  89.0000-177.2600  2
  88.9600-176.4200  2
  88.9200-176.8100  2
  88.8800 177.3600  2
  88.8200 171.8400  2
  88.7400 166.9900  2
  88.6700 163.3300  2
  88.6400 160.6700  2
  88.5700 156.3800  2
  88.4900 152.5600  2
  88.4200 149.5200  2
  88.3500 148.1300  2
  88.3600 150.3900  2
  88.4300 154.1100  2
  88.5200 160.4400  2
  88.6200 166.4300  2
  88.6300 170.0400  2
  88.6400 173.9500  2
  88.6600 177.9000  2
  88.7000-179.1200  2
  88.7700-174.4500  2
  88.8400-169.8000  2
  88.8800-165.8800  2
  88.9100-158.5200  2
  88.9500-151.6800  2
  88.9900-144.2000  2
  88.9900-138.8700  2
  88.9900-131.8300  2
  88.9600-124.3300  2
  88.9100-119.6300  2
  88.8500-114.9000  2
  88.7900-109.9100  2
  88.7400-103.5800  2
  88.7000 -98.5700  2
  88.6600 -94.6500  2
  88.5800 -89.9200  2
  88.5100 -85.1700  2
  88.4500 -82.3400  2
  88.3400 -78.5500  2
  88.2300 -75.4700  2
  88.1200 -72.7900  2
  88.0300 -71.3000  2
  87.9200 -72.1900  2
  87.8200 -73.5700  2
  87.7100 -73.7000  2
  87.5700 -72.3600  2
  87.4400 -70.7400  2
  87.3000 -69.2800  2
  87.1300 -68.0100  2
  86.9700 -66.7800  2
  86.9600 -67.1000  2
  86.8400 -66.2800  2
  86.7000 -65.7400  2
  86.6000 -65.5200  2
  86.4900 -65.5400  2
  86.4100 -66.2600  2
  86.3900 -66.8500  2
  86.2700 -67.4300  2
  86.2000 -68.3500  2
  86.1200 -69.9300  2
  86.0300 -72.0900  2
  85.9600 -73.4300  2
  85.9300 -75.3300  2
  85.8100 -76.4400  2
  85.7600 -77.5400  2
  85.6500 -78.8100  2
  85.6100 -80.4500  2
  85.5700 -81.5500  2
  85.4200 -82.0000  2
  85.3800 -81.9800  2
  85.1900 -81.0800  2
  85.1000 -80.3800  2
  85.0100 -79.7600  2
  84.9200 -79.8100  2
  84.8700 -80.0200  2
  86.6500 -70.2500  3
  86.7100 -70.5200  2
  86.8200 -71.4500  2
  86.9100 -72.3100  2
  87.0100 -73.3000  2
  87.1700 -74.6200  2
  87.3600 -76.2700  2
  87.5000 -77.5700  2
  87.6600 -79.1700  2
  87.8500 -82.2000  2
  87.9800 -85.3400  2
  88.1200 -89.2700  2
  88.2700 -94.5500  2
  88.3200-100.2700  2
  88.3300-103.3100  2
  88.2300-100.7500  2
  88.1200 -97.9100  2
  87.9600 -95.2600  2
  87.8200 -94.2600  2
  87.6300 -93.4500  2
  87.5100 -91.3300  2
  87.4300 -89.0100  2
  87.3500 -86.8400  2
  87.3400 -84.4500  2
  87.3100 -81.6700  2
  87.2300 -78.9600  2
  87.1300 -76.5700  2
  87.0100 -74.4000  2
  86.8500 -72.3000  2
  86.7500 -71.2200  2
  86.6600 -70.2700  2
  86.6400 -70.0000  2
  88.9900 157.0300  3
  89.0100 154.9900  2
  89.0000 150.7900  2
  88.9600 146.9800  2
  88.9000 143.7100  2
  88.8400 141.4600  2
  88.7700 140.0800  2
  88.7100 138.7300  2
  99.0000   0.0000  3
 91X 503 402 200 200.00   0.00 BA 2000  6
  88.6500 138.1700  3
  88.5900 138.3700  2
  88.5800 140.6800  2
  88.6300 143.6900  2
  88.6800 147.1600  2
  88.7500 149.4000  2
  88.8100 151.7900  2
  88.8800 154.6600  2
  88.9600 157.3200  2
  88.9800 157.3100  2
  89.0000 156.1700  2
  80.4600 147.6000  3
  80.4800 147.4400  2
  80.5400 147.1700  2
  80.6300 146.8700  2
  80.7000 146.7800  2
  80.8000 146.6000  2
  80.9200 146.4200  2
  81.0000 146.2500  2
  81.0600 145.8800  2
  81.1800 145.7400  2
  81.3200 145.6300  2
  81.4600 145.6600  2
  81.5800 145.6000  2
  81.6700 145.1600  2
  81.7300 144.9600  2
  81.8200 144.7100  2
  81.8800 144.4800  2
  81.9500 144.3100  2
  82.1200 144.2300  2
  82.2000 144.2200  2
  82.3000 143.4800  2
  82.4300 143.2800  2
  82.4800 143.0400  2
  82.6000 143.1000  2
  82.7500 143.2900  2
  82.8500 143.4100  2
  82.9400 143.3800  2
  83.0200 143.2000  2
  83.0700 142.8600  2
  83.0900 143.5700  2
  83.1400 144.5600  2
  83.2100 145.2900  2
  83.3600 145.7600  2
  83.4800 145.9500  2
  83.5200 146.3800  2
  83.5900 146.6200  2
  83.6900 146.7600  2
  83.7500 146.8800  2
  83.7700 147.8600  2
  83.8200 148.8200  2
  83.9600 149.7200  2
  84.1100 150.3700  2
  84.2400 150.8400  2
  84.3400 151.1700  2
  84.5500 152.1100  2
  84.7700 153.1600  2
  84.9300 153.9900  2
  85.1300 154.7500  2
  85.3500 155.0700  2
  85.5600 155.3100  2
  85.7300 155.3600  2
  85.8200 155.4600  2
  85.9500 155.9200  2
  86.0200 156.2500  2
  86.1100 156.6600  2
  86.2000 156.6900  2
  86.3700 156.7100  2
  86.5300 156.6300  2
  86.6900 155.8700  2
  86.7400 154.8400  2
  86.8000 154.0200  2
  86.8800 154.3600  2
  86.9900 154.9200  2
  87.1000 154.2400  2
  87.1200 153.6800  2
  87.1600 152.3700  2
  87.2700 151.3800  2
  87.4200 150.6500  2
  87.5800 149.8100  2
  87.6600 149.3300  2
  87.7300 148.3900  2
  87.7800 147.3400  2
  87.8200 145.7100  2
  87.8300 143.7000  2
  87.8100 140.5000  2
  87.7400 138.0900  2
  87.6900 136.9600  2
  87.5800 136.1400  2
  87.4900 136.0800  2
  87.3900 136.9500  2
  87.1900 139.1900  3
  87.1600 139.5100  2
  87.1700 138.8000  2
  87.1700 138.4200  2
  87.1500 138.4000  2
  87.1400 138.8100  2
  87.2100 139.1600  3
  87.2200 138.6200  2
  87.2200 138.1100  2
  87.2000 138.0300  2
  87.2000 138.2700  2
  87.2000 138.7700  2
  87.2000 138.9700  2
  87.2200 138.9800  2
  87.2600 138.6100  3
  87.2700 138.1200  2
  87.2700 137.5400  2
  87.2600 137.4000  2
  87.2400 137.7700  2
  87.2400 138.1400  2
  87.2500 138.4600  2
  87.2700 138.5600  2
  87.3100 138.1700  3
  87.3100 137.6600  2
  87.3100 137.0700  2
  87.2800 137.0500  2
  87.2900 137.6900  2
  87.2900 137.9500  2
  87.3100 138.0400  2
  87.1400 139.0500  3
  87.0400 139.5400  2
  87.0100 139.9000  2
  86.9300 140.0500  2
  86.8500 139.8500  2
  86.7400 139.0300  2
  86.6300 138.3200  2
  86.5500 138.1200  2
  86.4600 138.1400  2
  86.3500 138.4600  2
  86.2400 139.1300  2
  86.0900 140.3700  2
  85.9800 141.3000  2
  85.9100 141.7900  2
  85.8500 142.7000  2
  85.8000 143.9700  2
  85.7500 145.1500  2
  85.6800 145.1700  2
  85.6200 144.3400  2
  85.5800 143.5900  2
  85.5300 143.5900  2
  85.4600 144.3800  2
  85.4300 144.9600  2
  85.3600 145.1200  2
  85.2900 144.6700  2
  85.2200 144.5100  2
  85.1200 145.1600  2
  85.0600 145.7400  2
  85.0100 146.7000  2
  84.8900 146.8400  2
  84.8000 146.6100  2
  84.6400 146.0400  2
  84.6400 145.1200  2
  84.5900 144.1800  2
  84.5100 143.3000  2
  84.3900 142.6400  2
  84.2700 142.4200  2
  84.1700 142.3700  2
  84.0600 142.6700  2
  83.9700 142.9600  2
  83.9200 142.7100  2
  83.9100 141.9200  2
  83.8800 140.7400  2
  83.8000 139.7400  2
  83.6800 138.6500  2
  83.5700 138.3900  2
  83.4900 138.4200  2
  83.3800 138.8000  2
  83.2300 139.3500  2
  83.1700 139.5900  2
  83.0600 138.8000  2
  82.9600 138.4500  2
  82.8300 137.9400  2
  82.6700 137.9400  2
  82.5700 138.2400  2
  82.4600 138.4900  2
  82.3800 138.7700  2
  82.3200 139.1400  2
  82.2700 139.8800  2
  82.2200 140.4600  2
  82.1300 140.1600  2
  82.0500 139.7900  2
  81.8800 139.3400  2
  81.8100 139.4500  2
  81.6900 139.2700  2
  81.5700 139.2600  2
  81.5100 139.2300  2
  81.4300 138.9900  2
  81.2900 139.1300  2
  81.1700 139.5100  2
  81.0400 139.8200  2
  80.9300 139.7800  2
  80.7700 139.6500  2
  80.6400 139.2600  2
  80.5400 139.2200  2
  80.3900 139.3500  2
  80.2500 139.7100  2
  80.1800 140.0800  2
  80.1200 140.4700  2
  80.0400 140.7500  2
  99.0000   0.0000  3
 1X1 400 402 200   9.67   0.00 AN     5 2
  83.0000  -9.9100  3
  83.0900  -9.8600  2
  83.1700  -9.7900  2
  83.2400  -9.7000  2
  83.3200  -9.5500  2
  83.3900  -9.5500  2
  83.4700  -9.4400  2
  83.5700  -9.2800  2
  83.6300  -9.1800  2
  83.6900  -8.8600  2
  83.7500  -8.7500  2
  83.8300  -8.3500  2
  83.9000  -8.0800  2
  83.9700  -7.6100  2
  84.0400  -7.0600  2
  84.0900  -6.5400  2
  84.1900  -5.7900  2
  84.2500  -5.3600  2
  84.3200  -4.7600  2
  84.3800  -4.4200  2
  84.4500  -3.9200  2
  84.5400  -3.1800  2
  84.6000  -2.6400  2
  84.6500  -2.1900  2
  84.7000  -1.9800  2
  84.7600  -1.4700  2
  84.8200  -1.0600  2
  84.8700  -0.5900  2
  84.9600   0.0800  2
  85.0200   0.7100  2
  85.0900   1.1600  2
  85.1500   1.8200  2
  85.2300   2.7100  2
  85.3100   3.4800  2
  85.4900   5.3600  3
  85.5600   6.3600  2
  85.6400   8.0000  2
  85.7100   9.1600  2
  85.7400   9.8900  2
  85.7800  10.4300  2
  85.8800  11.4600  2
  86.0100  13.1200  2
  86.0900  15.1500  2
  86.6800  32.8900  3
  86.8000  36.6300  2
  86.9000  39.1700  2
  86.9400  40.9800  2
  86.9900  42.3900  2
  87.0300  43.4000  2
  87.0600  44.8900  2
  87.1100  46.5700  2
  87.1500  47.8400  2
  87.1700  49.5100  2
  87.1500  48.1500  3
  87.0900  47.7900  2
  87.0900  46.2600  3
  87.0400  46.1700  2
  87.0600  44.8200  3
  86.9900  44.5300  2
  87.0400  43.6200  3
  86.9800  43.2100  2
  86.9800  42.1100  3
  86.9500  41.8500  2
  86.9500  40.2500  3
  86.9200  40.2900  2
  86.9300  38.8200  3
  86.8700  39.0100  2
  86.8700  37.6600  3
  86.8100  37.6700  2
  86.8200  37.0800  3
  86.7700  37.2000  2
  86.6900  32.8300  3
  86.6400  33.4900  2
  86.4400  28.1800  3
  86.4100  28.2000  2
  86.4200  26.3300  3
  86.4000  26.3300  2
  86.3800  23.7300  3
  86.3400  23.9200  2
  86.3000  21.2800  3
  86.2700  21.4800  2
  86.2800  19.1600  3
  86.2300  19.3400  2
  86.2000  16.4100  3
  86.1500  16.8000  2
  86.1200  14.6600  3
  86.0600  15.1800  2
  86.0100  12.5500  3
  85.9500  13.0100  2
  85.9100  11.2300  3
  85.8800  11.7700  2
  85.8600  10.5600  3
  85.8200  11.2300  2
  85.8000   9.7200  3
  85.7700  10.2600  2
  85.7300   8.8400  3
  85.7000   8.9200  2
  85.6900   7.6500  3
  85.6500   8.0100  2
  85.6300   6.8900  3
  85.5900   7.2500  2
  85.5700   6.3800  3
  85.5400   6.6800  2
  85.5100   5.3800  3
  85.4700   5.8800  2
  85.3600   3.5900  3
  85.3300   4.0400  2
  85.3100   2.8800  3
  85.2700   3.2600  2
  85.2500   2.5800  3
  85.2300   2.9700  2
  85.2200   2.1100  3
  85.1600   2.8000  2
  85.1300   1.1100  3
  85.1000   1.4900  2
  85.0800   0.7800  3
  85.0500   0.9100  2
  85.0100   0.0800  3
  84.9700   0.4000  2
  84.9500  -0.1600  3
  84.9300   0.0800  2
  84.9100  -0.7800  3
  84.9000  -0.4100  2
  84.8700  -1.1400  3
  84.8400  -0.7600  2
  84.8200  -1.4900  3
  84.7600  -0.9300  2
  84.7600  -1.8800  3
  84.7500  -1.6400  2
  84.7100  -2.2800  3
  84.6900  -1.9200  2
  84.6700  -2.6100  3
  84.6500  -2.2500  2
  84.6000  -3.1000  3
  84.5800  -2.6200  2
  84.5400  -3.3000  3
  84.5400  -3.0100  2
  84.4900  -3.7200  3
  84.4800  -3.3700  2
  84.4600  -4.1500  3
  84.3900  -3.5400  2
  84.3700  -4.4700  3
  84.3500  -4.1800  2
  84.3300  -4.8800  3
  84.3000  -4.5300  2
  84.2500  -5.3600  3
  84.2200  -4.9500  2
  83.9600  -8.2200  3
  83.9200  -8.0100  2
  83.9100  -8.5200  3
  83.8700  -8.3600  2
  83.8400  -8.9400  3
  83.8100  -8.4300  2
  83.7900  -9.0600  3
  83.7500  -8.7000  2
  83.7300  -9.3800  3
  83.7100  -9.0900  2
  83.6800  -9.6000  3
  83.6300  -9.0300  2
  83.6300  -9.5200  3
  83.6100  -9.0900  2
  83.5800  -9.6400  3
  83.5600  -9.3200  2
  83.5100  -9.9400  3
  83.4900  -9.4500  2
  83.4300  -9.9500  3
  83.3900  -9.5000  2
  83.3500 -10.1100  3
  83.3300  -9.6900  2
  83.2700 -10.3600  3
  83.2400  -9.8900  2
  83.2000 -10.3500  2
  83.2000  -9.9300  3
  83.1400 -10.2600  2
  83.1100  -9.8300  3
  83.0400 -10.3800  2
  83.0100  -9.8800  3
  79.2600 125.0900  3
  79.4600 124.7300  2
  79.7000 124.3700  2
  79.9100 124.0000  2
  80.2000 123.4100  2
  80.4500 123.0500  2
  80.7900 122.5100  2
  81.0600 122.0000  2
  81.1700 121.7600  2
  82.5700 119.7400  3
  82.9500 118.8100  2
  83.2900 117.6500  2
  83.5500 116.4200  2
  83.8300 114.8800  2
  83.9100 114.3200  2
  84.7700 105.0200  3
  84.8900 102.9500  2
  85.1000  99.7200  2
  85.2900  96.3400  2
  85.4000  93.8200  2
  85.5700  90.1300  2
  85.7000  87.1300  2
  85.8100  84.4200  2
  99.0000   0.0000  3
 1X1 400 402   2   9.67   0.00 AN     5 2
  85.8800  82.5500  3
  86.0000  81.3600  3
  99.0000   0.0000  3
 1X1 401 402 153  15.07   0.00 AN    5B 4
  83.8400 -10.6900  3
  83.9200 -10.1600  2
  84.0400  -9.3500  2
  84.1200  -8.7400  2
  84.3100  -6.9200  3
  84.4300  -6.2200  2
  84.5300  -5.5900  2
  84.6400  -4.8900  2
  84.7100  -4.3600  2
  84.7900  -3.7000  2
  84.8600  -2.9700  2
  84.9200  -2.4500  2
  85.0500  -1.3200  2
  85.1900  -0.5100  2
  85.3100   0.6100  2
  85.3600   1.1500  2
  85.6500   3.5900  3
  85.7000   4.2800  2
  85.7700   5.6300  2
  85.8200   6.3600  2
  85.8500   7.1000  2
  85.9000   8.1800  2
  85.9500   9.0700  2
  86.0100   9.6800  2
  86.1000  11.1200  2
  86.2600  14.0000  2
  86.3000  14.9200  2
  86.3800  17.7200  2
  86.4500  20.0200  2
  86.5000  22.4600  2
  86.5700  24.5400  2
  86.6100  27.1700  2
  86.7900  31.7400  2
  86.9300  35.4000  2
  87.1500  41.2200  3
  87.1800  42.3600  2
  87.2100  44.3900  2
  87.2400  46.0800  2
  87.2800  47.7200  2
  87.3400  49.6900  2
  87.4300  52.2800  3
  87.3700  51.5400  2
  87.3500  52.3100  2
  87.3100  51.3900  2
  87.3300  51.1900  2
  87.4200  53.4000  3
  87.3500  53.0000  2
  87.3500  54.5100  2
  87.3900  54.1500  2
  87.3800  53.6200  2
  87.3900  54.4100  2
  87.4300  54.4800  2
  87.4300  53.4300  2
  87.3600  48.8000  3
  87.3200  49.0800  2
  87.3500  47.2800  3
  87.2700  47.8700  2
  87.3000  45.9300  3
  87.2300  46.2300  2
  87.2600  44.1400  3
  87.1900  44.1700  2
  87.2300  42.4700  3
  87.1600  42.6900  2
  87.1900  40.6900  3
  87.1300  40.8600  2
  86.9900  35.3500  3
  86.9400  35.3600  2
  86.8400  31.6400  3
  86.8000  32.0300  2
  86.7200  28.6700  3
  86.6900  28.8300  2
  86.6600  27.0900  3
  86.6000  27.2100  2
  86.6100  24.3100  3
  86.5700  24.5900  2
  86.5700  22.2900  3
  86.5200  22.4400  2
  86.5000  20.0400  3
  86.4600  19.9700  2
  86.4200  17.4600  3
  86.3900  17.6600  2
  86.3400  14.6400  3
  86.2900  15.0700  2
  86.2500  12.9400  3
  86.2200  13.0800  2
  86.1400  11.0500  3
  86.1100  11.8000  2
  86.0400   9.6700  3
  86.0000  10.0400  2
  85.9700   8.7100  3
  85.9200   9.3900  2
  85.9200   7.9800  3
  85.8500   8.4600  2
  85.8600   6.9500  3
  85.8300   7.2100  2
  85.8200   5.8300  3
  85.7900   6.3200  2
  85.7700   5.0300  3
  85.7400   5.4400  2
  85.7200   4.2400  3
  85.7000   4.3600  2
  85.6700   3.3200  3
  85.6500   4.0200  2
  85.3200   0.2000  3
  85.2900   0.6000  2
  85.2700   0.0000  3
  85.2400   0.4700  2
  85.2200  -0.5200  3
  85.2000  -0.1900  2
  85.1700  -1.2900  3
  85.1400  -0.7600  2
  85.1000  -1.7200  3
  85.0600  -1.0600  2
  85.0500  -1.8200  3
  85.0100  -2.2400  3
  84.9900  -1.7900  2
  84.9700  -2.6600  3
  84.9300  -2.0800  2
  84.9000  -2.9900  3
  84.8800  -2.5500  2
  84.8600  -3.2700  3
  84.8400  -2.9500  2
  84.8000  -3.8400  3
  84.7900  -3.4600  2
  84.7500  -4.2800  3
  84.7100  -3.7600  2
  84.6800  -4.7500  3
  84.6700  -4.2100  2
  84.6400  -5.1800  3
  84.6100  -4.6900  2
  84.5900  -5.3600  3
  84.5700  -4.9900  2
  84.5400  -5.6600  3
  84.5200  -5.2900  2
  84.4700  -6.3300  3
  84.4500  -5.9100  2
  84.4200  -6.5500  3
  84.4000  -6.1900  2
  84.3600  -7.0300  3
  84.3400  -6.3900  2
  84.3000  -7.0700  3
  84.2900  -6.6100  2
  84.0900  -9.1700  3
  84.0800  -8.7800  2
  84.0400  -9.4700  3
  84.0300  -9.1700  2
  83.9700  -9.9900  3
  83.9600  -9.6400  2
  83.9100 -10.6100  3
  83.9100 -10.0900  2
  83.8600 -10.8900  3
  83.8500 -10.5000  2
  83.8500 -10.5600  3
  99.0000   0.0000  3
 1X1 402 402 169  19.90   0.00 AN     6 2
  87.4700  49.6700  3
  87.4600  47.2000  2
  87.4400  45.1000  2
  87.4100  43.6400  2
  87.3600  41.3100  2
  87.3200  39.9600  2
  87.2800  38.2300  2
  87.2400  37.1200  2
  87.1900  35.7600  2
  87.1300  34.2300  2
  87.0100  30.2600  2
  86.9000  27.8300  2
  86.8300  25.7300  2
  86.7800  23.1800  2
  86.7100  20.5500  2
  86.6600  18.0200  2
  86.6000  15.6100  2
  86.5100  12.6700  2
  86.3800  11.3400  2
  86.3000   8.9500  2
  86.1300   6.1300  3
  86.0700   4.8300  2
  86.0200   4.2200  2
  85.9600   3.3800  2
  85.8900   2.7100  2
  85.8300   2.0000  2
  85.7700   1.1600  2
  85.5900  -0.0100  3
  85.4600  -1.4600  2
  85.3900  -2.4500  2
  85.2600  -3.4400  2
  85.1200  -4.3600  2
  84.9300  -5.4300  2
  84.7900  -6.4400  2
  84.6500  -7.4300  2
  84.4800  -9.2600  2
  84.3600 -10.3500  2
  84.2300 -11.1700  2
  84.0700 -11.9300  2
  83.8800 -12.5500  2
  83.7200 -13.2300  2
  83.6000 -13.6900  2
  83.6300 -13.7700  3
  83.6200 -13.6200  2
  83.6800 -13.6200  3
  83.6600 -13.2100  2
  83.7600 -13.2700  3
  83.7300 -13.0100  2
  83.8000 -13.2100  3
  83.8000 -12.7800  2
  83.8800 -12.9200  3
  83.8600 -12.4500  2
  83.9300 -12.7100  3
  83.9200 -12.2600  2
  84.0100 -12.4500  3
  83.9800 -12.0200  2
  84.0800 -12.1800  3
  84.0600 -11.8200  2
  84.1400 -11.9200  3
  84.1300 -11.6200  2
  84.2200 -11.5400  3
  84.2000 -11.2700  2
  84.2700 -11.2400  3
  84.2500 -10.7700  2
  84.3300 -10.9300  3
  84.3100 -10.3300  2
  84.3900 -10.3600  3
  84.3700  -9.9200  2
  84.4300  -9.8100  3
  84.4200  -9.4400  2
  84.4900  -9.4000  3
  84.4700  -9.0100  2
  84.5200  -8.7600  3
  84.5100  -8.5100  2
  84.5900  -8.4000  3
  84.5700  -8.0800  2
  84.6300  -7.8800  3
  84.6200  -7.3900  2
  84.6800  -7.3000  3
  84.6600  -7.0400  2
  84.7300  -7.0700  3
  84.7200  -6.6300  2
  84.7900  -6.5500  3
  84.7700  -6.1000  2
  84.8600  -6.2200  3
  84.8300  -5.8100  2
  84.9000  -6.0800  3
  84.8900  -5.7600  2
  84.9600  -5.5900  3
  84.9400  -5.1900  2
  85.0400  -5.1800  3
  85.0100  -4.7100  2
  85.1000  -4.7300  3
  85.0700  -4.3200  2
  85.1500  -4.3900  3
  85.1200  -3.9200  2
  85.1900  -4.0400  3
  85.1900  -3.5800  2
  85.2700  -3.5800  3
  85.2500  -2.9700  2
  85.4600  -1.9400  3
  85.4400  -1.5200  2
  85.5000  -1.3300  3
  85.4800  -0.8400  2
  85.5400  -1.0700  3
  85.5200  -0.8500  2
  85.6100  -0.5200  3
  85.5700  -0.0800  2
  85.8100   0.5000  3
  85.7800   0.7900  2
  85.8700   1.6400  3
  85.8500   1.8600  2
  85.9100   2.0300  3
  85.8800   2.5600  2
  85.9600   2.9900  3
  85.9300   3.5900  2
  86.0100   4.0500  3
  86.0000   4.3500  2
  86.1000   4.9400  3
  86.0700   5.3900  2
  86.1600   5.7600  3
  86.1300   6.2800  2
  86.2100   6.4200  3
  86.1900   7.2000  2
  86.3200   8.2200  3
  86.2500   9.0200  2
  86.3800  10.9200  3
  86.3500  11.3400  2
  86.5200  11.9900  3
  86.4800  12.8400  2
  86.6000  15.2300  3
  86.5800  15.5700  2
  86.6700  17.2100  3
  86.6200  17.7400  2
  86.7400  19.8900  3
  86.6800  20.8300  2
  86.7800  24.3900  3
  86.8400  23.8600  2
  86.8000  22.6200  2
  86.7600  23.1900  2
  86.8100  23.7100  2
  86.8200  22.9900  2
  86.8700  25.8500  3
  86.8300  25.8600  2
  86.9100  27.2900  3
  86.8800  27.6500  2
  87.0200  29.8100  3
  86.9700  30.3100  2
  87.1400  33.3800  3
  87.1000  33.7800  2
  87.2000  35.1400  3
  87.1700  35.5000  2
  87.2600  36.6400  3
  87.2100  36.9600  2
  87.3100  37.9100  3
  87.2600  38.4500  2
  87.3400  39.4300  3
  87.3100  39.8200  2
  87.3800  40.7800  3
  87.3400  41.4300  2
  87.4300  42.4200  3
  87.3900  43.0600  2
  87.4700  44.3900  3
  87.4200  44.9300  2
  87.4900  46.3300  3
  87.4400  46.7400  2
  87.5100  48.4800  3
  87.4700  48.7800  2
  87.4700  50.0100  3
  99.0000   0.0000  3
 1X1 403 402 166  32.68   0.00 AN    12 5
  84.6800 -13.3500  3
  84.7400 -13.0400  2
  84.7900 -12.8000  2
  84.8700 -12.3000  2
  84.9200 -12.3600  2
  84.9700 -11.9900  2
  85.0300 -11.7600  2
  85.1000 -11.4700  2
  85.1800 -10.8700  2
  85.2800 -10.1700  2
  85.2800  -9.1500  3
  85.3500  -8.6800  2
  85.4100  -8.3800  2
  85.4800  -7.9500  2
  85.5300  -7.5500  2
  85.5900  -7.2200  2
  85.6200  -7.0600  2
  85.6700  -6.7800  2
  85.7500  -6.2500  2
  85.8000  -5.8600  2
  85.8500  -5.6400  2
  86.0100  -4.4500  2
  86.1200  -3.9400  2
  86.1800  -3.4300  2
  86.2700  -2.6800  2
  86.3400  -2.0400  2
  86.3900  -1.1200  2
  86.4600  -0.2600  2
  86.5000   0.8100  2
  86.6000   2.7600  2
  86.6900   5.3100  2
  86.7600   7.7400  2
  86.8400  11.4600  2
  86.9000  14.7000  2
  87.0100  19.5000  3
  87.0900  22.5300  2
  87.1700  25.1000  2
  87.2500  28.3700  2
  87.3700  32.2400  2
  87.4200  33.4900  2
  87.4700  35.2300  2
  87.5300  37.1700  2
  87.5600  38.1500  2
  87.6100  40.8100  2
  87.6700  42.2200  2
  87.7100  43.9200  2
  87.7500  45.2700  2
  87.8400  47.7300  2
  87.9000  53.5500  3
  87.9000  49.9300  2
  87.8300  54.0100  3
  87.7900  53.9400  2
  87.8400  51.2500  2
  87.7800  51.1700  2
  83.2100 120.5800  3
  83.3800 120.2700  2
  83.6700 119.0700  2
  84.0000 117.8200  2
  84.3500 115.7400  2
  84.6400 113.0100  2
  84.9600 109.8300  2
  85.1500 107.5600  2
  85.3500 104.3200  2
  85.5700 100.3900  2
  85.6800  97.8600  2
  85.9000  93.5700  2
  86.1200  89.3800  2
  86.3800  85.2300  2
  86.6400  81.3600  2
  86.9100  78.4000  2
  87.2500  76.1000  2
  87.5100  71.2400  2
  87.7400  64.8300  2
  87.8800  57.0700  2
  87.8400  47.4300  3
  87.7900  47.5800  2
  87.8000  45.5700  3
  87.7200  45.4700  2
  87.7400  44.1900  3
  87.6900  44.2100  2
  87.6800  42.1100  3
  87.6100  42.3900  2
  87.6500  40.3500  3
  87.5600  40.1600  2
  87.5700  37.8600  3
  87.5300  38.2600  2
  87.5300  36.5000  3
  87.4700  36.6400  2
  87.4800  34.8900  3
  87.4300  35.2100  2
  87.4400  33.0400  3
  87.3700  33.7000  2
  87.3900  31.7300  3
  87.3300  32.0000  2
  87.2900  27.8200  3
  87.2400  28.3100  2
  87.1900  24.5400  3
  87.1300  25.0800  2
  87.1200  22.6000  3
  87.0700  23.3800  2
  87.0600  19.8500  3
  87.0100  20.1000  2
  86.9300  13.2700  3
  86.8800  13.9700  2
  86.8800  11.1900  3
  86.8500  11.8900  2
  86.7800   7.1200  3
  86.7300   7.6900  2
  86.7100   4.9500  3
  86.6700   5.3600  2
  86.6000   2.2100  3
  86.5700   2.5600  2
  86.5300   0.5400  3
  86.4800   0.9800  2
  86.4800  -0.8900  3
  86.4400   0.0100  2
  86.4000  -1.7300  3
  86.3700  -0.9400  2
  86.3200  -2.5500  3
  86.2700  -2.7600  3
  86.2500  -2.2400  2
  86.2000  -3.7800  3
  86.1600  -2.9200  2
  86.1300  -4.1900  3
  86.1000  -3.5200  2
  86.0600  -4.6000  3
  86.0100  -3.6600  2
  85.8800  -5.8300  3
  85.8300  -5.1600  2
  85.8100  -6.0400  3
  85.7800  -5.4600  2
  85.7500  -6.6800  3
  85.7000  -6.3800  2
  85.6700  -7.2900  3
  85.6200  -6.5500  2
  85.5800  -7.7000  3
  85.5500  -7.0200  2
  85.5100  -7.7900  3
  85.4700  -7.3800  2
  85.3300  -8.9800  3
  85.3200  -8.3500  2
  85.3000  -9.1900  3
  85.2900  -8.5600  2
  85.2400 -10.8700  3
  85.2300 -10.5100  2
  85.1900 -11.3000  3
  85.1600 -10.4800  2
  85.1400 -11.5600  3
  85.0900 -10.9900  2
  85.0600 -11.8900  3
  85.0400 -11.2600  2
  85.0000 -12.3800  3
  84.9800 -11.6900  2
  84.9300 -12.7800  3
  84.9000 -11.9400  2
  84.8700 -12.8800  3
  84.8600 -12.2700  2
  84.8200 -13.0500  3
  84.7900 -12.4800  2
  84.7500 -13.3600  3
  84.7100 -12.6600  2
  84.7000 -13.5900  3
  84.6900 -13.0800  2
  84.6500 -13.8400  3
  84.6400 -13.3800  2
  84.6400 -13.3800  3
  99.0000   0.0000  3
 1X1 404 402 136  42.01   0.00 AN    18 4
  85.7400 -11.4400  3
  85.8000 -10.5600  2
  85.8700  -9.7300  2
  85.9100  -9.6000  2
  85.9500  -9.2300  2
  86.0200  -8.8300  2
  86.1900  -8.6600  3
  86.2900  -8.5700  2
  86.3700  -7.8800  2
  86.4400  -7.0700  2
  86.5200  -6.4200  2
  86.5900  -5.4400  2
  86.6600  -4.7100  2
  86.7100  -4.1300  2
  86.8000  -2.5800  2
  86.9200  -0.1400  2
  87.0200   3.1200  3
  87.1200   6.3800  2
  87.2100   9.8800  2
  87.2800  12.2400  2
  87.3300  15.4700  2
  87.3800  18.8200  2
  87.4500  21.2700  2
  87.5400  25.0100  2
  87.7000  28.7300  2
  87.7900  30.2600  2
  87.8800  32.1500  2
  87.9600  34.6400  2
  88.0100  37.2000  2
  88.1100  40.4600  2
  88.1300  41.3500  2
  88.1900  43.6800  2
  88.2500  47.3000  2
  88.3200  53.6200  3
  88.3200  49.6300  2
  88.2200  53.2600  3
  88.2400  52.3600  2
  88.1900  51.2900  2
  88.2000  49.4600  2
  88.2300  49.9200  2
  88.2000  50.9600  2
  88.1700  52.3400  2
  88.2300  52.8000  2
  88.1900  59.0400  3
  88.1000  67.1200  2
  87.9100  73.8300  2
  87.7000  77.8900  2
  87.5700  79.4700  2
  81.8200 124.5900  3
  82.1200 124.6700  2
  82.4300 124.3700  2
  82.7800 123.7300  2
  83.2200 123.0100  2
  83.6900 121.7300  2
  83.9800 120.5500  2
  84.3300 119.1600  2
  84.5800 118.2300  2
  84.9200 115.8400  2
  85.1700 113.5200  2
  85.3900 110.7300  2
  85.6300 107.6200  2
  85.8500 103.6100  2
  85.9600 101.1200  2
  86.1800  96.6100  2
  86.3800  93.7400  2
  86.6400  89.1500  2
  86.8300  86.0100  2
  88.2100  46.3900  3
  88.1700  46.3700  2
  88.2000  43.3000  3
  88.0900  44.5700  2
  88.1300  41.7100  3
  88.0700  41.4700  2
  88.0800  39.7200  3
  88.0300  39.8500  2
  88.0100  37.3300  3
  87.9600  37.1700  2
  87.9500  34.9400  3
  87.9100  35.4600  2
  87.9100  33.4200  3
  87.8300  33.8400  2
  87.8400  31.9800  3
  87.7900  31.9900  2
  87.7900  29.8200  3
  87.7400  30.5000  2
  87.7100  28.5500  3
  87.6600  29.2300  2
  87.5600  24.7700  3
  87.4900  25.3300  2
  87.4300  21.1000  3
  87.3800  21.8500  2
  87.3600  18.6700  3
  87.3300  19.1900  2
  87.3100  15.6400  3
  87.2800  16.1500  2
  87.2500  12.1200  3
  87.2300  12.6000  2
  87.2000   8.7200  3
  87.1500   9.6600  2
  87.1300   5.5200  3
  87.0900   6.3200  2
  87.0300   2.6000  3
  86.9800   3.2800  2
  86.9400  -0.4500  3
  86.9000   0.5700  2
  86.8200  -3.0900  3
  86.7900  -2.2700  2
  86.7200  -4.5200  3
  86.6900  -3.9000  2
  86.6500  -5.6400  3
  86.6100  -4.6400  2
  86.5700  -5.8800  3
  86.5500  -5.3800  2
  86.5100  -6.6700  3
  86.4800  -5.9800  2
  86.4200  -7.3900  3
  86.4000  -6.6400  2
  86.3600  -7.8700  3
  86.3300  -7.0100  2
  86.2800  -8.6400  3
  86.2600  -7.7200  2
  86.2100  -8.9700  3
  86.1800  -7.8900  2
  86.0100  -9.2800  3
  85.9500  -8.5900  2
  85.9400  -9.4300  3
  85.9200  -8.8400  2
  85.8900  -9.8700  3
  85.8700  -9.4200  2
  85.8300 -10.6300  3
  85.8200  -9.8300  2
  85.8000 -10.7900  3
  85.7800 -10.1300  2
  85.7800 -11.1000  3
  85.7500 -10.4900  2
  85.7500 -10.5000  3
  99.0000   0.0000  3
 1X1 405 402 121  45.42   0.00 AN    20 6
  85.9600 -15.0500  3
  86.0500 -14.2700  2
  86.1200 -14.1200  2
  86.1900 -14.3100  2
  86.3200 -14.1400  2
  86.4400 -14.1700  2
  86.5200 -14.0300  2
  86.6000 -13.3400  2
  86.6800 -12.8900  2
  86.7800 -11.7100  2
  86.8300 -11.1900  2
  86.8800 -10.3700  2
  87.0000  -8.7600  2
  87.1500  -6.4600  2
  87.2400  -3.9400  2
  87.3400  -1.0300  2
  87.4200   2.5900  2
  87.5300   6.5000  2
  87.6200   9.4100  2
  87.7000  13.1800  2
  87.7600  16.0400  2
  87.8800  19.5500  2
  88.0100  23.5900  2
  88.0700  25.4500  2
  88.1400  27.1400  2
  88.2000  28.5500  2
  88.2900  30.4500  2
  88.3500  32.5400  2
  88.4100  35.0500  2
  88.4600  37.7500  2
  88.5300  40.2900  2
  88.5600  44.0400  2
  88.6700  49.9500  3
  88.6300  50.6100  2
  88.6200  48.9800  2
  88.6700  45.9400  2
  88.6100  46.3900  2
  88.5100  51.8400  3
  88.5300  49.6700  2
  88.4800  48.7700  2
  88.4800  51.1300  2
  88.5200  50.9800  2
  88.5100  62.6700  3
  88.4100  70.9600  2
  88.2500  79.2800  2
  88.0400  84.8200  2
  87.9800  85.6100  2
  83.3000 124.9600  3
  83.5300 124.4700  2
  83.8600 123.7800  2
  84.3100 122.1700  2
  84.6900 120.8800  2
  84.9600 119.1700  2
  85.2700 116.7200  2
  85.5400 113.6500  2
  85.7100 112.0200  2
  88.5500  43.5800  3
  88.5000  43.4900  2
  88.5100  40.8000  3
  88.4700  41.5000  2
  88.4700  38.5800  3
  88.4100  38.6800  2
  88.4000  35.8100  3
  88.3500  36.2300  2
  88.3300  33.4900  3
  88.2900  33.9100  2
  88.2600  30.8000  3
  88.2100  31.0800  2
  88.2100  29.3400  3
  88.1700  30.0600  2
  88.1500  27.5900  3
  88.1100  27.9500  2
  88.0800  25.9600  3
  88.0000  26.6200  2
  88.0100  23.8000  3
  87.9800  24.4100  2
  87.8800  19.4100  3
  87.8100  20.7400  2
  87.7700  15.8100  3
  87.7300  16.2200  2
  87.7000  13.4800  3
  87.6800  13.6500  2
  87.6200   9.5400  3
  87.6000   9.9900  2
  87.5500   6.8200  3
  87.5200   7.2400  2
  87.4400   2.9700  3
  87.4100   3.6700  2
  87.3700   0.0300  3
  87.3300   0.6200  2
  87.2700  -2.9500  3
  87.2400  -2.4600  2
  87.1600  -6.1400  3
  87.1300  -5.2000  2
  87.0100  -8.4800  3
  86.9800  -7.8700  2
  86.9200 -10.3800  3
  86.8900  -9.6600  2
  86.8400 -11.4500  3
  86.8100 -10.3100  2
  86.7700 -11.8600  3
  86.7400 -11.3800  2
  86.6900 -12.9400  3
  86.6700 -12.1700  2
  86.6100 -13.1800  3
  86.5900 -12.6300  2
  86.5500 -13.9600  3
  86.5200 -13.3900  2
  86.4500 -13.9400  3
  86.4300 -13.6800  2
  86.3800 -13.8300  3
  86.3500 -13.3700  2
  86.1800 -13.8500  3
  86.1500 -13.1500  2
  86.1300 -14.3200  3
  86.1100 -13.5700  2
  86.0600 -14.5600  3
  86.0200 -13.7700  2
  86.0100 -14.5100  3
  85.9900 -13.8800  2
  86.0000 -13.9200  3
  99.0000   0.0000  3
 1X1 406 402 119  49.55   0.00 AN    21 1
  86.4100 -18.3000  3
  86.5200 -17.9600  2
  86.5500 -17.9300  2
  86.6500 -17.2500  2
  86.6900 -17.1500  2
  86.7600 -16.8500  2
  86.8400 -16.2500  2
  86.9300 -15.0300  2
  87.0000 -14.1000  2
  87.1100 -12.7600  2
  87.2600 -10.2100  2
  87.3900  -7.4500  2
  87.5200  -4.8000  2
  87.6100  -2.3600  2
  87.7100   0.4100  2
  87.8300   3.7400  2
  87.9200   6.1600  2
  88.0100   9.3200  2
  88.1600  13.5200  2
  88.3000  16.9000  2
  88.3700  19.2500  2
  88.4400  21.9600  2
  88.5000  23.5500  2
  88.5700  25.8600  2
  88.6100  28.1400  2
  88.6800  31.5200  2
  88.7300  34.5800  2
  88.7700  37.5000  2
  88.8000  43.0500  2
  88.9100  48.7300  3
  88.8700  50.0000  2
  88.9000  43.6600  2
  88.8500  44.5000  2
  88.8000  50.2600  3
  88.7900  43.9900  2
  88.8400  42.5800  3
  88.8000  42.6800  2
  88.7900  37.1900  3
  88.7500  38.3400  2
  88.7500  34.9300  3
  88.6900  35.3600  2
  88.6900  32.3000  3
  88.6600  32.7200  2
  88.6400  28.4900  3
  88.5900  28.9300  2
  88.5800  26.8400  3
  88.5400  27.2200  2
  88.5100  23.7200  3
  88.4800  24.2500  2
  88.4500  21.5800  3
  88.4100  22.0700  2
  88.3800  19.2600  3
  88.3500  20.4500  2
  88.3300  17.0400  3
  88.2900  18.1800  2
  88.1700  12.8900  3
  88.1500  13.0700  2
  88.0400   9.4200  3
  88.0100   9.7800  2
  87.9400   5.9200  3
  87.9100   6.7400  2
  87.8500   3.2000  3
  87.8100   4.1400  2
  87.7600   0.8300  3
  87.7100   1.0900  2
  87.6400  -3.0600  3
  87.6000  -2.3500  2
  87.5200  -5.5700  3
  87.5000  -4.6400  2
  87.4100  -8.3700  3
  87.3800  -7.6700  2
  87.2700 -10.8400  3
  87.2500  -9.7200  2
  87.1200 -13.1600  3
  87.1000 -12.1900  2
  87.0200 -14.7600  3
  87.0100 -14.0500  2
  86.9400 -15.7600  3
  86.9300 -14.9300  2
  86.8500 -16.6200  3
  86.8500 -15.6700  2
  86.7800 -16.9600  3
  86.7700 -16.2900  2
  86.7200 -17.5300  3
  86.7000 -16.7200  2
  86.6700 -17.9300  3
  86.6800 -17.1200  2
  86.6200 -18.0800  3
  86.6200 -17.2600  2
  86.5700 -18.3700  3
  86.5400 -17.6200  2
  86.5100 -18.5100  3
  86.4700 -17.5500  2
  86.4400 -18.5000  3
  86.4300 -17.4400  2
  82.8100 127.7900  3
  83.0500 127.6900  2
  83.3100 127.0800  2
  83.6000 126.4700  2
  83.8600 126.1700  2
  84.1100 125.4700  2
  84.4000 124.5500  2
  84.7600 123.1100  2
  85.0400 121.6500  2
  85.3000 119.7000  2
  85.4400 118.9300  2
  85.6900 116.0500  2
  85.9400 113.6200  2
  86.2000 110.4300  2
  86.3600 107.8900  2
  86.5900 104.4200  2
  86.8100 100.8500  2
  87.0500  97.7400  2
  87.3200  95.4200  2
  87.5600  94.3900  2
  87.8000  93.5600  2
  88.0700  91.9000  2
  88.2600  88.4600  2
  88.3200  87.4700  3
  99.0000   0.0000  3
 1X1 407 402  80  52.28   0.00 AN    22 2
  86.0800 -22.9600  3
  86.2500 -22.0300  2
  86.3200 -21.5900  2
  86.3900 -21.3500  2
  86.4700 -21.2800  2
  86.5800 -20.7500  2
  86.6600 -20.6000  2
  86.7300 -20.3500  2
  86.8000 -20.3100  2
  87.8000  -4.2900  3
  87.9400  -0.8000  2
  88.0400   1.8800  2
  88.1600   4.7200  2
  88.3300   7.4200  2
  88.4600  10.9000  2
  88.5200  13.3300  2
  88.6100  16.5600  2
  88.6500  18.1900  2
  88.7100  20.7100  2
  88.7700  24.5500  2
  88.8200  27.6700  2
  88.8600  31.0400  2
  88.9300  34.8500  2
  88.9700  38.7900  2
  89.0100  38.5300  3
  88.9500  39.1200  2
  88.9500  35.5300  3
  88.9200  35.1700  2
  88.9200  30.9900  3
  88.8600  31.9000  2
  88.8500  28.6600  3
  88.8000  28.5900  2
  88.8000  25.0800  3
  88.7700  25.8100  2
  88.7400  21.4700  3
  88.7100  22.1600  2
  88.6800  19.2300  3
  88.6500  19.6600  2
  88.6200  16.1200  3
  88.5700  16.7600  2
  88.5600  14.8400  3
  88.5100  15.1700  2
  88.5100  11.9100  3
  88.4700  12.4700  2
  88.3100   7.7400  3
  88.3000   8.4300  2
  88.2000   3.9300  3
  88.1300   5.6600  2
  88.0700   2.2200  3
  88.0400   2.8400  2
  87.9500  -0.3400  3
  87.9500   0.1200  2
  87.8200  -4.0600  3
  87.8000  -3.5900  2
  86.7000 -21.4400  3
  86.6500 -20.5400  2
  86.5700 -21.9100  3
  86.5500 -20.6700  2
  86.5100 -21.5000  3
  86.4600 -20.5800  2
  86.3700 -22.4600  3
  86.3600 -21.2700  2
  86.3200 -22.0500  3
  86.2900 -21.3300  2
  86.2800 -22.0600  3
  86.2500 -21.0800  2
  83.1400 128.8900  3
  83.5600 128.4400  2
  83.7800 128.2300  2
  84.0400 127.8800  2
  84.2400 127.3100  2
  85.0200 124.3800  3
  85.4700 121.4200  2
  85.7000 119.8400  2
  85.9600 117.9100  2
  86.5200 109.7600  3
  86.7900 106.2000  2
  87.1000 103.3600  2
  87.4200 101.0500  2
  87.4300 101.1000  3
  99.0000   0.0000  3
 1X1 408 402 116  54.29   0.00 AN    23 3
  85.8800 -26.8700  3
  86.0300 -26.5800  2
  86.3000 -25.4600  2
  86.3500 -25.0600  2
  86.4000 -24.9300  2
  86.4400 -24.7900  2
  86.5300 -24.6800  2
  86.6200 -24.4700  2
  86.6700 -24.3100  2
  86.7100 -24.1200  2
  86.7900 -23.8400  2
  86.8600 -23.7000  2
  86.9700 -23.4700  2
  87.0100 -23.0500  2
  87.1000 -22.1300  2
  87.2300 -20.1000  2
  87.3800 -16.6500  2
  87.4900 -14.5200  2
  87.6500 -11.8200  2
  87.7500  -9.8300  2
  87.9000  -7.2300  2
  88.0300  -5.1700  2
  88.1600  -3.6600  2
  88.2900  -1.9300  2
  88.4700   1.5000  2
  88.6400   5.3400  2
  88.7100   6.8800  2
  88.7800   8.8000  2
  88.8300  10.7900  2
  88.9100  13.6100  2
  88.9800  16.5600  2
  89.0500  19.5400  2
  89.1300  24.0900  2
  89.2100  28.2500  2
  89.2600  35.2600  2
  89.2900  58.5500  3
  89.1700  80.7500  2
  88.8600  97.1600  2
  83.9900 131.6500  3
  84.3600 130.6700  2
  84.8400 128.1500  2
  85.1600 126.9800  2
  85.6000 124.3600  2
  86.0800 119.6300  2
  86.4200 114.7600  2
  86.6600 110.9400  2
  86.8700 108.6100  2
  89.2800  30.9400  3
  89.2300  32.4900  2
  89.2400  26.2800  3
  89.1900  27.5300  2
  89.1500  22.6900  3
  89.1000  23.1000  2
  89.0800  18.7100  3
  89.0400  20.0600  2
  89.0200  15.4700  3
  88.9600  17.0900  2
  88.9300  12.6700  3
  88.8900  14.5800  2
  88.8700  10.8700  3
  88.8100  12.7700  2
  88.7900   8.8400  3
  88.7500  10.1000  2
  88.7300   6.4700  3
  88.6900   8.6700  2
  88.6700   5.0100  3
  88.6100   6.8400  2
  88.4800   0.4800  3
  88.4400   1.6800  2
  88.3400  -2.3700  3
  88.3000  -0.6500  2
  88.2100  -4.2900  3
  88.1500  -2.2700  2
  88.0700  -5.4200  3
  88.0400  -4.3700  2
  87.9500  -7.2500  3
  87.8900  -6.0000  2
  87.7700  -9.7700  3
  87.7400  -9.0800  2
  87.6500 -12.4000  3
  87.6300 -10.6800  2
  87.5100 -14.1000  3
  87.4800 -13.2800  2
  87.3700 -17.4500  3
  87.3600 -16.2500  2
  87.2400 -20.3900  3
  87.2100 -19.6300  2
  87.1000 -22.5200  3
  87.0700 -21.7300  2
  87.0300 -23.6000  3
  87.0100 -22.4500  2
  86.9400 -23.8600  3
  86.9300 -23.0500  2
  86.8700 -24.3200  3
  86.8500 -23.4400  2
  86.7800 -24.5500  3
  86.7700 -23.8200  2
  86.6900 -24.9000  3
  86.7000 -23.9500  2
  86.6400 -24.9200  3
  86.6200 -23.9700  2
  86.5800 -25.1500  3
  86.5500 -24.2200  2
  86.4700 -25.2600  3
  86.4500 -24.4700  2
  86.3900 -25.5600  3
  86.3600 -24.6400  2
  86.3300 -25.8000  3
  86.3000 -25.0800  2
  86.2300 -26.0300  3
  86.2100 -25.3300  2
  86.0300 -27.1100  3
  86.0200 -26.4700  2
  85.9400 -27.3700  3
  85.9200 -26.5700  2
  85.9200 -26.6400  3
  99.0000   0.0000  3
 1X1 409 402 107  55.64   0.00 AN    24 4
  86.0700 -30.5200  3
  86.2000 -29.2900  2
  86.4600 -28.1600  2
  86.5600 -28.0900  2
  86.6000 -28.2400  2
  86.6700 -28.2300  2
  86.7500 -28.3700  2
  86.8200 -28.3700  2
  86.8800 -28.4100  2
  86.9300 -28.2600  2
  87.0100 -27.8000  2
  87.0700 -27.3500  2
  87.1300 -26.3400  2
  87.1700 -25.6000  2
  87.2700 -24.5000  2
  87.4200 -22.8200  2
  87.6000 -20.6100  2
  87.7700 -18.6500  2
  88.0600 -15.9600  2
  88.1700 -14.8500  2
  88.3500 -13.1700  2
  88.4900 -10.5900  2
  88.6100  -7.6400  2
  88.7800  -4.1100  2
  88.8600  -0.8300  2
  88.9100   0.5600  2
  89.0000   4.0400  2
  89.0700   7.0600  2
  89.1400  10.5800  2
  89.2100  13.8300  2
  89.2800  18.8400  2
  89.3400  23.4100  2
  89.4200  32.6200  2
  87.1500 109.6100  3
  86.8200 114.5800  2
  86.5400 118.5000  2
  86.3100 120.9400  2
  86.1300 123.0800  2
  89.5700  47.3200  3
  89.5300  47.1500  2
  89.5400  35.6500  2
  89.4900  40.0800  2
  89.3900  44.5500  3
  89.4200  53.7300  2
  89.4500  46.4700  2
  89.4000  48.5900  2
  89.4300  29.0600  3
  89.3900  30.9700  2
  89.3900  22.2600  3
  89.3400  24.2800  2
  89.3100  17.8400  3
  89.2700  19.1100  2
  89.2300  12.1400  3
  89.1900  14.6800  2
  89.1600   9.2400  3
  89.1200  12.0700  2
  89.0900   5.8100  3
  89.0600   6.6100  2
  89.0200   1.8700  3
  89.0000   3.7100  2
  88.9600  -0.3400  3
  88.9300   1.4400  2
  88.8800  -2.5400  3
  88.8700  -0.0100  2
  88.8300  -4.5600  3
  88.8000  -2.3400  2
  88.6600  -9.1500  3
  88.6400  -6.4500  2
  88.5100 -11.5700  3
  88.4600  -9.8000  2
  88.3600 -13.8600  3
  88.3400 -12.3400  2
  88.2100 -15.5100  3
  88.1800 -13.4700  2
  88.0500 -17.4000  3
  88.0300 -15.5400  2
  87.7400 -20.3200  3
  87.7300 -19.2200  2
  87.6200 -21.6300  3
  87.5900 -20.1000  2
  87.4800 -22.7800  3
  87.4600 -21.4900  2
  87.2800 -24.5400  3
  87.2900 -23.3400  2
  87.1800 -26.1900  3
  87.1600 -24.8600  2
  87.1100 -27.2700  3
  87.1000 -26.0000  2
  86.9900 -28.3000  3
  87.0200 -27.1900  2
  86.9400 -28.9500  3
  86.9300 -28.0800  2
  86.8400 -29.0900  3
  86.8200 -28.5900  2
  86.7500 -28.8900  3
  86.7400 -28.2800  2
  86.6600 -28.8200  3
  86.6600 -28.5200  2
  86.5600 -28.7000  3
  86.5600 -27.9300  2
  86.4600 -28.6400  3
  86.4700 -27.9600  2
  86.4200 -29.3100  3
  86.3700 -28.2300  2
  86.2400 -29.5500  3
  86.2500 -29.1000  2
  86.2500 -29.0700  3
  99.0000   0.0000  3
