 92X  24 702  66   9.67   0.00 AN     5 2
  39.1300 -28.4400  3
  39.0700 -28.4400  2
  38.9200 -28.4800  2
  38.8600 -28.5600  2
  38.7900 -28.6400  2
  38.6700 -28.8000  3
  38.6400 -28.8000  2
  38.4900 -28.8300  2
  38.2400 -28.8300  2
  38.1200 -28.9500  2
  37.9600 -29.0700  2
  37.8400 -29.1900  2
  37.7700 -29.3400  2
  37.6500 -29.4200  2
  37.5500 -29.5000  2
  37.4300 -29.5400  2
  36.8900 -31.9400  3
  36.8000 -31.9800  2
  36.7000 -31.9800  2
  36.6100 -32.0200  2
  36.4500 -32.0600  2
  36.3200 -32.1000  2
  36.2600 -32.5300  3
  36.1600 -32.5700  2
  36.1000 -32.6100  2
  36.0300 -32.6500  2
  35.2900 -33.4300  3
  35.0700 -33.4700  2
  35.0000 -33.4700  2
  34.8800 -33.4700  2
  35.0000 -34.8900  3
  34.9700 -34.8900  2
  34.8100 -34.9700  2
  34.7100 -35.0100  2
  34.4800 -35.5600  3
  34.4200 -35.6000  2
  34.3200 -35.6400  2
  34.1600 -35.7600  2
  33.6300 -36.2700  3
  33.6000 -36.3100  2
  33.5000 -36.3100  2
  29.9300 -40.8400  3
  30.2300 -40.7900  2
  30.3300 -40.6700  2
  30.5000 -40.4700  2
  31.0900 -39.6600  3
  31.1600 -39.6600  2
  31.2900 -39.5800  2
  31.4200 -39.4600  2
  31.4900 -39.4200  2
  31.6200 -39.2900  3
  31.7200 -39.2100  2
  31.7900 -39.1700  2
  31.8500 -39.0900  2
  33.4600 -38.1800  3
  33.5300 -38.1400  2
  33.6600 -38.0600  2
  34.1000 -35.6800  3
  34.1700 -35.7200  2
  34.2700 -35.6800  2
  34.3300 -35.6800  2
  34.4300 -35.5900  2
  99.0000   0.0000  3
 92X  96 702  47  19.90   0.00 AN     6 2
  29.5600 -39.7800  3
  29.6000 -39.7800  2
  29.6600 -39.6600  2
  29.7300 -39.5800  2
  29.8700 -39.5400  2
  29.9300 -39.4200  2
  30.0300 -39.4200  2
  30.0700 -39.2600  2
  30.1300 -39.2200  2
  30.5300 -38.5400  3
  30.6600 -38.3700  2
  30.6900 -38.3300  2
  30.7900 -38.2500  2
  31.0600 -38.0500  3
  31.0900 -38.0100  2
  31.2600 -37.9300  2
  31.3300 -37.8800  2
  31.3600 -37.8400  2
  31.4600 -37.7600  2
  31.5200 -37.6800  2
  31.6600 -37.6400  2
  31.7900 -37.5600  2
  33.0400 -36.8100  3
  33.3000 -36.6500  2
  37.9600 -27.6100  3
  37.9300 -27.6100  2
  37.8400 -27.7300  2
  37.6800 -27.9300  2
  37.5900 -28.0000  2
  37.4300 -28.1200  2
  37.2800 -28.1600  2
  37.1800 -28.2000  2
  37.0200 -30.3700  3
  36.9900 -30.4500  2
  36.8600 -30.4800  2
  36.7400 -30.5200  2
  36.6100 -30.6000  2
  36.4500 -30.6800  2
  36.2600 -30.7600  2
  36.1000 -30.8800  2
  36.0000 -30.9900  2
  35.9100 -31.1100  2
  35.7200 -31.2700  2
  35.6200 -31.3500  2
  35.0100 -32.1300  3
  35.0100 -32.1300  2
  34.9400 -32.2100  2
  34.8800 -32.2900  2
  34.7200 -32.4100  2
  34.6200 -32.4100  2
  34.7100 -33.5100  3
  34.6500 -33.5500  2
  34.5500 -33.5900  2
  34.4900 -33.6300  2
  34.5200 -33.8700  3
  34.4500 -33.9800  2
  34.3600 -34.0600  2
  34.2900 -34.1400  2
  34.1300 -34.2600  2
  34.0000 -34.3400  2
  33.9000 -35.0500  3
  33.8600 -35.0500  2
  33.7300 -35.1200  2
  33.6300 -35.2000  2
  33.5700 -35.0400  2
  99.0000   0.0000  3
 92X  26 702  43  35.58   0.00 AN    13 6
  37.3700 -26.3900  3
  37.3400 -26.4300  2
  37.2200 -26.4700  2
  37.0900 -26.5400  2
  37.0300 -26.5800  2
  36.8000 -29.0300  3
  36.7400 -29.0300  2
  36.6800 -29.0300  2
  36.5500 -29.0300  2
  36.3600 -29.0200  2
  36.2300 -28.9500  2
  36.1000 -28.9400  2
  35.9500 -28.9400  2
  35.7900 -28.9400  2
  35.5600 -29.1000  2
  35.4000 -29.1400  2
  35.0100 -29.8500  3
  34.9800 -29.8500  2
  34.8800 -29.9300  2
  34.7500 -30.0000  2
  34.6200 -30.0800  2
  34.4900 -31.9000  3
  34.3900 -31.9300  2
  34.3300 -31.9700  2
  34.1600 -32.0100  2
  34.0700 -32.0500  2
  34.0000 -32.4100  3
  33.9700 -32.4100  2
  33.8400 -32.4400  2
  29.1400 -37.7000  3
  29.2500 -37.6200  2
  29.3500 -37.5000  2
  29.4500 -37.4200  2
  29.5500 -37.3400  2
  29.6500 -37.3000  2
  29.7200 -37.2600  2
  29.7900 -37.2200  2
  31.8800 -35.3900  3
  32.0200 -35.3400  2
  32.1500 -35.2600  2
  32.2500 -35.2200  2
  99.0000   0.0000  3
 92X  80 702  63  43.00   0.00 TA 000   1
  35.3100 -36.3400  3
  35.3000 -36.3100  2
  35.2900 -36.2600  2
  35.2800 -36.1700  2
  35.2600 -36.1000  2
  35.2500 -36.0200  2
  35.2200 -35.9200  2
  35.2100 -35.8400  2
  35.1800 -35.7600  2
  35.1500 -35.6700  2
  35.1300 -35.5500  2
  35.1200 -35.4900  2
  35.0900 -35.3800  2
  35.0700 -35.2800  2
  35.0400 -35.1700  2
  35.0300 -35.0700  2
  35.0200 -34.9800  2
  35.0100 -34.9100  2
  34.9900 -34.8100  2
  34.9800 -34.7200  2
  34.9700 -34.6400  2
  34.9700 -34.6000  2
  34.9600 -34.5500  2
  34.9300 -34.3800  2
  34.9200 -34.3100  2
  34.9000 -34.2300  2
  34.8900 -34.1200  2
  34.8700 -34.0200  2
  34.8500 -33.9300  2
  34.8400 -33.8900  2
  34.8300 -33.8300  2
  34.8300 -33.7500  2
  34.8200 -33.7000  2
  34.8200 -33.6400  2
  34.8100 -33.5500  2
  34.8100 -33.4600  2
  34.8000 -33.4400  2
  34.8000 -33.3900  2
  34.7900 -33.3500  2
  34.7700 -33.2800  2
  34.7500 -33.1600  2
  34.7400 -33.1300  2
  34.7100 -33.0200  2
  34.6800 -32.9200  2
  34.6800 -32.8600  2
  34.6500 -32.7700  2
  34.6200 -32.6700  2
  34.5900 -32.5200  2
  34.5600 -32.4200  2
  34.5400 -32.3400  2
  34.5000 -32.1800  2
  34.4500 -32.0000  2
  34.4200 -31.9400  2
  34.4000 -31.8100  2
  34.3900 -31.7700  2
  34.3500 -31.5900  2
  34.3200 -31.4900  2
  34.2800 -31.3100  2
  34.2700 -31.2700  2
  34.2700 -31.2500  2
  34.2700 -31.2200  2
  34.2600 -31.2100  2
  34.2600 -31.2100  3
  99.0000   0.0000  3
 92X  27 702  46  49.55   0.00 AN    21 1
  37.7800 -24.3400  3
  37.7500 -24.3400  2
  37.6000 -24.3800  2
  37.5600 -24.5000  2
  37.4400 -24.5400  2
  37.2800 -24.5400  2
  36.6500 -27.1700  3
  36.5800 -27.1700  2
  36.4300 -27.2100  2
  36.2400 -27.2100  3
  36.1400 -27.2900  2
  35.9500 -27.3700  2
  35.6900 -27.4500  3
  35.6300 -27.4500  2
  35.5000 -27.4500  2
  35.3700 -27.4800  2
  35.1800 -27.9600  3
  35.1500 -28.0000  2
  35.0200 -28.0400  2
  34.8500 -28.1100  2
  34.7300 -28.1500  2
  34.2000 -29.8100  3
  34.0700 -29.9200  2
  33.9400 -29.9600  2
  33.8100 -29.9600  2
  29.3300 -35.1000  3
  29.3700 -35.1000  2
  29.4400 -35.1000  2
  29.6100 -35.0100  2
  29.7400 -34.9300  2
  29.8800 -34.8500  2
  29.9500 -34.8100  2
  30.1500 -34.8000  2
  30.9800 -33.8000  3
  31.1100 -33.7500  2
  31.2500 -33.6700  2
  31.3500 -33.5900  2
  31.4100 -33.5500  2
  32.2400 -33.0500  3
  32.2700 -33.0100  2
  32.4000 -32.8900  2
  32.4400 -32.8900  2
  32.5000 -32.8500  2
  32.6000 -32.8100  2
  32.6000 -32.8100  3
  99.0000   0.0000  3
 92X  99 702  27  58.94   0.00 AN    25 5
  29.7700 -32.8800  3
  29.9100 -32.8400  2
  30.0100 -32.7600  2
  30.1100 -32.7200  2
  30.3800 -32.7100  3
  30.7200 -32.5800  2
  31.0200 -32.2600  3
  31.1500 -32.1800  2
  31.2200 -32.1300  2
  31.3200 -32.0900  2
  31.3800 -32.0500  2
  36.6800 -25.4400  3
  36.5900 -25.4800  2
  36.4300 -25.5200  2
  36.2700 -25.6000  2
  35.4400 -26.6600  3
  35.3100 -26.7000  2
  35.1800 -26.7700  2
  35.0800 -26.8500  2
  34.7900 -27.2100  3
  34.7300 -27.2900  2
  34.5700 -27.3600  2
  34.4000 -28.1500  3
  34.3000 -28.2300  2
  34.1100 -28.3100  2
  34.0100 -28.3500  2
  33.6800 -28.7000  3
  33.5200 -28.7400  2
  33.3900 -28.7800  2
  33.3900 -28.7800  3
  99.0000   0.0000  3
 92X  29 702  50  67.58   0.00 AN    30 4
  36.8800 -23.6300  3
  36.7800 -23.6700  2
  36.6900 -23.6700  2
  36.6500 -23.6700  2
  36.5000 -23.6700  2
  36.4000 -23.6700  2
  36.3100 -23.7000  2
  36.2100 -23.7000  2
  35.6300 -25.0400  3
  35.5700 -25.0800  2
  35.3800 -25.1600  2
  35.2500 -25.2800  2
  35.0900 -25.4700  3
  35.0500 -25.5900  2
  34.9900 -25.7100  2
  34.9200 -25.7900  2
  34.7900 -25.9900  3
  34.7000 -26.1000  2
  34.5700 -26.2200  2
  34.4000 -26.3400  2
  34.2400 -26.5400  3
  34.1400 -26.6500  2
  34.0500 -26.8100  2
  33.8800 -26.9700  2
  33.7200 -27.1200  2
  33.5200 -27.2400  2
  33.2900 -27.3600  2
  33.1300 -27.4000  2
  32.9300 -27.4800  2
  29.4100 -31.7900  3
  29.4400 -31.7900  2
  29.5400 -31.7400  2
  29.6400 -31.6600  2
  29.8500 -31.5800  2
  29.9800 -31.5800  2
  30.3600 -31.3700  3
  30.4900 -31.3700  2
  30.6600 -31.2800  2
  30.8300 -31.2000  2
  30.9900 -31.0800  2
  31.1300 -31.0700  2
  31.2600 -31.0300  2
  31.3600 -30.9900  2
  32.3500 -29.9800  3
  32.4500 -29.9400  2
  32.5100 -29.8900  2
  32.5800 -29.8500  2
  32.6800 -29.7700  2
  99.0000   0.0000  3
 92X 101 702  49  72.46   0.00 AN    32 6
  29.4700 -31.3100  3
  29.5700 -31.2700  2
  29.6400 -31.2300  2
  29.7700 -31.1100  2
  29.8700 -31.0700  2
  30.0400 -30.9400  2
  30.2100 -30.8600  2
  30.4100 -30.7400  2
  30.5100 -30.7000  2
  30.6500 -30.6500  2
  30.7800 -30.5300  2
  30.9500 -30.4900  2
  31.0500 -30.4400  2
  31.1500 -30.4400  2
  31.3500 -30.3600  2
  31.7800 -29.8700  3
  31.8100 -29.9100  2
  31.9400 -29.7900  2
  32.0100 -29.7500  2
  32.1100 -29.6700  2
  32.2400 -29.6300  2
  36.9400 -23.2700  3
  36.9100 -23.2700  2
  36.8100 -23.2700  2
  36.6600 -23.3100  2
  36.5000 -23.3100  2
  36.4000 -23.3500  2
  36.2800 -23.3500  2
  36.1800 -23.3500  2
  35.8600 -24.5300  3
  35.8600 -24.5300  2
  35.6300 -24.5700  2
  35.2500 -24.7700  2
  35.1500 -24.8800  2
  34.7300 -25.5500  3
  34.7300 -25.5900  2
  34.6300 -25.7500  2
  34.4700 -25.8700  2
  34.2100 -26.2600  3
  34.1400 -26.3000  2
  33.9800 -26.4600  2
  33.6200 -26.6100  3
  33.4900 -26.7700  2
  33.3200 -26.8500  2
  33.1900 -26.9300  2
  33.0900 -26.9300  3
  99.0000   0.0000  3
 92X  31 702  42  77.24   0.00 AN    33 1
  36.8100 -22.8400  3
  36.8100 -22.8800  2
  36.7500 -22.8800  2
  36.5300 -22.9200  2
  36.4300 -22.9600  2
  36.3100 -22.9600  2
  36.1500 -23.0000  2
  34.8300 -25.0800  3
  34.8000 -25.0800  2
  34.6700 -25.2000  2
  34.6000 -25.2800  2
  34.1500 -25.8300  3
  34.0800 -25.9000  2
  33.9500 -25.9400  2
  33.8800 -26.0200  2
  33.6200 -26.3000  3
  33.5900 -26.3400  2
  33.5200 -26.4100  2
  33.3600 -26.4500  2
  33.1600 -26.5700  2
  33.0600 -26.6100  2
  29.9600 -30.5100  3
  30.0300 -30.5100  2
  30.2700 -30.3100  2
  30.3300 -30.2300  3
  30.5000 -30.1800  2
  30.7100 -30.2600  3
  30.7400 -30.2200  2
  30.9100 -30.1700  2
  31.0800 -30.1300  2
  31.1800 -30.0500  2
  31.2000 -29.5300  3
  31.2300 -29.4900  2
  31.3000 -29.4500  2
  31.3300 -29.4100  2
  31.3700 -29.3700  2
  31.6000 -29.2500  3
  31.6000 -29.2500  2
  31.7000 -29.2100  2
  31.9000 -29.0800  2
  44.6200 -17.1700  3
  99.0000   0.0000  3
 92X 103 702  42  80.17   0.00 AN   33R 2
  29.3000 -30.0600  3
  29.4100 -30.0100  2
  29.6800 -29.8500  3
  29.8100 -29.8500  2
  30.0200 -29.7200  3
  30.2200 -29.4400  2
  30.7500 -29.0700  3
  30.8200 -29.0300  2
  30.9500 -28.9500  2
  31.1900 -28.8300  2
  31.7800 -28.1800  3
  31.8400 -28.1000  2
  31.9400 -27.9400  2
  32.2600 -27.3800  3
  32.2300 -27.3800  2
  32.3000 -27.3000  2
  32.3300 -27.2600  2
  32.4300 -27.1400  2
  32.5200 -26.7400  3
  32.5800 -26.7000  2
  32.6200 -26.6600  2
  32.7500 -26.5000  2
  36.8800 -22.0500  3
  36.7800 -22.0900  2
  36.7200 -22.1300  2
  36.5900 -22.1700  2
  36.5600 -22.2100  2
  35.8900 -23.1100  3
  35.8600 -23.1100  2
  35.7300 -23.1500  2
  35.6400 -23.2300  2
  34.7700 -24.2100  3
  34.6400 -24.2900  2
  34.5100 -24.3300  2
  34.1100 -25.0000  3
  34.0800 -25.0000  2
  34.0500 -25.2300  2
  33.8200 -25.3500  2
  33.6200 -25.4300  2
  33.3900 -25.5900  2
  99.0000   0.0000  3
 92X  33 702  50  84.00   0.00 AN    34 3
  36.4700 -21.7700  3
  36.4400 -21.7700  2
  36.2500 -21.8500  2
  36.1200 -21.9300  2
  35.9900 -22.5200  3
  35.9900 -22.5200  2
  35.8000 -22.5200  2
  35.6400 -22.5600  2
  35.2500 -23.2700  3
  35.1900 -23.3100  2
  35.1200 -23.3500  2
  35.0300 -23.4200  2
  34.7700 -23.5400  3
  34.7700 -23.5800  2
  34.7400 -23.5400  3
  34.6100 -23.6200  2
  34.5100 -23.7000  2
  34.4800 -23.7400  2
  34.0800 -24.5600  3
  34.0500 -24.5600  2
  33.9800 -24.6000  2
  33.5600 -24.7600  3
  33.4900 -24.8400  2
  33.3600 -24.9200  2
  32.9600 -25.6200  3
  32.8600 -25.7400  2
  32.7600 -25.7000  2
  32.7700 -25.7500  3
  32.7000 -25.8300  2
  32.4100 -26.0700  2
  32.3800 -26.3900  3
  32.3500 -26.4300  2
  32.2100 -26.5100  2
  32.1800 -26.5500  2
  32.0200 -26.6800  3
  31.9900 -26.7600  2
  31.8900 -26.8000  2
  31.8200 -26.8800  2
  31.8600 -27.1900  3
  31.8000 -27.2700  2
  31.7000 -27.3200  2
  31.2800 -28.2700  3
  31.2100 -28.3100  2
  30.9400 -28.4000  2
  30.9400 -28.4400  2
  30.8400 -28.4800  2
  30.7100 -28.5200  2
  30.5100 -28.6100  2
  99.0000   0.0000  3
 92X  87 702 136  84.00   0.00 TA 000   2
  34.2600 -31.2100  3
  34.2600 -31.2100  2
  34.2600 -31.1900  2
  34.2400 -31.1000  2
  34.2300 -31.0500  2
  34.2000 -30.9800  2
  34.1900 -30.9000  2
  34.1400 -30.7300  2
  34.1200 -30.6600  2
  34.0800 -30.4800  2
  34.0500 -30.3500  2
  34.0200 -30.2400  2
  34.0200 -30.2200  2
  34.0200 -30.2100  2
  34.0200 -30.1900  2
  33.6500 -30.3600  3
  33.6500 -30.3100  2
  33.6500 -30.2100  2
  33.6500 -30.1600  2
  33.6500 -30.0700  2
  33.6400 -29.8800  2
  33.6400 -29.7800  2
  33.6500 -29.6700  2
  33.6500 -29.5300  2
  33.6500 -29.3100  2
  33.6400 -29.1800  2
  33.6400 -29.0600  2
  33.6400 -28.9500  2
  33.6600 -28.7200  2
  33.6600 -28.5600  2
  33.6600 -28.3400  2
  33.6600 -28.3100  2
  33.6700 -28.2000  2
  33.6700 -28.0900  2
  33.6800 -27.9100  2
  33.7200 -27.7400  2
  33.7400 -27.6200  2
  33.7600 -27.5800  2
  33.8000 -27.4500  2
  33.8400 -27.3200  2
  33.8600 -27.2300  2
  33.9100 -27.0300  2
  33.9400 -26.9100  2
  33.9400 -26.7900  2
  33.9500 -26.6900  2
  33.9500 -26.4500  2
  33.9500 -26.3600  2
  33.9500 -26.2300  2
  33.9500 -26.1200  2
  33.9400 -30.2200  3
  33.9400 -30.1800  2
  33.9400 -30.1000  2
  33.9500 -30.0200  2
  33.9400 -29.8900  2
  33.9500 -29.7900  2
  33.9500 -29.5700  2
  33.9500 -29.4600  2
  33.9600 -29.3200  2
  33.9600 -29.0700  2
  33.9600 -28.9400  2
  33.9600 -28.6800  2
  33.9600 -28.5200  2
  33.9600 -28.3600  2
  33.9600 -28.2000  2
  33.9700 -28.0600  2
  33.9700 -27.9700  2
  33.9700 -27.8700  2
  33.9800 -27.7900  2
  34.0000 -27.7200  2
  34.0100 -27.6600  2
  34.0700 -27.4800  2
  34.0900 -27.3900  2
  34.1000 -27.3100  2
  34.1200 -27.2000  2
  34.1400 -27.1300  2
  34.1500 -27.0500  2
  34.1800 -26.9500  2
  34.2000 -26.8700  2
  34.2100 -26.8100  2
  34.2300 -26.6400  2
  34.2300 -26.4300  2
  34.2300 -26.3200  2
  34.2300 -26.0900  2
  34.2300 -26.0200  2
  34.2600 -30.1200  3
  34.2700 -30.1000  2
  34.2700 -30.0800  2
  34.2600 -29.9700  2
  34.2600 -29.8600  2
  34.2600 -29.7600  2
  34.2700 -29.5400  2
  34.2700 -29.4100  2
  34.2800 -29.2600  2
  34.2800 -29.1300  2
  34.2800 -28.9500  2
  34.2800 -28.6300  2
  34.2900 -28.3400  2
  34.2900 -28.1000  2
  34.3000 -27.8500  2
  34.3000 -27.7400  2
  34.3000 -27.6300  2
  34.3500 -27.4700  2
  34.3700 -27.3700  2
  34.4000 -27.2300  2
  34.4500 -27.0500  2
  34.4700 -26.9900  2
  34.4900 -26.8700  2
  34.5100 -26.7900  2
  34.5300 -26.7300  2
  34.5400 -26.6800  2
  34.5400 -26.6500  2
  34.5400 -26.4900  2
  34.5500 -26.3900  2
  34.5600 -26.2400  2
  34.5600 -26.1500  2
  34.5500 -26.0700  2
  34.5500 -25.9900  2
  34.4900 -29.8700  3
  34.5000 -29.7700  2
  34.4900 -29.6500  2
  34.4900 -29.5100  2
  34.4900 -29.3900  2
  34.4900 -29.2700  2
  34.4900 -29.1500  2
  34.4900 -29.0100  2
  34.5000 -28.8500  2
  34.5000 -28.7200  2
  34.5000 -28.6200  2
  34.5100 -28.3500  2
  34.5100 -28.2000  2
  34.5200 -28.0800  2
  34.5200 -27.9400  2
  34.5200 -27.7500  2
  34.5200 -27.6800  2
  34.5200 -27.6200  2
  34.5200 -27.6000  3
  99.0000   0.0000  3
 92X 114 702  27 138.00   0.00 TA 000   3
  33.0400 -16.0100  3
  33.0500 -16.1300  2
  33.0800 -16.2900  2
  33.0900 -16.5200  2
  33.1300 -16.8000  2
  33.1300 -16.9900  2
  33.1300 -17.1500  2
  33.2700 -17.5000  2
  33.3400 -17.7400  2
  33.4500 -18.0900  2
  33.4900 -18.4400  2
  33.5600 -18.8300  2
  33.6300 -19.1500  2
  33.7000 -19.4200  2
  33.7400 -19.8500  2
  33.8800 -20.1300  2
  33.9500 -20.3600  2
  34.0500 -20.6700  2
  34.0900 -20.9100  2
  34.1600 -21.3400  2
  34.2300 -21.5300  2
  34.2700 -21.8900  2
  34.3400 -22.1200  2
  34.3800 -22.3200  2
  34.4100 -22.4400  2
  34.4500 -22.5900  2
  34.4500 -22.5900  3
  99.0000   0.0000  3
 92X  34 702  61 118.35   0.00 AN    M0 4
  37.3400 -14.0900  3
  37.3000 -14.1300  2
  37.1500 -14.2100  2
  37.0200 -14.3300  2
  36.8600 -14.4100  2
  36.7100 -14.5600  3
  36.6700 -14.6000  2
  36.5200 -14.6800  2
  36.3600 -14.8000  2
  36.3600 -15.0800  3
  36.2900 -15.2300  2
  36.1300 -15.3500  2
  36.0100 -15.5100  2
  35.8800 -15.7000  3
  35.8100 -15.7800  2
  35.6900 -15.9000  2
  35.5600 -16.1400  3
  35.5200 -16.1800  2
  35.4600 -16.1800  2
  33.2800 -18.1400  3
  33.1800 -18.1800  2
  32.8500 -18.3300  2
  32.4800 -18.6100  2
  32.3800 -18.6500  2
  32.1500 -18.7700  2
  32.0100 -18.8400  2
  31.7100 -19.0800  2
  31.5100 -19.2000  2
  31.3100 -19.3200  2
  31.2100 -19.3900  2
  31.0400 -19.5900  2
  27.2900 -22.8600  3
  27.3900 -22.8200  2
  27.5700 -22.7700  2
  27.6000 -22.7300  2
  27.9400 -22.4900  3
  27.9800 -22.4900  2
  28.0100 -22.4900  2
  28.2600 -22.4000  2
  28.3600 -22.3200  3
  28.4900 -22.2000  2
  28.9700 -21.9900  3
  29.0700 -21.8700  2
  29.1800 -21.8300  2
  29.1000 -21.4300  3
  29.1700 -21.3900  2
  29.3700 -21.1900  2
  29.5100 -21.1100  2
  29.6100 -21.0300  2
  30.3500 -20.3400  3
  30.3400 -20.3000  2
  30.3800 -20.2600  2
  30.5500 -20.1300  2
  30.6800 -20.0100  2
  30.8100 -19.9300  3
  30.8100 -19.8900  2
  30.9800 -19.6900  2
  31.0100 -19.6100  2
  31.0100 -19.5700  2
  99.0000   0.0000  3
 92X  35 702  48 125.91   0.00 AN    M4 2
  33.7700 -17.0800  3
  33.6400 -17.0800  2
  33.5800 -17.1500  2
  32.9500 -17.7000  3
  32.8800 -17.7000  2
  32.7200 -17.7800  2
  32.3800 -17.8600  2
  32.1800 -17.9400  2
  32.0200 -18.0200  2
  31.8500 -18.1300  2
  31.5800 -18.2900  2
  31.3500 -18.4100  2
  31.2400 -18.4900  2
  31.1100 -18.6100  2
  30.9700 -18.6800  2
  30.8600 -18.6700  3
  30.8200 -18.7100  2
  30.7600 -18.8300  2
  30.5200 -19.0700  3
  30.4300 -19.2700  2
  30.1300 -19.6700  2
  29.9900 -19.7900  2
  29.8600 -20.1500  3
  29.8300 -20.1900  2
  29.7000 -20.2800  2
  29.6300 -20.3600  2
  29.5300 -20.4800  2
  29.1900 -20.7200  3
  29.1200 -20.8800  2
  29.0600 -20.9600  2
  28.9900 -21.0400  2
  28.8600 -21.2000  2
  28.8600 -21.2000  2
  28.7900 -21.2800  2
  28.4400 -21.4100  3
  28.3100 -21.5300  2
  28.1400 -21.5800  2
  28.0000 -21.6600  2
  27.8300 -21.7800  2
  27.5500 -21.9500  2
  27.3100 -22.1100  2
  27.0700 -22.2700  2
  26.9600 -22.3500  2
  26.9300 -22.3600  2
  26.8900 -22.3600  2
  26.8600 -22.4000  2
  26.8600 -22.3600  3
  99.0000   0.0000  3
 92X 107 702  50 130.01   0.00 AN   M10 2
  26.7500 -22.1200  3
  27.1000 -22.0000  2
  27.0900 -21.8400  2
  27.1600 -21.7600  2
  27.2000 -21.7600  2
  27.2300 -21.6800  2
  27.9500 -21.2300  3
  27.9900 -21.2300  2
  28.0900 -21.1800  2
  28.1600 -21.1800  2
  28.2000 -21.1400  2
  28.8400 -20.4500  3
  28.8700 -20.4500  2
  28.9400 -20.4100  2
  29.0800 -20.2900  2
  29.1100 -20.2500  2
  29.8200 -19.4800  3
  29.8500 -19.4000  2
  29.8800 -19.2900  2
  29.9800 -19.1300  2
  30.3800 -18.6000  3
  30.4800 -18.5600  2
  30.4800 -18.5200  2
  30.5800 -18.4400  2
  34.3300 -16.2500  3
  34.3000 -16.2100  2
  34.1700 -16.2500  2
  34.1000 -16.2500  2
  33.9700 -16.2900  2
  33.7700 -16.3300  2
  33.6100 -16.8000  3
  33.5400 -16.8800  2
  33.4800 -16.9200  2
  33.3800 -17.0000  2
  33.2500 -17.0800  2
  32.8800 -17.3100  3
  32.7200 -17.3900  2
  32.4800 -17.4300  2
  32.3200 -17.5100  2
  32.1800 -17.5100  2
  31.9200 -17.6600  3
  31.8500 -17.7400  2
  31.7800 -17.7400  2
  31.3800 -17.9800  3
  31.3500 -18.0100  2
  31.2800 -18.0900  2
  31.1400 -18.1700  2
  31.0400 -18.2100  2
  99.0000   0.0000  3
 92X 108 702  56 141.53   0.00 AN   M16 3
  26.7600 -21.0600  3
  26.8000 -21.0600  2
  26.8700 -21.0600  2
  26.9400 -21.0200  2
  27.0400 -20.9700  2
  27.5900 -20.6000  3
  27.6300 -20.6000  2
  27.7700 -20.5600  2
  27.8000 -20.5600  2
  27.9400 -20.5200  2
  28.0400 -20.4800  2
  28.1500 -20.4300  2
  28.1100 -20.2400  3
  28.2100 -20.2300  2
  28.3900 -20.1900  2
  28.3900 -20.1900  2
  28.4900 -20.1500  2
  29.4000 -19.3400  3
  29.4700 -19.2600  2
  29.5000 -19.1800  2
  29.5400 -19.0600  2
  29.6400 -18.9800  2
  29.6400 -18.9400  2
  29.6700 -18.9000  2
  29.7400 -18.8200  2
  30.1700 -18.1000  3
  30.2000 -18.1300  2
  30.2300 -18.0500  2
  30.3300 -17.9300  2
  30.4300 -17.8500  2
  30.5300 -17.7700  2
  30.6000 -17.6900  2
  30.7000 -17.6500  2
  34.1000 -15.7400  3
  34.0000 -15.7800  2
  33.8400 -15.8600  2
  33.7100 -15.8900  2
  33.4500 -16.1700  3
  33.4100 -16.1700  2
  33.2500 -16.2100  2
  33.1800 -16.2900  2
  33.0200 -16.4000  3
  32.9200 -16.4800  2
  32.7200 -16.4800  2
  32.5500 -16.5200  2
  32.2900 -16.6000  2
  32.1200 -16.6800  2
  31.8900 -16.7900  2
  31.7200 -16.9100  2
  31.6200 -16.9500  2
  31.4500 -17.0700  3
  31.4500 -17.1100  2
  31.3100 -17.1500  2
  31.2100 -17.1900  2
  31.1100 -17.2700  3
  99.0000   0.0000  3
 92X  38 702  53 149.65   0.00 AN   M21 2
  34.6300 -14.3600  3
  34.5000 -14.3200  2
  34.3000 -14.5200  2
  33.8800 -14.9500  3
  33.8800 -14.9900  2
  33.7100 -15.0700  2
  33.5100 -15.1500  2
  33.0500 -15.5800  3
  32.8900 -15.6200  2
  32.7900 -15.6200  2
  32.5900 -15.6500  2
  32.3900 -15.5800  2
  32.2200 -15.6900  2
  31.9500 -15.8500  2
  31.5500 -16.2800  3
  31.4200 -16.3600  2
  31.2800 -16.4400  2
  31.1500 -16.4800  2
  31.0500 -16.7500  3
  30.9100 -16.8300  2
  30.8100 -16.9100  2
  26.8200 -20.2300  3
  26.9200 -20.2300  2
  27.0600 -20.1800  2
  27.1000 -20.1800  2
  27.2600 -19.8300  3
  27.3700 -19.7800  2
  27.3700 -19.7800  2
  27.5400 -19.7000  2
  27.6500 -19.7000  2
  27.8200 -19.6500  2
  27.9900 -19.5700  2
  28.5100 -19.3200  3
  28.5400 -19.3200  2
  28.6100 -19.2800  2
  28.7100 -19.2400  2
  28.9200 -19.0700  2
  28.9800 -18.9900  3
  29.0200 -18.9900  2
  29.0500 -18.9100  2
  29.1500 -18.8300  2
  29.4900 -18.4300  3
  29.5200 -18.4300  2
  29.5500 -18.3100  2
  29.6200 -18.1500  2
  29.6800 -17.9500  2
  29.7500 -17.8300  2
  29.9900 -17.5900  2
  30.1500 -17.3900  2
  30.2200 -17.3500  2
  30.4200 -17.1800  2
  99.0000   0.0000  3
 92X  39 702  47 156.42   0.00 AN   M25 6
  34.0700 -13.5300  3
  34.1400 -13.5700  2
  33.9800 -13.5700  2
  33.6200 -13.8500  3
  33.5200 -13.8400  2
  33.3900 -13.8800  2
  33.2500 -13.9200  2
  33.1200 -13.9600  2
  32.9600 -14.1200  2
  32.7600 -14.0800  3
  32.7200 -14.0800  2
  32.5900 -14.2000  2
  32.1900 -14.2700  3
  32.0900 -14.3100  2
  31.9900 -14.3500  2
  31.9200 -14.3900  2
  31.3200 -14.9400  3
  31.2500 -14.9800  2
  31.1500 -15.0200  2
  30.7100 -15.3700  3
  30.6400 -15.4500  2
  30.5400 -15.6100  2
  26.6800 -18.9700  3
  26.7900 -18.9700  2
  26.9300 -18.8500  2
  27.0700 -18.7300  2
  27.1300 -18.5700  2
  27.2700 -18.2900  2
  27.3700 -18.1700  2
  27.7900 -18.0400  3
  27.8200 -18.0400  2
  27.9200 -17.9600  2
  28.2000 -17.7900  2
  28.8900 -17.5400  3
  28.9500 -17.4600  2
  28.9500 -17.3400  2
  29.0200 -17.1000  2
  29.1500 -16.9400  2
  29.2800 -16.7800  2
  29.5200 -16.5400  2
  29.5900 -16.5000  2
  29.6900 -16.4100  2
  29.7500 -16.2200  2
  29.8900 -16.0500  2
  29.9200 -15.9700  2
  29.9900 -15.9300  3
  99.0000   0.0000  3
 92X 111 702  40 156.42   0.00 AN MX0   7
  18.3200 -17.0100  3
  18.4300 -16.9700  2
  18.5000 -16.9700  2
  18.5400 -16.9600  2
  18.7600 -16.9600  2
  20.5900 -17.2300  3
  20.6600 -17.2300  2
  20.8100 -17.2300  2
  20.9600 -17.2200  2
  22.8900 -17.1400  3
  23.0000 -17.0500  2
  23.0700 -17.0100  2
  23.8200 -16.6000  3
  23.8900 -16.5200  2
  24.0000 -16.4000  2
  24.1700 -16.2000  2
  24.1700 -16.0000  3
  24.2400 -15.9200  2
  24.3800 -15.8400  2
  24.4600 -16.0700  3
  24.4600 -16.0700  2
  27.9900 -14.4100  3
  28.0300 -14.3700  2
  28.1000 -14.3300  2
  28.1300 -14.2900  2
  28.3300 -14.1200  2
  29.5900 -13.2600  3
  29.5900 -13.2600  2
  29.6300 -13.2200  2
  29.7900 -13.0600  2
  29.9000 -13.0200  3
  29.9600 -12.9400  2
  30.0000 -12.9000  2
  30.1000 -12.8200  2
  30.6300 -12.2900  3
  30.7000 -12.2100  2
  30.8000 -12.0900  2
  30.9000 -12.0100  2
  31.0300 -11.8900  2
  44.3100  21.8200  3
  99.0000   0.0000  3
 708  72 702 128 175.00   0.00 MA 000   4
  29.4800 -12.1100  3
  29.5500 -12.0700  2
  29.5900 -12.0400  2
  29.6300 -12.0000  2
  29.6700 -11.9600  2
  29.7400 -11.9100  2
  29.7500 -11.8900  2
  29.7800 -11.8300  2
  29.8100 -11.8100  2
  29.8500 -11.7500  2
  29.8900 -11.7100  2
  29.9200 -11.6600  2
  29.9500 -11.6200  2
  29.9900 -11.5800  2
  30.0200 -11.5600  2
  30.0400 -11.5200  2
  30.0600 -11.4900  2
  30.1000 -11.4500  2
  30.1400 -11.4100  2
  30.1800 -11.3800  2
  30.2300 -11.3400  2
  30.2700 -11.3000  2
  30.3200 -11.2500  2
  30.3900 -11.1900  2
  30.4300 -11.1500  2
  30.4800 -11.1300  2
  30.5400 -11.0800  2
  30.5900 -11.0300  2
  30.6400 -11.0000  2
  30.7200 -10.9600  2
  30.7600 -10.9400  2
  30.8200 -10.9300  2
  30.8600 -10.9100  2
  30.9300 -10.9000  2
  30.9900 -10.9000  2
  31.0200 -10.9000  2
  31.0600 -10.8900  2
  31.1200 -10.9000  2
  31.1600 -10.9000  2
  31.2000 -10.9000  2
  31.2300 -10.9100  2
  31.2700 -10.9200  2
  31.3100 -10.9300  2
  31.3600 -10.9400  2
  31.4000 -10.9600  2
  31.4400 -10.9600  2
  31.4900 -10.9700  2
  31.5200 -10.9700  2
  31.5600 -10.9600  2
  31.6200 -10.9500  2
  31.6500 -10.9300  2
  31.7000 -10.9200  2
  31.7700 -10.9000  2
  31.8200 -10.9000  2
  31.8500 -10.8900  2
  31.8900 -10.8800  2
  31.9700 -10.8800  2
  32.0200 -10.8700  2
  32.0700 -10.8700  2
  32.1100 -10.8700  2
  32.1400 -10.8700  2
  32.1800 -10.8700  2
  32.2100 -10.8700  2
  32.2300 -10.8600  2
  32.2900 -10.8700  2
  32.3400 -10.8600  2
  32.3600 -10.8500  2
  32.3800 -10.8200  2
  32.4200 -10.7700  2
  32.4200 -10.7700  2
  32.4500 -10.7300  2
  32.4900 -10.6900  2
  32.5300 -10.6600  2
  32.5500 -10.6200  2
  32.5700 -10.6000  2
  32.6300 -10.5400  2
  32.7000 -10.5000  2
  32.7600 -10.4700  2
  32.8100 -10.4500  2
  32.8400 -10.4500  2
  32.9000 -10.4400  2
  32.9600 -10.4400  2
  33.0000 -10.4300  2
  33.0800 -10.4000  2
  33.1700 -10.3600  2
  33.2100 -10.3100  2
  33.2400 -10.2800  2
  33.3100 -10.2300  2
  33.3600 -10.1900  2
  33.3900 -10.1500  2
  33.4400 -10.0900  2
  33.4800 -10.0400  2
  33.5100 -10.0100  2
  33.5500  -9.9800  2
  33.6000  -9.9500  2
  33.6100  -9.9300  2
  33.6400  -9.9100  2
  33.7000  -9.8800  2
  33.7100  -9.8700  2
  33.7700  -9.8400  2
  33.8200  -9.8300  2
  33.8700  -9.8100  2
  33.9100  -9.7900  2
  33.9600  -9.7600  2
  34.0100  -9.7400  2
  34.0600  -9.7000  2
  34.0900  -9.6800  2
  34.1400  -9.6500  2
  34.1700  -9.6300  2
  34.2100  -9.6000  2
  34.2500  -9.5700  2
  34.2800  -9.5600  2
  34.3400  -9.5200  2
  34.3700  -9.4800  2
  34.4000  -9.4600  2
  34.4500  -9.4000  2
  34.5200  -9.3300  2
  34.5400  -9.3300  2
  34.5700  -9.3000  2
  34.5800  -9.2900  2
  34.6000  -9.2800  2
  34.6200  -9.2600  2
  34.6700  -9.2200  2
  34.7000  -9.1900  2
  34.7400  -9.1500  2
  34.7700  -9.1200  2
  34.7800  -9.1000  2
  34.7800  -9.1000  3
  99.0000   0.0000  3
 92X 113 702  32 175.00   0.00 TA 000   4
  33.0500 -16.0500  3
  33.0800 -16.0100  2
  33.1400 -15.8100  2
  33.1000 -15.6500  2
  33.1000 -15.5000  2
  33.1000 -15.2600  2
  33.0500 -14.7100  2
  32.9500 -14.3200  2
  32.9400 -14.0000  2
  32.9000 -13.5700  2
  32.8300 -13.2200  2
  32.7600 -12.9800  2
  32.6500 -12.6300  2
  32.5400 -12.0800  2
  32.4300 -11.6100  2
  33.0500 -16.0500  3
  33.0800 -16.0100  2
  33.1400 -15.8100  2
  33.1000 -15.6500  2
  33.1000 -15.5000  2
  33.1000 -15.2600  2
  33.0500 -14.7100  2
  32.9500 -14.3200  2
  32.9400 -14.0000  2
  32.9000 -13.5700  2
  32.8300 -13.2200  2
  32.7600 -12.9800  2
  32.6500 -12.6300  2
  32.5400 -12.0800  2
  32.4300 -11.6100  2
  99.0000   0.0000  3
 92X 112 702  57 240.00   0.00 SS 000   4
  32.5100  -0.1100  3
  32.5200  -0.3000  2
  32.4800  -0.3800  2
  32.4200  -0.5800  2
  32.3900  -0.7000  2
  32.3600  -0.9000  2
  32.3300  -1.1000  2
  32.3000  -1.2500  2
  32.2400  -1.6500  2
  32.2400  -1.7300  2
  32.2500  -1.9300  2
  32.2500  -2.1200  2
  32.2500  -2.2800  2
  32.2900  -2.4800  2
  32.3300  -2.6300  2
  32.3600  -2.7900  2
  32.4000  -2.9500  2
  32.4400  -3.0600  2
  32.3700  -3.3000  2
  32.3100  -3.4600  2
  32.2500  -3.5800  2
  32.1500  -3.9000  2
  32.1600  -4.1700  2
  32.1300  -4.3300  2
  32.1300  -4.4100  2
  32.0300  -4.6500  2
  31.8100  -5.1700  2
  31.7500  -5.4100  2
  31.6200  -5.6900  2
  31.5900  -5.7700  2
  31.4600  -6.2000  2
  31.3900  -6.3200  2
  31.3600  -6.4400  2
  31.2700  -6.6800  2
  31.3000  -6.8000  2
  31.2700  -7.0300  2
  31.1800  -7.2700  2
  31.0100  -7.6300  2
  30.9800  -7.7100  2
  30.9500  -7.7900  2
  30.8200  -8.1100  2
  30.7500  -8.1500  2
  30.6900  -8.3100  2
  30.6300  -8.5100  2
  30.5600  -8.6300  2
  30.4300  -8.9900  2
  30.4000  -9.0300  2
  30.3300  -9.1500  2
  30.2700  -9.3900  2
  30.2400  -9.5000  2
  30.2000  -9.5800  2
  30.1100  -9.7800  2
  30.0400  -9.9400  2
  29.9800 -10.1400  2
  29.9400 -10.2200  2
  29.9800 -10.3000  2
  99.0000   0.0000  3
 7XX 999 702  19 580.00   0.00 GR 000   7
  34.9800  -5.6600  3
  34.9400  -5.2300  2
  34.9500  -4.6600  2
  35.7400  -5.1900  3
  34.9800  -5.1500  2
  34.2500  -5.1000  2
  35.0400  -0.5100  3
  34.9600  -0.1600  2
  34.9700   0.4900  2
  35.7100  -0.0900  3
  34.9400  -0.0800  2
  34.2900  -0.0900  2
  35.0000   4.4200  3
  35.0000   4.8800  2
  34.9700   5.5300  2
  35.6900   4.9200  3
  34.9800   4.8500  2
  34.3100   4.8400  2
  28.9200  27.3600  3
  99.0000   0.0000  3
 70X 100 702 900 600.00   0.00 CS 000   7
  35.1000  -1.9500  3
  35.1100  -1.8100  2
  35.1800  -1.5700  2
  35.3100  -1.2800  2
  35.4600  -1.1400  2
  35.6600  -0.9600  2
  35.7700  -0.7600  2
  35.7900  -0.5800  2
  35.7700  -0.4700  2
  35.8400  -0.3500  2
  35.9200  -0.2600  2
  35.8400  -0.0600  2
  35.9200   0.1400  2
  36.0600   0.2500  2
  36.1800   0.3800  2
  36.2300   0.4900  2
  36.2600   0.6400  2
  36.3400   0.7800  2
  36.3900   0.8300  2
  36.4400   1.0100  2
  36.5300   1.3300  2
  36.5800   1.5500  2
  36.5900   1.8400  2
  36.6200   2.2400  2
  36.6500   2.5100  2
  36.6400   2.7400  2
  36.7200   2.9200  2
  36.8300   3.0900  2
  36.8000   3.2100  2
  36.8000   3.2900  2
  36.8200   3.4000  2
  36.8200   3.4300  2
  36.8000   3.4900  2
  36.7900   3.5300  2
  36.8200   3.7000  2
  36.8900   3.8600  2
  36.9300   3.9900  2
  36.9200   4.1300  2
  36.9200   4.2800  2
  36.9300   4.4300  2
  36.9400   4.5500  2
  36.9200   4.7000  2
  36.9200   4.8500  2
  36.9100   4.9700  2
  36.9000   5.0000  2
  28.5500 -16.1800  3
  28.5600 -16.2500  2
  28.4500 -16.4100  2
  28.3700 -16.6000  2
  28.3200 -16.8000  2
  28.1500 -16.7500  2
  28.0100 -16.6000  2
  28.0800 -16.4100  2
  28.3000 -16.3500  2
  28.4200 -16.1700  2
  28.5000 -16.1000  2
  28.5300 -16.1200  2
  28.5500 -16.1800  2
  28.1500 -15.6100  3
  28.0800 -15.6600  2
  27.9400 -15.7400  2
  27.8500 -15.7400  2
  27.7600 -15.7300  2
  27.7100 -15.6500  2
  27.7200 -15.5000  2
  27.7700 -15.3900  2
  27.8300 -15.3400  2
  27.8900 -15.3200  2
  28.0400 -15.3200  2
  28.0900 -15.3600  2
  28.1300 -15.5200  2
  28.1500 -15.6100  2
  28.6900 -13.8100  3
  28.7200 -13.8200  2
  28.7100 -13.9100  2
  28.5700 -14.0000  2
  28.4500 -14.0500  2
  28.3400 -14.1400  2
  28.2400 -14.2000  2
  28.1500 -14.1800  2
  28.0800 -14.3200  2
  28.1200 -14.2000  2
  28.2000 -13.9600  2
  28.3100 -13.8600  2
  28.4400 -13.8100  2
  28.5500 -13.8100  2
  28.6900 -13.8100  2
  29.1800 -13.3800  3
  29.1900 -13.4500  2
  29.1200 -13.4900  2
  29.0900 -13.5800  2
  29.0300 -13.6900  2
  28.9500 -13.7500  2
  28.8600 -13.7800  2
  28.8800 -13.7000  2
  28.9100 -13.5800  2
  28.9600 -13.5000  2
  29.0500 -13.4300  2
  29.1800 -13.3800  2
  30.2300  -9.6100  3
  30.3800  -9.6300  2
  30.5000  -9.7000  2
  30.6700  -9.8100  2
  30.8400  -9.7600  2
  31.0600  -9.7600  2
  31.2700  -9.7500  2
  31.3900  -9.7200  2
  31.5400  -9.6200  2
  31.6900  -9.5100  2
  31.8500  -9.4000  2
  31.9100  -9.4000  2
  32.0300  -9.1700  2
  32.0300  -9.1700  2
  32.0000  -9.2100  2
  32.0500  -9.1900  2
  32.1700  -9.1200  2
  32.3600  -9.0400  2
  32.5300  -9.0700  2
  32.7000  -8.9000  2
  32.9300  -8.6600  2
  33.1500  -8.5000  2
  33.2900  -8.3200  2
  33.4100  -8.0200  2
  33.5000  -7.7300  2
  33.5800  -7.4900  2
  33.7000  -7.2300  2
  33.8100  -7.0100  2
  33.9300  -6.8100  2
  34.1200  -6.6100  2
  34.3800  -6.4800  2
  34.6000  -6.2800  2
  34.8500  -6.1700  2
  35.1000  -6.0800  2
  35.3200  -5.9800  2
  35.5700  -5.8600  2
  35.6600  -5.1300  3
  35.5400  -5.0100  2
  35.4300  -4.8800  2
  35.3900  -4.8100  2
  35.3000  -4.6400  2
  35.2100  -4.4800  2
  35.1700  -4.2900  2
  35.2200  -4.0700  2
  35.2900  -3.8500  2
  35.2600  -3.7200  2
  35.2700  -3.5700  2
  35.2600  -3.3800  2
  35.2700  -3.2500  2
  35.2800  -3.0800  2
  35.3200  -2.9500  2
  35.2600  -2.8100  2
  35.1700  -2.6600  2
  35.1200  -2.4800  2
  35.1400  -2.2800  2
  35.1000  -1.9500  2
  36.9000   5.0000  3
  36.8600   5.0400  2
  36.8300   5.1000  2
  36.7800   5.1700  2
  36.7200   5.3600  2
  36.7700   5.5600  2
  36.8400   5.7300  2
  36.8800   6.0300  2
  36.9500   6.2200  2
  37.1300   6.3800  2
  37.0700   6.6000  2
  36.9900   6.7500  2
  36.9900   6.8500  2
  36.9400   7.0200  2
  37.0000   7.2300  2
  37.1100   7.3300  2
  37.0400   7.5600  2
  37.0100   7.7000  2
  36.9000   7.8600  2
  36.9300   8.0800  2
  36.9800   8.2200  2
  36.9500   8.3400  2
  36.9400   8.4800  2
  36.9500   8.5800  2
  36.9800   8.7200  2
  36.9800   8.7200  3
  37.0100   8.7900  2
  37.0700   8.8500  2
  37.1600   9.0000  2
  37.2500   9.2300  2
  37.3100   9.4300  2
  37.3400   9.6700  2
  99.0000   0.0000  3
 70X 502 702 114 190.00   0.00 NO 000   6
  34.6400  -6.9900  3
  34.5200  -7.4300  2
  34.3700  -7.8100  2
  34.1700  -8.2700  2
  34.0200  -8.6000  2
  33.8000  -8.9700  2
  33.6000  -9.2600  2
  33.3500  -9.5300  2
  33.0200  -9.6000  2
  32.7200  -9.6600  2
  32.3700  -9.7900  2
  32.0600  -9.9900  2
  31.7100 -10.0900  2
  31.3200 -10.1300  2
  31.0200 -10.1100  2
  30.8200 -10.0500  2
  30.6700  -9.9400  2
  30.5800  -9.7900  2
  31.9100  -9.4000  3
  31.7400  -9.2500  2
  31.5700  -9.1500  2
  31.4300  -9.0600  2
  31.3200  -8.9800  2
  31.1900  -8.8600  3
  31.2900  -8.5200  2
  31.2900  -8.2800  2
  31.2400  -8.1700  2
  31.4700  -7.8100  3
  31.5800  -7.6700  2
  31.7300  -7.5500  2
  31.7900  -7.2700  2
  32.0600  -8.2700  3
  32.0700  -7.9000  2
  32.1600  -7.5900  2
  32.2100  -7.2800  2
  32.1700  -7.0400  3
  32.2600  -6.8200  2
  32.3000  -6.5800  2
  32.3800  -6.4000  2
  32.5000  -6.2700  2
  32.6700  -6.1100  2
  32.8700  -5.8200  2
  33.0400  -5.6300  2
  33.1700  -5.4100  2
  33.2700  -5.2100  2
  33.4300  -4.9600  2
  33.5500  -4.7600  2
  33.8100  -4.4900  2
  33.9400  -4.3200  2
  34.1300  -4.0800  2
  34.3100  -3.9000  2
  34.4300  -3.6100  2
  34.4500  -3.2800  2
  34.4500  -2.9300  2
  34.5100  -2.6900  2
  34.6000  -2.4700  2
  34.6400  -2.3000  2
  34.7100  -2.1000  2
  34.8000  -1.8800  2
  34.8700  -1.7000  2
  34.9900  -1.5000  2
  35.0600  -1.3700  2
  35.2000  -0.4800  3
  35.1100  -0.8100  2
  35.0500  -0.9500  2
  34.9200  -0.8300  3
  34.7700  -1.1900  2
  34.6500  -1.4500  2
  34.4700  -1.7900  2
  34.3400  -2.3400  2
  34.2500  -2.7500  2
  34.1400  -3.1600  2
  33.9900  -3.5000  2
  33.7500  -3.8100  2
  33.5400  -4.0300  2
  33.3300  -4.3900  2
  33.1900  -4.7600  2
  33.0300  -5.0400  2
  32.8700  -5.3000  2
  32.7800  -5.4000  2
  32.5700  -5.6300  3
  32.6500  -5.0800  2
  32.6900  -4.5500  2
  32.7400  -4.0600  2
  32.7700  -3.6600  2
  32.8200  -3.3600  2
  33.0000  -3.0800  2
  33.1200  -2.9200  2
  33.0200  -2.8600  3
  32.8500  -3.0200  2
  32.7900  -3.0900  2
  32.7700  -2.9900  3
  32.8100  -2.5400  2
  32.8300  -2.2600  2
  32.8500  -1.7700  2
  32.8800  -1.5100  2
  33.0600  -1.2000  2
  33.3200  -0.8900  2
  33.6900  -0.5700  2
  33.9400  -0.3600  2
  34.0100  -0.0400  2
  34.0100   0.2800  2
  34.0100   0.5000  2
  34.0700   0.6700  2
  34.2100   0.9400  2
  34.4200   1.2400  2
  34.7000   1.5400  2
  34.9400   1.8800  2
  35.1500   2.1900  2
  35.3700   2.4300  2
  35.5800   2.6600  2
  35.7500   2.8900  2
  35.8400   3.0000  2
  35.8100   3.0100  3
  99.0000   0.0000  3
