 9XX 500 907 200 600.00   0.00 CS 000   7
 -11.3300  43.3500  3
 -11.3300  43.3700  2
 -11.3400  43.3700  2
 -11.3500  43.3800  2
 -11.3600  43.3900  2
 -11.3700  43.4000  2
 -11.3900  43.4000  2
 -11.4000  43.4000  2
 -11.4200  43.4100  2
 -11.4400  43.4000  2
 -11.4500  43.4000  2
 -11.4700  43.4000  2
 -11.4900  43.4000  2
 -11.5000  43.4000  2
 -11.5200  43.4000  2
 -11.5400  43.4000  2
 -11.5500  43.3900  2
 -11.5700  43.3900  2
 -11.5900  43.3900  2
 -11.6000  43.4000  2
 -11.6100  43.4000  2
 -11.6300  43.4100  2
 -11.6400  43.4100  2
 -11.6500  43.4200  2
 -11.6600  43.4300  2
 -11.6700  43.4400  2
 -11.6800  43.4400  2
 -11.7000  43.4500  2
 -11.7100  43.4500  2
 -11.7200  43.4600  2
 -11.7300  43.4600  2
 -11.7500  43.4700  2
 -11.7600  43.4700  2
 -11.7700  43.4800  2
 -11.7800  43.4800  2
 -11.8000  43.4900  2
 -11.8100  43.4900  2
 -11.8300  43.4900  2
 -11.8500  43.4900  2
 -11.8700  43.4900  2
 -11.8700  43.4800  2
 -11.8800  43.4700  2
 -11.8900  43.4600  2
 -11.9000  43.4500  2
 -11.9100  43.4400  2
 -11.9000  43.4200  2
 -11.9000  43.4000  2
 -11.8900  43.3900  2
 -11.8900  43.3800  2
 -11.8800  43.3700  2
 -11.8700  43.3600  2
 -11.8600  43.3600  2
 -11.8500  43.3500  2
 -11.8300  43.3400  2
 -11.8200  43.3400  2
 -11.8100  43.3400  2
 -11.7900  43.3300  2
 -11.7800  43.3200  2
 -11.7800  43.3100  2
 -11.7800  43.2900  2
 -11.7700  43.2800  2
 -11.7600  43.2700  2
 -11.7500  43.2700  2
 -11.7400  43.2600  2
 -11.7300  43.2500  2
 -11.7100  43.2500  2
 -11.7000  43.2400  2
 -11.6900  43.2300  2
 -11.6800  43.2300  2
 -11.6600  43.2300  2
 -11.6500  43.2400  2
 -11.6400  43.2400  2
 -11.6300  43.2500  2
 -11.6100  43.2500  2
 -11.6000  43.2500  2
 -11.5800  43.2500  2
 -11.5700  43.2500  2
 -11.5500  43.2500  2
 -11.5400  43.2400  2
 -11.5200  43.2400  2
 -11.5000  43.2400  2
 -11.4900  43.2400  2
 -11.4700  43.2400  2
 -11.4500  43.2400  2
 -11.4400  43.2400  2
 -11.4200  43.2400  2
 -11.4100  43.2400  2
 -11.3900  43.2400  2
 -11.3800  43.2400  2
 -11.3700  43.2500  2
 -11.3600  43.2600  2
 -11.3600  43.2800  2
 -11.3600  43.2900  2
 -11.3500  43.3000  2
 -11.3400  43.3200  2
 -11.3400  43.3300  2
 -11.3300  43.3400  2
 -11.3200  43.3500  2
 -11.3100  43.3600  2
 -11.3200  43.3600  2
 -12.3800  43.8900  3
 -12.3800  43.8800  2
 -12.3900  43.8700  2
 -12.3900  43.8500  2
 -12.3900  43.8300  2
 -12.3800  43.8200  2
 -12.3800  43.8100  2
 -12.3700  43.8000  2
 -12.3600  43.7900  2
 -12.3600  43.7700  2
 -12.3600  43.7600  2
 -12.3600  43.7400  2
 -12.3700  43.7300  2
 -12.3700  43.7100  2
 -12.3600  43.7000  2
 -12.3500  43.6900  2
 -12.3500  43.6800  2
 -12.3400  43.6600  2
 -12.3300  43.6500  2
 -12.3300  43.6400  2
 -12.3100  43.6400  2
 -12.3000  43.6400  2
 -12.2800  43.6400  2
 -12.2700  43.6400  2
 -12.2700  43.6600  2
 -12.2600  43.6700  2
 -12.2700  43.6800  2
 -12.2700  43.7000  2
 -12.2700  43.7100  2
 -12.2800  43.7200  2
 -12.2900  43.7300  2
 -12.3000  43.7400  2
 -12.3000  43.7500  2
 -12.3100  43.7700  2
 -12.3100  43.7800  2
 -12.3200  43.7900  2
 -12.3200  43.8100  2
 -12.3200  43.8200  2
 -12.3300  43.8300  2
 -12.3400  43.8500  2
 -12.3400  43.8600  2
 -12.3500  43.8700  2
 -12.3600  43.8800  2
 -12.3700  43.8900  2
 -12.3800  43.9000  2
 -12.3800  43.9000  2
 -12.1200  44.5000  3
 -12.1300  44.5100  2
 -12.1300  44.5200  2
 -12.1500  44.5200  2
 -12.1600  44.5300  2
 -12.1800  44.5300  2
 -12.2000  44.5300  2
 -12.2100  44.5300  2
 -12.2300  44.5200  2
 -12.2400  44.5200  2
 -12.2500  44.5200  2
 -12.2700  44.5200  2
 -12.2900  44.5200  2
 -12.3000  44.5200  2
 -12.3100  44.5300  2
 -12.3300  44.5300  2
 -12.3500  44.5300  2
 -12.3600  44.5300  2
 -12.3700  44.5200  2
 -12.3900  44.5200  2
 -12.4000  44.5100  2
 -12.4000  44.5000  2
 -12.4000  44.4800  2
 -12.3900  44.4800  2
 -12.3800  44.4700  2
 -12.3700  44.4600  2
 -12.3600  44.4500  2
 -12.3500  44.4500  2
 -12.3300  44.4400  2
 -12.3200  44.4400  2
 -12.3100  44.4300  2
 -12.3000  44.4300  2
 -12.2800  44.4200  2
 -12.2800  44.4100  2
 -12.2700  44.4000  2
 -12.2600  44.3900  2
 -12.2500  44.3800  2
 -12.2500  44.3700  2
 -12.2400  44.3500  2
 -12.2400  44.3300  2
 -12.2400  44.3200  2
 -12.2400  44.3000  2
 -12.2300  44.2900  2
 -12.2300  44.2800  2
 -12.2200  44.2700  2
 -12.2000  44.2700  2
 -12.1900  44.2800  2
 -12.2000  44.2900  2
 -12.2000  44.3100  2
 -12.2000  44.3300  2
 -12.2000  44.3400  2
 -12.2000  44.3600  2
 -12.2000  44.3800  2
 -12.2000  44.4000  2
 -12.2000  44.4100  2
 -12.1900  44.4200  2
 -12.1800  44.4300  2
 -12.1700  44.4300  2
 -12.1600  44.4400  2
 -12.1500  44.4500  2
 -12.1300  44.4500  2
 -12.1200  44.4600  2
 -12.1200  44.4700  2
 -12.1200  44.4900  2
 -12.1200  44.5000  2
 -12.1200  44.5000  2
 -12.8100  45.2400  3
 -12.8200  45.2400  2
 -12.8400  45.2400  2
 -12.8500  45.2400  2
 -12.8600  45.2300  2
 -12.8800  45.2300  2
 -12.9000  45.2300  2
 -12.9100  45.2200  2
 -12.9300  45.2300  2
 -12.9400  45.2400  2
 -12.9500  45.2400  2
 -12.9600  45.2400  2
 -12.9800  45.2400  2
 -12.9900  45.2400  2
 -13.0100  45.2300  2
 -13.0100  45.2200  2
 -13.0200  45.2100  2
 -13.0200  45.1900  2
 -13.0200  45.1800  2
 -13.0100  45.1600  2
 -13.0100  45.1500  2
 -13.0100  45.1400  2
 -13.0000  45.1200  2
 -12.9900  45.1100  2
 -12.9800  45.1100  2
 -12.9700  45.1200  2
 -12.9500  45.1200  2
 -12.9300  45.1200  2
 -12.9200  45.1200  2
 -12.9000  45.1200  2
 -12.8800  45.1200  2
 -12.8700  45.1200  2
 -12.8500  45.1200  2
 -12.8400  45.1100  2
 -12.8300  45.1100  2
 -12.8100  45.1000  2
 -12.8100  45.0900  2
 -12.8000  45.0800  2
 -12.7900  45.0700  2
 -12.7900  45.0600  2
 -12.7700  45.0500  2
 -12.7600  45.0600  2
 -12.7400  45.0600  2
 -12.7300  45.0700  2
 -12.7300  45.0800  2
 -12.7400  45.1000  2
 -12.7400  45.1200  2
 -12.7400  45.1300  2
 -12.7500  45.1400  2
 -12.7600  45.1500  2
 -12.7600  45.1600  2
 -12.7700  45.1800  2
 -12.7700  45.1900  2
 -12.7800  45.2000  2
 -12.7800  45.2200  2
 -12.7900  45.2200  2
 -12.8000  45.2300  2
 -12.8100  45.2400  2
 -16.2700  44.3100  3
 -16.1700  44.3700  2
 -16.1600  44.3900  2
 -16.1700  44.4400  2
 -16.2000  44.5100  2
 -16.1800  44.8100  2
 -16.1100  44.8800  2
 -16.0400  44.9900  2
 -15.9900  45.0900  2
 -16.0900  45.1200  2
 -16.1200  45.1900  2
 -16.0000  45.2900  2
 -16.0400  45.4000  2
 -15.9300  45.5000  2
 -15.8100  45.5200  2
 -15.7700  45.6900  2
 -15.8300  45.7900  2
 -15.7200  45.9200  2
 -15.7500  46.0300  2
 -15.9400  46.1100  2
 -16.0600  46.2300  2
 -16.1000  46.3800  2
 -16.0700  46.5000  2
 -15.9100  46.4600  2
 -15.7500  46.2700  2
 -15.5800  46.2900  2
 -15.3800  46.4800  2
 -15.2500  46.7000  2
 -15.3100  46.8200  2
 -15.4300  46.8400  2
 -15.5400  46.8500  2
 -15.5500  47.0000  2
 -15.4900  47.1100  2
 -15.3700  47.0500  2
 -15.1600  46.9300  2
 -15.0500  47.0500  2
 -14.8600  47.2100  2
 -14.8100  47.1600  2
 -14.6900  47.2900  2
 -14.8100  47.3500  2
 -15.0300  47.3000  2
 -14.8800  47.4300  2
 -14.6800  47.5900  2
 -14.6900  47.7500  2
 -14.6600  47.8400  2
 -14.5900  47.8000  2
 -14.5500  47.6400  2
 -14.4100  47.5500  2
 -14.3000  47.5900  2
 -14.1000  47.7500  2
 -14.2000  47.8400  2
 -13.9800  47.8600  2
 -13.8500  47.8000  2
 -13.6300  47.7500  2
 -13.5600  47.8000  2
 -13.6200  47.9900  2
 -13.8200  48.0700  2
 -13.6700  48.1600  2
 -13.5700  48.2300  2
 -13.4800  48.3000  2
 -13.2900  48.3300  2
 -13.3900  48.4600  2
 -13.2800  48.6300  2
 -13.0200  48.7200  2
 -12.7700  48.7400  2
 -12.6100  48.7400  2
 -12.4500  48.6300  2
 -12.4800  48.7200  2
 -12.2600  48.8900  2
 -12.1700  49.0200  2
 -12.3600  49.2300  2
 -12.6000  49.4000  2
 -12.7800  49.5900  2
 -12.7700  49.5900  2
 -13.0100  49.7200  2
 -13.2600  49.7800  2
 -13.4600  49.8100  2
 -13.7600  49.9100  2
 -14.0500  49.9500  2
 -14.3300  54.0300  2
 -14.5900  54.0500  2
 -14.8800  54.1000  2
 -15.1500  54.2300  2
 -15.4200  54.2600  2
 -15.6900  54.2300  2
 -15.9000  54.1400  2
 -15.9300  49.9900  2
 -15.6900  49.8800  2
 -15.4300  49.8100  2
 -15.4500  49.6400  2
 -15.8500  49.5800  2
 -16.1300  49.5800  2
 -16.3400  49.7000  2
 -16.6300  49.7000  2
 -16.8200  49.6200  2
 -16.9300  49.5100  2
 -17.1900  49.3700  2
 -17.5000  49.3200  2
 -17.7500  49.3200  2
 -18.0800  49.2700  2
 -18.3700  49.2100  2
 -18.6500  49.1500  2
 -18.9300  49.0500  2
 -19.1700  48.9500  2
 -19.1800  48.9100  2
 -19.3300  48.8900  2
 -19.5100  48.8300  2
 -19.7300  48.7600  2
 -19.9600  48.6800  2
 -20.2500  48.5900  2
 -20.4300  48.5200  2
 -20.7400  48.3800  2
 -21.1400  48.3000  2
 -21.4200  48.2100  2
 -21.7900  48.1000  2
 -22.0900  47.9700  2
 -22.4900  47.8400  2
 -22.7600  47.7700  2
 -22.9600  47.7100  2
 -23.2400  47.6600  2
 -23.5200  47.5700  2
 -23.7900  47.5100  2
 -24.0800  47.4400  2
 -24.3400  47.2900  2
 -24.5800  47.1900  2
 -24.7900  47.0600  2
 -24.9300  46.9700  2
 -25.0800  46.8000  2
 -25.1600  46.6300  2
 -25.1300  46.4800  2
 -25.1900  46.1900  2
 -25.2500  45.8900  2
 -25.4200  45.6000  2
 -25.5700  45.3100  2
 -25.6100  45.0600  2
 -25.4600  44.8600  2
 -25.3700  44.7100  2
 -25.2100  44.4500  2
 -25.0900  44.2100  2
 -24.9300  44.0000  2
 -24.7300  43.8500  2
 -24.5700  43.7300  2
 -24.2800  43.6200  2
 -23.9600  43.5700  2
 -23.7300  43.5700  2
 -23.5700  43.6400  2
 -23.3000  43.5600  2
 -23.0600  43.4600  2
 -22.9300  43.2900  2
 -22.6600  43.1700  2
 -22.4200  43.1700  2
 -22.2000  43.1400  2
 -21.8900  43.1400  2
 -21.8000  43.1900  2
 -21.7000  43.2700  2
 -21.5300  43.3400  2
 -21.4200  43.4000  2
 -21.2800  43.5200  2
 -21.2300  43.6700  2
 -21.0500  43.7200  2
 -20.7600  43.8300  2
 -20.4800  44.0000  2
 -20.2100  44.1500  2
 -20.0200  44.3200  2
 -19.8400  44.4000  2
 -19.6600  44.3600  2
 -19.5600  44.4400  2
 -19.4000  44.3800  2
 -19.1500  44.2300  2
 -18.8100  44.1300  2
 -18.5700  44.0700  2
 -18.3300  44.0200  2
 -18.0500  44.0000  2
 -17.8000  44.0000  2
 -17.6300  43.8800  2
 -17.5300  43.8100  2
 -17.4000  43.8800  2
 -17.1400  44.0500  2
 -16.7900  44.2200  2
 -16.5500  44.3200  2
 -16.3900  44.3100  2
 -16.2700  44.3100  2
 -20.9900  55.1200  3
 -20.9700  55.0400  2
 -20.9500  55.1500  2
 -20.9200  55.2800  2
 -20.8900  55.4300  2
 -20.9800  55.6000  2
 -21.1400  55.7100  2
 -21.2900  55.7100  2
 -21.3900  55.6800  2
 -21.4100  55.5100  2
 -21.3200  55.3400  2
 -21.1500  55.1900  2
 -20.9900  55.1200  2
 -20.0800  57.3900  3
 -20.0400  57.4100  2
 -20.0100  57.4900  2
 -19.9800  57.5600  2
 -20.0600  57.5700  2
 -20.1300  57.5700  2
 -20.2800  57.6400  2
 -20.4200  57.6100  2
 -20.4900  57.4900  2
 -20.5000  57.2900  2
 -20.3300  57.2600  2
 -20.1600  57.3300  2
 -20.0800  57.3900  2
  12.1700  52.2500  3
  12.1700  52.2500  2
  12.1700  52.2600  2
  12.1700  52.2700  2
  12.1600  52.2800  2
  12.1500  52.2900  2
  12.1500  52.2900  2
  12.1400  52.3000  2
  12.1400  52.3100  2
  12.1400  52.3200  2
  12.1400  52.3300  2
  12.1500  52.3400  2
  12.1500  52.3500  2
  12.1500  52.3600  2
  12.1400  52.3700  2
  12.1400  52.3800  2
  12.1300  52.3900  2
  12.1300  52.4000  2
  12.1300  52.4100  2
  12.1300  52.4200  2
  12.1300  52.4300  2
  12.1300  52.4400  2
  12.1400  52.4500  2
  12.1400  52.4500  2
  12.1500  52.4600  2
  12.1600  52.4700  2
  12.1600  52.4700  2
  12.1700  52.4800  2
  12.1800  52.4700  2
  12.1900  52.4700  2
  12.2000  52.4600  2
  12.2000  52.4600  2
  12.2100  52.4500  2
  12.2100  52.4400  2
  12.2100  52.4300  2
  12.2100  52.4200  2
  12.2100  52.4100  2
  12.2100  52.3900  2
  12.2000  52.3800  2
  12.2000  52.3800  2
  12.2000  52.3600  2
  12.2000  52.3500  2
  12.2000  52.3400  2
  12.2000  52.3300  2
  12.2000  52.3200  2
  12.2100  52.3100  2
  12.2100  52.2900  2
  12.2100  52.2800  2
  12.2100  52.2700  2
  12.2200  52.2600  2
  12.2200  52.2500  2
  12.2200  52.2400  2
  12.2200  52.2300  2
  12.2100  52.2200  2
  12.2100  52.2100  2
  12.2100  52.2000  2
  12.2200  52.1900  2
  12.2200  52.1800  2
  12.2300  52.1700  2
  12.2300  52.1600  2
  12.2300  52.1500  2
  12.2200  52.1400  2
  12.2100  52.1400  2
  12.2000  52.1400  2
  12.2000  52.1500  2
  12.1900  52.1500  2
  12.1900  52.1600  2
  12.1800  52.1700  2
  12.1800  52.1800  2
  12.1700  52.1900  2
  12.1700  52.2000  2
  12.1700  52.2100  2
  12.1600  52.2200  2
  12.1700  52.2300  2
  12.1700  52.2400  2
  12.5700  54.4000  3
  12.5600  54.5100  2
  12.5000  54.4900  2
  12.3800  54.3600  2
  12.3400  54.2000  2
  12.2600  54.0100  2
  12.2900  53.8200  2
  12.3300  53.5900  2
  12.4600  53.4100  2
  12.6600  53.4800  2
  12.6900  53.5900  2
  12.6000  53.6900  2
  12.5700  53.7300  2
  12.5700  53.7800  2
  12.5700  53.8900  2
  12.6300  54.0400  2
  12.6000  54.2200  2
  12.5700  54.4000  2
  12.1300  53.1000  3
  -4.5700  55.2800  3
  -4.5700  55.2900  2
  -4.5200  55.2900  2
  -4.5700  55.2800  2
  -9.4200  46.4400  3
  -9.4000  46.4900  2
  -9.4000  46.3600  2
  -9.4800  46.3000  2
  -9.5000  46.4400  2
  -9.4100  46.5800  2
  -9.4200  46.4400  2
  99.0000   0.0000  3
 94X 118 907  77  84.00   0.00 AN    34 3
 -20.1500  49.8900  3
 -20.2600  49.9700  2
 -20.3700  50.0700  2
 -20.4600  50.1400  2
 -20.5600  50.2400  2
 -20.6600  50.3300  2
 -20.7500  50.4500  2
 -20.8700  50.5400  2
 -20.9500  50.6000  2
 -21.0500  50.6700  2
 -20.6400  50.2300  3
 -20.5800  50.3100  2
 -20.2200  49.8800  3
 -20.1400  49.9100  2
 -20.3700  49.5100  3
 -20.3300  49.5400  2
 -20.4000  49.5800  2
 -20.4100  49.5400  2
 -20.4700  49.6000  2
 -20.4800  49.5400  2
 -20.4600  49.5000  2
 -20.4900  49.7200  3
 -20.3500  49.7400  2
 -20.4400  49.6700  2
 -20.4600  49.7500  2
 -23.1000  48.7800  3
 -23.2700  48.9200  2
 -23.3800  49.0600  2
 -23.5500  49.2300  2
 -23.7000  49.3600  2
 -23.7800  49.4400  2
 -23.8500  49.5000  2
 -23.9500  49.5800  2
 -24.0300  49.6500  2
 -23.7900  49.3700  3
 -23.7500  49.4600  2
 -23.5100  49.1200  3
 -23.4900  49.2200  2
 -24.0900  49.5100  3
 -24.0800  49.5400  2
 -24.1200  49.5600  2
 -24.1300  49.5500  2
 -24.1300  49.5900  2
 -24.1700  49.5800  2
 -24.1700  49.5200  2
 -24.1800  49.7300  3
 -24.0900  49.7200  2
 -24.1600  49.6600  2
 -24.1400  49.7600  2
 -26.1900  46.9600  3
 -26.2700  47.0500  2
 -26.3700  47.1300  2
 -26.4700  47.2200  2
 -26.5800  47.3400  2
 -26.6800  47.4100  2
 -26.7900  47.5200  2
 -26.8800  47.6100  2
 -26.9600  47.6900  2
 -27.0300  47.7300  2
 -27.1100  47.8300  2
 -27.1900  47.9200  2
 -27.1600  47.7900  3
 -27.1500  47.9300  2
 -26.5700  47.2900  3
 -26.5400  47.4100  2
 -27.2600  47.8300  3
 -27.2500  47.8900  2
 -27.2600  47.9400  2
 -27.3000  47.9000  2
 -27.3400  47.9400  2
 -27.3600  47.9000  2
 -27.3600  47.8400  2
 -27.4000  48.1000  3
 -27.2500  48.1000  2
 -27.3300  48.0400  2
 -27.3400  48.1600  2
  99.0000   0.0000  3
 94X 119 907 121  80.17   0.00 AN   33R 2
 -19.7800  50.3500  3
 -19.8600  50.4200  2
 -19.9600  50.4900  2
 -20.0500  50.5900  2
 -20.1300  50.6700  2
 -20.2600  50.7800  2
 -20.3400  50.8500  2
 -20.4700  50.9900  2
 -20.5500  51.0300  2
 -20.5900  51.0600  2
 -20.6300  50.9700  3
 -20.6200  51.1000  2
 -20.1600  50.6000  3
 -20.0800  50.6600  2
 -19.6400  50.4900  3
 -19.6100  50.5400  2
 -19.6500  50.5800  2
 -19.6600  50.5300  2
 -19.7200  50.5900  2
 -19.7400  50.5300  2
 -19.7300  50.4900  2
 -19.6400  50.6400  3
 -19.6300  50.6800  2
 -19.6700  50.7200  2
 -19.6800  50.6600  2
 -19.7200  50.7200  2
 -19.7700  50.6800  2
 -19.7500  50.6200  2
 -22.7000  49.4000  3
 -22.7900  49.4600  2
 -22.8600  49.5300  2
 -22.9400  49.6400  2
 -23.1000  49.7400  2
 -23.1800  49.8200  2
 -23.3000  49.9500  2
 -23.4200  50.0500  2
 -23.4800  50.1200  2
 -23.5800  50.2000  2
 -23.6600  50.2500  2
 -23.3800  49.9000  3
 -23.3300  50.0200  2
 -23.0900  49.6700  3
 -23.0500  49.7400  2
 -23.3900  50.1700  3
 -23.3600  50.2300  2
 -23.3800  50.2900  2
 -23.4100  50.2400  2
 -23.4600  50.3200  2
 -23.5000  50.2400  2
 -23.4600  50.2200  2
 -23.3800  50.3600  3
 -23.3700  50.4300  2
 -23.4000  50.4600  2
 -23.4200  50.4300  2
 -23.4800  50.4600  2
 -23.5200  50.4100  2
 -23.4900  50.3600  2
 -26.0000  47.4900  3
 -26.1400  47.5800  2
 -26.2500  47.6800  2
 -26.4200  47.8300  2
 -26.5400  47.9700  2
 -26.6600  48.1000  2
 -26.7700  48.1900  2
 -26.8900  48.3100  2
 -26.9800  48.3900  2
 -26.7000  48.3200  3
 -26.6800  48.3800  2
 -26.7400  48.4200  2
 -26.7400  48.3800  2
 -26.7900  48.4400  2
 -26.8400  48.4100  2
 -26.8100  48.3400  2
 -26.7100  48.5100  3
 -26.7100  48.5800  2
 -26.7500  48.5800  2
 -26.7600  48.5400  2
 -26.8000  48.6100  2
 -26.8300  48.5500  2
 -26.8000  48.4900  2
 -26.3800  47.7200  3
 -26.3500  47.8300  2
 -27.0900  49.5600  3
 -27.1500  49.6000  2
 -27.2100  49.7000  3
 -27.2500  49.7200  2
 -27.3300  49.7900  3
 -27.3600  49.8500  2
 -27.4500  49.9500  3
 -27.5200  49.9800  2
 -27.5800  50.0900  3
 -27.6900  50.1900  2
 -27.7800  50.3000  3
 -27.7900  50.3300  2
 -27.8800  50.4100  3
 -27.9300  50.4500  2
 -27.9800  50.5100  3
 -28.0400  50.5600  2
 -28.0900  50.6500  3
 -28.2500  50.7900  2
 -28.2000  50.6600  3
 -28.1800  50.7600  2
 -27.7200  50.0600  3
 -27.6100  50.1600  2
 -27.6800  50.0900  3
 -27.5500  50.1200  2
 -27.0400  49.3700  3
 -26.9300  49.4700  2
 -27.1000  49.7400  3
 -27.0600  49.7800  2
 -27.1000  49.8400  2
 -27.1100  49.7800  2
 -27.1500  49.8400  2
 -27.1700  49.8100  2
 -27.1700  49.7400  2
 -27.0600  49.9300  3
 -27.0800  49.9700  2
 -27.1300  49.9800  2
 -27.1800  50.0100  2
 -27.1300  49.9100  2
 -27.1300  49.9300  3
  99.0000   0.0000  3
 94X 120 907 125  72.46   0.00 AN    32 6
 -18.2600  51.5500  3
 -18.3500  51.6100  2
 -18.5100  51.7500  2
 -18.6100  51.8500  2
 -18.7400  52.0000  2
 -18.8500  52.0900  2
 -18.9800  52.2300  2
 -19.0600  52.3000  2
 -19.1400  52.3800  2
 -19.2200  52.4500  2
 -18.2800  51.5300  3
 -18.2900  51.5800  2
 -18.6900  51.8000  3
 -18.6100  51.9100  2
 -19.4000  52.5300  3
 -19.2500  52.5600  2
 -18.1200  51.6600  3
 -18.1000  51.7000  2
 -18.1200  51.7300  2
 -18.1300  51.6900  2
 -18.2000  51.7300  2
 -18.2000  51.6300  2
 -18.0900  51.8300  3
 -18.0700  51.8700  2
 -18.1500  51.9000  2
 -18.1900  51.8400  2
 -18.2300  51.9700  2
 -21.5400  50.6200  3
 -21.6300  50.6900  2
 -21.7300  50.7900  2
 -21.8300  50.8800  2
 -21.9300  50.9800  2
 -22.0000  51.0400  2
 -22.0900  51.1200  2
 -22.2100  51.2200  2
 -22.3100  51.3000  2
 -22.3600  51.3700  2
 -22.4500  51.4600  2
 -22.5600  51.5600  2
 -22.6700  51.6400  2
 -22.7500  51.6900  2
 -22.8100  51.7600  2
 -22.3400  51.7300  3
 -22.3300  51.7700  2
 -22.3700  51.8100  2
 -22.3700  51.7900  2
 -22.3900  51.8300  2
 -22.4300  51.7900  2
 -22.4200  51.7600  2
 -22.3400  51.9000  3
 -22.3300  51.9300  2
 -22.3600  51.9900  2
 -22.4300  51.9000  2
 -22.4200  51.9700  2
 -21.6000  50.5900  3
 -21.5500  50.7000  2
 -22.0500  50.9400  3
 -21.9900  51.0400  2
 -22.6000  51.4400  3
 -22.4000  51.4700  2
 -25.2900  48.7000  3
 -25.4100  48.8200  2
 -25.5000  48.9100  2
 -25.5900  49.0100  2
 -25.6900  49.1100  2
 -25.7900  49.2100  2
 -25.8900  49.3300  2
 -25.9500  49.3900  2
 -25.6700  48.9800  3
 -25.6200  49.1000  2
 -25.7400  49.3900  3
 -25.7200  49.4400  2
 -25.7300  49.4900  2
 -25.7800  49.4600  2
 -25.8300  49.4900  2
 -25.8000  49.4100  2
 -25.7200  49.5600  3
 -25.7100  49.6100  2
 -25.7400  49.6400  2
 -25.8300  49.5800  2
 -25.8200  49.6600  2
 -25.6200  50.7800  3
 -25.6600  50.8000  2
 -25.7100  50.8500  3
 -25.7500  50.9200  2
 -25.8400  51.0000  3
 -25.8800  51.0300  2
 -25.9200  51.1000  3
 -25.9700  51.1400  2
 -26.0200  51.2400  3
 -26.0900  51.2700  2
 -26.1300  51.3500  3
 -26.1700  51.3900  2
 -26.2600  51.4500  3
 -26.3100  51.5100  2
 -26.4500  51.6600  3
 -26.5300  51.7300  2
 -26.5800  51.8100  3
 -26.6300  51.8700  2
 -26.7000  51.9400  3
 -26.7500  51.9700  2
 -26.8200  52.0500  3
 -26.8800  52.1200  2
 -26.9400  52.1900  3
 -26.9900  52.2300  2
 -26.7700  51.8800  3
 -26.6700  51.9300  2
 -26.4500  51.4800  3
 -26.3500  51.5600  2
 -26.4900  51.5700  3
 -26.3500  51.5600  2
 -25.6400  50.7800  3
 -25.5200  50.8800  2
 -25.4800  50.9500  3
 -25.4700  51.0100  2
 -25.5100  51.0600  2
 -25.5300  51.0100  2
 -25.5600  51.0600  2
 -25.6100  51.0100  2
 -25.6000  50.9900  2
 -25.6000  51.2200  3
 -25.6000  51.1300  2
 -25.5200  51.2100  2
 -25.4800  51.1400  2
 -16.3600  60.8200  3
  99.0000   0.0000  3
 94X 121 907  46  68.96   0.00 AN    31 5
 -17.2500  52.9100  3
 -17.3400  52.9800  2
 -17.3800  53.0200  2
 -17.4900  53.1300  2
 -17.6000  53.2300  2
 -17.7400  53.3600  2
 -17.8500  53.4400  2
 -17.9700  53.5300  2
 -18.0500  53.6100  2
 -17.7100  53.2200  3
 -17.6000  53.3000  2
 -17.4400  52.9900  3
 -17.3400  53.0700  2
 -20.7200  51.6400  3
 -20.8300  51.7400  2
 -20.9300  51.8500  2
 -21.0600  52.0100  2
 -21.2100  52.1300  2
 -21.3000  52.2700  2
 -21.4200  52.3600  2
 -21.5500  52.4800  2
 -21.6900  52.6400  2
 -21.7900  52.7500  2
 -21.8500  52.8200  2
 -21.2600  52.0800  3
 -21.1600  52.2100  2
 -21.0100  51.9100  3
 -20.9300  52.0000  2
 -20.9500  51.8700  3
 -20.8700  51.9000  2
 -21.3900  52.5400  3
 -21.3700  52.6100  2
 -21.4300  52.5900  2
 -21.4400  52.6300  2
 -21.4800  52.5300  2
 -21.3800  52.7300  3
 -21.4700  52.7100  2
 -17.0700  52.7600  3
 -17.0500  52.8100  2
 -17.0600  52.8700  2
 -17.1000  52.8300  2
 -17.1600  52.8800  2
 -17.1400  52.7800  2
 -17.0500  52.9700  3
 -17.1500  52.9500  2
 -26.6100  81.7100  3
  99.0000   0.0000  3
 94X 122 907  84  67.58   0.00 AN    30 4
 -16.6600  53.4200  3
 -16.7700  53.5200  2
 -16.8800  53.6400  2
 -16.9900  53.7500  2
 -17.0900  53.9000  2
 -17.2300  54.0500  2
 -17.3400  54.1200  2
 -17.4500  54.2200  2
 -17.3900  54.1200  3
 -17.3300  54.1500  2
 -17.1400  53.8100  3
 -17.0600  53.8500  2
 -16.9900  53.6800  3
 -16.8800  53.7400  2
 -16.4600  53.4800  3
 -16.4300  53.5400  2
 -16.4900  53.5600  2
 -16.5000  53.5200  2
 -16.5500  53.5800  2
 -16.5800  53.5500  2
 -16.5500  53.5100  2
 -16.4600  53.6600  3
 -16.5000  53.6300  2
 -16.5700  53.6600  2
 -16.5800  53.7200  2
 -16.5000  53.7600  2
 -16.4500  53.7100  2
 -16.4500  53.6600  2
 -20.0800  52.3700  3
 -20.1700  52.4600  2
 -20.2400  52.5600  2
 -20.3800  52.7000  2
 -20.4700  52.7700  2
 -20.5900  52.9000  2
 -20.7000  53.0000  2
 -20.8100  53.1400  2
 -20.9100  53.2200  2
 -21.0000  53.2900  2
 -21.0700  53.3900  2
 -21.1200  53.4200  2
 -21.0400  53.1900  3
 -21.0100  53.2900  2
 -20.6900  52.8300  3
 -20.6200  52.9100  2
 -20.2500  52.4100  3
 -20.1700  52.4600  2
 -20.1400  52.5900  3
 -20.1000  52.6400  2
 -20.1200  52.6600  2
 -20.1500  52.6200  2
 -20.2000  52.6600  2
 -20.2300  52.6100  2
 -20.2300  52.5800  2
 -20.1200  52.7600  3
 -20.1500  52.7100  2
 -20.2300  52.7200  2
 -20.2200  52.7800  2
 -20.1500  52.7900  2
 -20.1200  52.7500  2
 -30.9500  50.3700  3
 -31.0300  50.5000  2
 -31.0900  50.6000  2
 -31.1700  50.7200  2
 -31.2300  50.8400  2
 -31.3300  50.9800  2
 -31.4100  51.1200  2
 -31.5000  51.2400  2
 -31.6100  51.3700  2
 -31.7100  51.5000  2
 -31.3900  51.2600  3
 -31.3700  51.2900  2
 -31.4000  51.2900  2
 -31.4000  51.2700  2
 -31.4800  51.3400  2
 -31.4800  51.2600  2
 -31.3500  51.4700  3
 -31.3900  51.4200  2
 -31.4700  51.4400  2
 -31.4300  51.5200  2
 -31.3800  51.5000  2
 -31.3600  51.4600  2
 -31.7400  51.3700  3
 -31.6600  51.4500  2
 -31.4300  52.0700  3
  99.0000   0.0000  3
 94X 123 907 155  65.83   0.00 AN    29 3
 -15.6100  54.3000  3
 -15.6500  54.3600  2
 -15.7100  54.4200  3
 -15.7500  54.4700  2
 -15.8000  54.5100  3
 -15.8600  54.5800  2
 -15.9300  54.6700  3
 -15.9800  54.7300  2
 -16.0300  54.7800  3
 -16.0800  54.8500  2
 -16.1500  54.8900  3
 -16.1600  54.9500  2
 -16.2300  55.0300  3
 -16.3000  55.0800  2
 -16.0900  54.7200  3
 -16.0300  54.8200  2
 -15.4300  54.2600  3
 -15.3900  54.3400  2
 -15.4300  54.3800  2
 -15.5100  54.2900  2
 -15.5300  54.3800  2
 -15.5400  54.4500  3
 -15.5300  54.5000  2
 -15.4300  54.5200  2
 -15.3900  54.4600  2
 -15.4200  54.4200  2
 -15.4700  54.4200  2
 -15.5000  54.4900  2
 -15.4600  54.5200  2
 -19.1000  53.0500  3
 -19.1400  53.0900  2
 -19.2300  53.2100  2
 -19.2900  53.2800  2
 -19.3600  53.3500  2
 -19.4800  53.4900  2
 -19.5700  53.5800  2
 -19.6600  53.7400  2
 -19.7500  53.8500  2
 -19.8500  53.9800  2
 -19.9700  54.1300  2
 -20.0400  54.2300  2
 -20.1200  54.3300  2
 -20.1700  54.3700  2
 -19.8300  53.8200  3
 -19.7400  53.9000  2
 -19.1900  53.0600  3
 -19.1200  53.0600  2
 -19.0600  53.2700  3
 -19.0200  53.2900  2
 -19.0300  53.3400  2
 -19.1700  53.2800  2
 -19.1800  53.3300  2
 -19.2000  53.4300  3
 -19.1600  53.5100  2
 -19.0800  53.5100  2
 -19.0200  53.4800  2
 -19.0600  53.4200  2
 -19.1300  53.4400  2
 -19.0800  53.4900  2
 -22.3100  53.0000  3
 -22.3900  53.1400  2
 -22.4700  53.2700  2
 -22.6100  53.4200  2
 -22.7400  53.6000  2
 -22.8700  53.7400  2
 -22.9800  53.8800  2
 -23.0400  54.0000  2
 -23.1500  54.1200  2
 -23.2700  54.2600  2
 -23.3800  54.3900  2
 -23.4600  54.4900  2
 -23.5500  54.6000  2
 -23.6400  54.7400  2
 -23.7300  54.8400  2
 -23.7700  54.8800  2
 -23.7900  54.8400  3
 -23.6800  54.8400  2
 -23.4400  54.4000  3
 -23.3900  54.4800  2
 -23.2500  54.1800  3
 -23.2000  54.1900  2
 -23.2000  54.0700  3
 -23.1400  54.1100  2
 -22.7700  53.5000  3
 -22.7100  53.6300  2
 -22.4800  53.1200  3
 -22.3900  53.2100  2
 -22.0300  52.9000  3
 -22.0100  52.9600  2
 -22.0400  53.0200  2
 -22.1600  52.9600  2
 -22.1900  53.0400  2
 -22.1900  53.1300  3
 -22.1800  53.1900  2
 -22.1000  53.1900  2
 -22.0300  53.1500  2
 -22.0700  53.0900  2
 -22.1000  53.1700  2
 -28.5300  51.0700  3
 -28.6000  51.1700  2
 -28.6700  51.2900  2
 -28.7600  51.4500  2
 -28.8600  51.5600  2
 -28.9300  51.6600  2
 -29.0000  51.7700  2
 -29.0900  51.9000  2
 -28.8400  51.7600  3
 -28.8100  51.8300  2
 -28.8400  51.8700  2
 -28.9200  51.7900  2
 -28.9100  51.8700  2
 -28.8900  51.9600  3
 -28.9000  52.0200  2
 -28.8300  52.0200  2
 -28.8000  51.9500  2
 -28.8600  51.9600  2
 -28.8300  52.0200  2
 -29.0100  51.6900  3
 -28.9200  51.7500  2
 -28.8400  51.4200  3
 -28.7300  51.5100  2
 -30.0700  51.1600  3
 -30.1700  51.2200  2
 -30.2200  51.3400  2
 -30.3200  51.4900  2
 -30.4300  51.6600  2
 -30.5400  51.8000  2
 -30.6700  52.0100  2
 -30.7400  52.1500  2
 -30.9100  52.2800  2
 -30.9500  52.3500  2
 -31.0600  52.5500  2
 -31.1200  52.6500  2
 -31.1800  52.7300  2
 -31.2400  52.8100  3
 -31.2300  52.8600  2
 -31.3000  52.8800  2
 -31.3900  52.8000  2
 -31.3900  52.9000  2
 -31.4000  52.9700  3
 -31.4000  53.0400  2
 -31.3300  53.0600  2
 -31.2400  53.0300  2
 -31.2700  52.9600  2
 -31.3200  52.9700  2
 -31.3200  53.0300  2
 -31.2200  52.6400  3
 -31.1500  52.7000  2
 -31.0700  52.5300  3
 -30.9800  52.5600  2
 -30.8700  52.1800  3
 -30.7900  52.2500  2
 -30.3700  51.4600  3
 -30.2900  51.5500  2
 -30.8900  63.3300  3
  99.0000   0.0000  3
 94X 124 907 142  64.71   0.00 AN    28 2
 -18.4800  53.6000  3
 -18.5900  53.7400  2
 -18.6800  53.8700  2
 -18.7700  54.0000  2
 -18.8700  54.0900  2
 -18.9600  54.2200  2
 -19.0600  54.3300  2
 -19.1600  54.4200  2
 -19.2400  54.5200  2
 -19.3100  54.6100  2
 -19.3800  54.7100  2
 -19.4300  54.7700  2
 -19.4700  54.8100  2
 -19.2000  54.3700  3
 -19.1000  54.4500  2
 -18.3500  53.7300  3
 -18.3400  53.8000  2
 -18.4100  53.7900  2
 -18.4300  53.7300  2
 -18.4700  53.8400  2
 -18.4100  53.9600  3
 -18.3500  53.8900  2
 -18.3300  53.9600  2
 -18.3800  53.9900  2
 -18.4100  53.9500  2
 -18.4300  53.8900  2
 -18.4900  53.9300  2
 -18.4600  53.9900  2
 -18.4100  53.9500  2
 -21.3400  53.7400  3
 -21.3900  53.7800  2
 -21.5400  53.9800  3
 -21.5900  54.0500  2
 -21.6600  54.1300  3
 -21.7100  54.1800  2
 -21.7600  54.2500  3
 -21.8000  54.2600  2
 -21.8800  54.3700  3
 -21.9300  54.4400  2
 -22.0000  54.5100  3
 -22.0300  54.6000  2
 -22.0700  54.6700  3
 -22.0900  54.7000  2
 -22.2100  54.8100  3
 -22.2800  54.8400  2
 -22.3300  54.9300  3
 -22.3600  54.9600  2
 -22.4300  55.1000  3
 -22.4500  55.1200  2
 -22.5000  55.2600  3
 -22.6300  55.3700  2
 -22.7200  55.4700  3
 -22.7900  55.5400  2
 -22.8400  55.6400  2
 -21.7000  54.0800  3
 -21.6600  54.2100  2
 -21.9200  54.3300  3
 -21.8500  54.3700  2
 -22.1800  54.6100  3
 -22.0400  54.6700  2
 -22.4300  54.9800  3
 -22.3200  54.9900  2
 -22.6400  55.2100  3
 -22.5500  55.3400  2
 -22.8900  55.5500  3
 -22.8000  55.6100  2
 -21.1800  53.9100  3
 -21.1700  53.9700  2
 -21.2200  54.0100  2
 -21.2900  53.9400  2
 -21.3000  54.0100  2
 -21.2000  54.1300  3
 -21.2400  54.1000  2
 -21.2600  54.1500  2
 -21.3200  54.1300  2
 -21.2800  54.1000  2
 -21.2400  54.1700  2
 -21.1800  54.1600  2
 -21.2000  54.1300  2
 -27.7800  51.7700  3
 -27.8700  51.8500  2
 -27.9200  51.9800  2
 -27.9900  52.0800  2
 -28.0900  52.2300  2
 -28.1900  52.3600  2
 -28.3000  52.4800  2
 -28.3600  52.5800  2
 -28.1800  52.2600  3
 -28.1200  52.3300  2
 -27.9600  51.9000  3
 -27.8500  51.9600  2
 -28.0600  52.4400  3
 -28.0300  52.5200  2
 -28.1200  52.5000  2
 -28.1600  52.4600  2
 -28.1500  52.5400  2
 -28.0600  52.6600  3
 -28.0600  52.6000  2
 -28.1000  52.6700  2
 -28.1400  52.7100  2
 -28.1700  52.6600  2
 -28.1300  52.6100  2
 -28.1100  52.6600  2
 -28.0500  52.7100  2
 -28.0200  52.6600  2
 -29.3700  51.7900  3
 -29.4700  51.9600  2
 -29.5200  52.0600  2
 -29.5700  52.1600  2
 -29.6900  52.2900  2
 -29.7800  52.4600  2
 -29.8700  52.6300  2
 -30.0000  52.7400  2
 -30.0800  52.8600  2
 -30.1700  53.0100  2
 -30.2400  53.0900  2
 -30.3400  53.2600  2
 -30.4700  53.4000  2
 -30.5100  53.5300  2
 -30.3700  53.5900  3
 -30.3500  53.6700  2
 -30.4100  53.6800  2
 -30.4800  53.6100  2
 -30.4800  53.7000  2
 -30.3600  53.8300  3
 -30.3900  53.7700  2
 -30.4900  53.8700  2
 -30.4700  53.8100  2
 -30.4500  53.7800  2
 -30.3700  53.8700  2
 -30.3700  53.8100  2
 -29.6900  52.1400  3
 -29.6200  52.2200  2
 -30.0400  52.6700  3
 -29.9000  52.6700  2
 -30.1600  52.8300  3
 -30.0900  52.9400  2
 -30.4600  53.2300  3
 -30.3200  53.3000  2
 -30.5000  53.2700  3
 -30.3400  53.2600  2
 -30.3400  53.2700  3
  99.0000   0.0000  3
 94X 125 907  14  63.00   0.00 RI 000   2
 -14.8400  55.1000  3
 -14.9800  55.2700  2
 -15.1200  55.4800  2
 -15.3700  55.8200  2
 -15.4500  55.9000  2
 -17.8600  54.1300  3
 -17.9800  54.2900  2
 -18.1200  54.4300  2
 -18.2800  54.6300  2
 -18.4100  54.7700  2
 -18.5300  54.9400  2
 -18.6700  55.1900  2
 -18.8300  55.3600  2
 -15.5400  60.6700  3
  99.0000   0.0000  3
 94X 126 907  54  63.28   0.00 AN    27 1
 -26.8800  52.6200  3
 -26.9500  52.7100  2
 -27.0600  52.8900  2
 -27.1700  53.0600  2
 -27.3100  53.2500  2
 -27.4100  53.4000  2
 -27.4400  53.4400  2
 -27.3600  53.2800  3
 -27.3000  53.2800  2
 -27.2200  53.0000  3
 -27.1400  53.0600  2
 -26.9500  52.5600  3
 -26.8500  52.6400  2
 -27.1700  53.2600  3
 -27.1300  53.3100  2
 -27.1600  53.3700  2
 -27.2900  53.2700  2
 -27.2900  53.3400  2
 -27.1500  53.4300  3
 -27.1500  53.5000  2
 -27.2500  53.4400  2
 -28.6000  52.4600  3
 -28.6800  52.5200  2
 -28.7400  52.6300  2
 -28.8000  52.7300  2
 -28.8500  52.8300  2
 -28.9500  53.0000  2
 -29.1000  53.2100  2
 -29.2300  53.3500  2
 -29.3300  53.4900  2
 -29.4100  53.6000  2
 -29.5100  53.7700  2
 -29.6000  53.8800  2
 -29.6400  53.9700  2
 -29.7000  54.0400  2
 -29.7600  54.1100  2
 -29.8000  54.1700  2
 -29.6400  54.2300  3
 -29.6300  54.3000  2
 -29.6400  54.3200  2
 -29.7600  54.2500  2
 -29.7800  54.3500  2
 -29.6300  54.4000  3
 -29.6300  54.4700  2
 -29.7500  54.4400  2
 -29.7600  54.0200  3
 -29.7000  54.1000  2
 -29.4100  53.5500  3
 -29.3500  53.6300  2
 -28.9800  52.8600  3
 -28.8400  52.8900  2
 -28.9600  52.8400  3
 -28.8600  52.9900  2
 -22.6300  64.9000  3
  99.0000   0.0000  3
 94X 127 907  70  60.48   0.00 AN    26 6
 -25.7100  53.6000  3
 -25.8100  53.7600  2
 -25.9700  53.9300  2
 -26.0600  54.0700  2
 -26.1700  54.2000  2
 -26.2400  54.3300  2
 -26.3200  54.4000  2
 -26.3500  54.4700  2
 -26.1800  54.0700  3
 -26.0800  54.1300  2
 -26.2200  54.1300  3
 -26.1800  54.2900  2
 -25.9800  53.8000  3
 -25.8700  53.8900  2
 -25.8000  53.5900  3
 -25.7700  53.7100  2
 -26.0400  54.3000  3
 -26.0100  54.3500  2
 -26.0700  54.3700  2
 -26.1400  54.2900  2
 -26.1400  54.3600  2
 -26.0200  54.5000  3
 -26.0300  54.4400  2
 -26.1300  54.4300  2
 -26.1700  54.5000  2
 -26.1300  54.5400  2
 -26.0700  54.5000  2
 -26.0800  54.4300  2
 -27.4800  53.5400  3
 -27.5600  53.6400  2
 -27.6100  53.7300  2
 -27.7100  53.8700  2
 -27.7500  53.9600  2
 -27.8300  54.0700  2
 -27.9300  54.2000  2
 -28.0600  54.3800  2
 -28.1700  54.5500  2
 -28.2600  54.7100  2
 -28.3500  54.7900  2
 -28.4500  54.9400  2
 -28.5300  55.0400  2
 -28.6200  55.1700  2
 -28.7000  55.3200  2
 -28.8400  55.4800  2
 -28.8900  55.5900  2
 -28.9600  55.6900  2
 -29.0000  55.7300  2
 -28.7000  55.5700  3
 -28.6900  55.6200  2
 -28.7400  55.6700  2
 -28.8000  55.5800  2
 -28.8300  55.6800  2
 -28.7000  55.8200  3
 -28.6700  55.7700  2
 -28.7600  55.7400  2
 -28.8000  55.7900  2
 -28.7500  55.8200  2
 -28.7300  55.7800  2
 -28.7500  55.7200  2
 -27.8800  53.9700  3
 -27.8000  54.0600  2
 -28.3000  54.5300  3
 -28.1900  54.6400  2
 -28.1300  54.4800  3
 -28.2700  54.5300  2
 -28.6200  54.9600  3
 -28.5400  55.0300  2
 -28.7100  55.1800  3
 -28.6100  55.2400  2
 -22.4800  66.9000  3
  99.0000   0.0000  3
 94X 128 907  71  58.94   0.00 AN    25 5
 -25.0400  54.1900  3
 -25.1000  54.2500  2
 -25.1500  54.3200  2
 -25.2500  54.4400  2
 -25.3200  54.5400  2
 -25.3900  54.6600  2
 -25.4400  54.7500  2
 -25.5200  54.8800  2
 -25.6000  54.9500  2
 -25.6500  55.0200  2
 -25.5100  54.7000  3
 -25.4000  54.7500  2
 -25.3200  54.4400  3
 -25.2800  54.5000  2
 -25.2600  54.3900  3
 -25.1800  54.4200  2
 -25.3400  54.9300  3
 -25.3000  54.9600  2
 -25.3700  54.9500  2
 -25.4100  54.8800  2
 -25.4300  54.9500  2
 -25.3300  55.1400  3
 -25.3400  55.0400  2
 -25.3800  55.0500  2
 -25.3800  55.1300  2
 -25.4200  55.1000  2
 -25.4000  55.0300  2
 -25.4900  54.6100  3
 -25.4400  54.6700  2
 -25.3200  54.3700  3
 -25.2700  54.4400  2
 -25.2600  54.3000  3
 -25.1500  54.3600  2
 -26.8000  54.2200  3
 -26.8900  54.3200  2
 -26.9600  54.4300  2
 -27.0400  54.5600  2
 -27.0900  54.6300  2
 -27.2000  54.7500  2
 -27.3500  54.9300  2
 -27.4500  55.1500  2
 -27.5500  55.2900  2
 -27.6400  55.4400  2
 -27.7300  55.6000  2
 -27.8500  55.7700  2
 -27.9600  55.8900  2
 -28.0800  56.0500  2
 -28.1800  56.1600  2
 -28.2600  56.3000  2
 -28.2200  56.1400  3
 -28.1100  56.1300  2
 -27.8700  55.6100  3
 -27.8000  55.7100  2
 -27.7400  55.4500  3
 -27.6400  55.4700  2
 -27.5400  55.1900  3
 -27.4600  55.2600  2
 -27.1400  54.5700  3
 -27.0600  54.6800  2
 -28.1500  56.5900  3
 -28.1300  56.6200  2
 -28.1500  56.6700  2
 -28.2600  56.6000  2
 -28.2800  56.6800  2
 -28.1300  56.8300  3
 -28.1500  56.7300  2
 -28.1900  56.7300  2
 -28.2000  56.8600  2
 -28.2500  56.8400  2
 -28.2300  56.7700  2
 -28.2400  56.7700  3
  99.0000   0.0000  3
 94X 129 907  66  55.64   0.00 AN    24 4
 -23.7000  55.4000  3
 -23.7800  55.4700  2
 -23.8800  55.5800  2
 -23.9500  55.6800  2
 -24.0300  55.8000  2
 -24.1300  55.9300  2
 -24.2200  56.0600  2
 -24.3000  56.1600  2
 -24.3400  56.2000  2
 -24.1100  55.8600  3
 -24.0600  55.9200  2
 -23.9700  55.5900  3
 -23.8800  55.6200  2
 -23.9700  55.9900  3
 -23.9700  56.0600  2
 -23.9900  56.1000  2
 -24.0400  56.0200  2
 -24.0600  56.0900  2
 -24.0800  56.2200  3
 -23.9900  56.1900  2
 -24.0500  56.1300  2
 -24.0500  56.2200  2
 -25.3800  55.4700  3
 -25.4500  55.5800  2
 -25.5100  55.6800  2
 -25.5900  55.8100  2
 -25.7200  55.9700  2
 -25.8200  56.1400  2
 -25.8900  56.2700  2
 -26.0200  56.4400  2
 -26.1400  56.6400  2
 -26.2900  56.8900  2
 -26.4500  57.0700  2
 -26.6200  57.3100  2
 -26.7500  57.4800  2
 -26.9000  57.6900  2
 -26.9800  57.8500  2
 -27.0300  57.9500  2
 -26.7100  57.7900  3
 -26.6900  57.8500  2
 -26.7500  57.8400  2
 -26.8100  57.8100  2
 -26.8200  57.8900  2
 -26.8000  57.9900  3
 -26.7000  57.9900  2
 -26.7500  57.9400  2
 -26.7500  58.0400  2
 -26.8100  57.6500  3
 -26.9400  57.6900  2
 -26.9100  57.6200  3
 -26.9200  57.7300  2
 -26.4300  56.8600  3
 -26.3000  56.8300  2
 -26.4300  56.8900  3
 -26.3200  56.9800  2
 -26.2400  56.6200  3
 -26.1700  56.6800  2
 -26.1200  56.4700  3
 -26.0300  56.5100  2
 -26.0000  56.3000  3
 -25.9700  56.3800  2
 -25.9200  56.2000  3
 -25.8400  56.2000  2
 -25.9100  56.0600  3
 -25.7900  56.0600  2
 -22.6100  63.8700  3
  99.0000   0.0000  3
 94X 130 907  78  54.29   0.00 AN    23 3
 -22.7600  56.1700  3
 -22.8300  56.2200  2
 -22.9600  56.4100  2
 -23.0300  56.5200  2
 -23.0800  56.5900  2
 -23.1700  56.7200  2
 -23.2400  56.8400  2
 -23.2800  56.9100  2
 -23.3100  56.9400  2
 -23.1800  56.6000  3
 -23.1300  56.6400  2
 -23.1600  56.5400  3
 -23.0100  56.4900  2
 -22.9800  56.3500  3
 -22.8700  56.3500  2
 -22.8100  56.1100  3
 -22.7300  56.1700  2
 -23.4000  56.8800  3
 -23.2900  56.8800  2
 -23.0400  56.8200  3
 -23.0400  56.8700  2
 -23.0600  56.9300  2
 -23.1400  56.8600  2
 -23.1500  56.9300  2
 -23.0600  56.9700  3
 -23.0300  57.0000  2
 -23.0600  57.0700  2
 -23.0900  57.0300  2
 -23.1100  57.0700  2
 -23.1400  57.0400  2
 -23.1100  56.9700  2
 -24.3700  56.2800  3
 -24.4400  56.3500  2
 -24.5500  56.4900  2
 -24.6000  56.5600  2
 -24.6700  56.6500  2
 -24.7400  56.7600  2
 -24.8400  56.8900  2
 -24.9300  57.0300  2
 -25.0300  57.1400  2
 -25.1300  57.2800  2
 -25.2000  57.3800  2
 -25.2900  57.5300  2
 -25.3900  57.7000  2
 -25.4900  57.8000  2
 -25.5800  57.9400  2
 -25.6800  58.0700  2
 -25.7600  58.1800  2
 -25.8500  58.3100  2
 -25.9200  58.4100  2
 -25.9800  58.5100  2
 -26.0500  58.5900  2
 -26.0700  58.6500  2
 -26.0300  58.4800  3
 -25.8900  58.4100  2
 -25.9900  58.4600  3
 -25.9100  58.4600  2
 -25.4800  57.7200  3
 -25.4500  57.7700  2
 -25.2700  57.4200  3
 -25.2100  57.4500  2
 -24.8000  56.7400  3
 -24.7400  56.7500  2
 -24.5400  56.3500  3
 -24.3900  56.3400  2
 -25.9300  58.6800  3
 -25.9000  58.7600  2
 -25.9600  58.7900  2
 -26.0500  58.7200  2
 -26.0600  58.8000  2
 -25.9500  58.8500  3
 -25.9000  58.9100  2
 -25.9400  58.9800  2
 -25.9800  58.9200  2
 -26.0000  58.9900  2
 -26.0400  58.9500  2
 -26.0000  58.8900  2
 -24.3000  61.0500  3
  99.0000   0.0000  3
 94X 131 907  65  52.28   0.00 AN    22 2
 -21.9600  56.7800  3
 -22.0300  56.8900  2
 -22.0700  57.0000  2
 -22.1700  57.1300  2
 -22.2300  57.2000  2
 -22.3000  57.3100  2
 -22.4400  57.4800  2
 -22.5000  57.6000  2
 -22.5400  57.6400  2
 -22.5600  57.7100  2
 -22.3300  57.2800  3
 -22.3000  57.3300  2
 -22.3200  57.0900  3
 -22.1800  57.1300  2
 -22.1900  57.0200  3
 -22.1500  57.1200  2
 -22.0200  56.7500  3
 -21.9500  56.7900  2
 -22.2100  57.3600  3
 -22.2000  57.4000  2
 -22.2100  57.4700  2
 -22.3000  57.3900  2
 -22.3300  57.4700  2
 -22.2400  57.5400  3
 -22.2000  57.5900  2
 -22.2700  57.6100  2
 -22.3000  57.5400  2
 -22.3200  57.6100  2
 -23.3900  57.0800  3
 -23.4400  57.1700  2
 -23.5300  57.2900  2
 -23.6000  57.4200  2
 -23.6900  57.5000  2
 -23.7900  57.7000  2
 -23.9100  57.8900  2
 -24.0000  57.9800  2
 -24.0500  58.1100  2
 -24.1600  58.2100  2
 -24.2500  58.3400  2
 -24.3600  58.5300  2
 -24.4500  58.6600  2
 -24.5400  58.7700  2
 -24.6200  58.8700  2
 -24.7200  59.0100  2
 -24.9000  58.9900  3
 -24.8700  59.0400  2
 -24.9200  59.0900  2
 -25.0100  59.0100  2
 -25.0100  59.1100  2
 -24.9100  59.2100  3
 -24.9000  59.2400  2
 -24.9300  59.2900  2
 -25.0300  59.2100  2
 -25.0300  59.2900  2
 -24.5000  58.7300  3
 -24.6300  58.7300  2
 -24.3000  58.2100  3
 -24.2400  58.2800  2
 -24.0600  57.9400  3
 -23.8800  57.9100  2
 -23.7800  57.4700  3
 -23.7300  57.5700  2
 -23.5500  57.2200  3
 -23.4300  57.1700  2
 -17.2200  67.5400  3
  99.0000   0.0000  3
 94X 132 907  50  49.55   0.00 AN    21 1
 -21.4500  57.2400  3
 -21.5800  57.4300  2
 -21.5900  57.4500  2
 -21.7200  57.5900  2
 -21.7800  57.6800  2
 -21.8700  57.8100  2
 -21.9400  57.8900  2
 -21.9800  57.9600  2
 -22.0500  58.0000  2
 -21.7700  57.8800  3
 -21.7400  57.9600  2
 -21.7700  58.0100  2
 -21.8500  57.9500  2
 -21.8600  58.0300  2
 -21.8500  58.1300  3
 -21.7500  58.1300  2
 -21.7600  58.0900  2
 -21.8400  57.5400  3
 -21.7500  57.6200  2
 -21.7200  57.4400  3
 -21.6200  57.3800  2
 -22.7500  57.5800  3
 -22.8300  57.6800  2
 -22.9100  57.7600  2
 -22.9500  57.8300  2
 -23.0500  57.9700  2
 -23.1300  58.0700  2
 -23.2500  58.2400  2
 -23.3000  58.3500  2
 -23.3800  58.4600  2
 -23.4900  58.6300  2
 -23.6100  58.7600  2
 -23.7300  58.9400  2
 -23.8100  59.0500  2
 -23.7700  59.0700  3
 -23.8700  59.1000  2
 -23.7800  59.3100  3
 -23.7300  59.3600  2
 -23.7900  59.4000  2
 -23.8500  59.3200  2
 -23.8500  59.4200  2
 -23.7600  59.5300  3
 -23.8400  59.5200  2
 -23.1500  58.0100  3
 -23.0600  58.1000  2
 -23.1300  57.9800  3
 -22.9800  57.9700  2
 -22.9100  57.7300  3
 -22.7900  57.6900  2
 -22.7900  57.7200  3
  99.0000   0.0000  3
 94X 133 907  30  45.42   0.00 AN    20 6
 -22.1900  58.0800  3
 -22.2600  58.1800  2
 -22.3600  58.3500  2
 -22.4400  58.4900  2
 -22.5600  58.6300  2
 -22.6500  58.7800  2
 -22.7600  58.9000  2
 -22.8400  59.0400  2
 -22.8900  59.1700  2
 -22.9500  59.2500  2
 -23.0100  59.3500  2
 -23.0500  59.4200  2
 -22.9500  59.5400  3
 -22.9300  59.5700  2
 -22.9700  59.6200  2
 -23.0400  59.5200  2
 -23.0400  59.6200  2
 -22.9300  59.7400  3
 -22.9700  59.7000  2
 -23.0200  59.7100  2
 -23.0200  59.7400  2
 -22.9800  59.7700  2
 -22.9300  59.7200  2
 -23.0900  59.3100  3
 -23.0100  59.3500  2
 -23.0800  59.3700  3
 -22.9900  59.2700  2
 -22.5300  58.5200  3
 -22.4200  58.5800  2
 -14.5000  80.5700  3
  99.0000   0.0000  3
 94X 134 907 200  84.00   0.00 TA 000   3
 -32.7800  47.9200  3
 -32.6500  48.0900  2
 -32.5700  48.2000  3
 -32.4700  48.3500  2
 -32.4000  48.4900  3
 -32.1900  48.6100  2
 -32.4000  48.6800  2
 -32.3400  48.5600  3
 -32.3300  48.6600  2
 -32.1200  48.8300  3
 -31.9400  49.0300  2
 -31.8400  49.1600  3
 -31.7300  49.3300  2
 -31.6300  49.4600  3
 -31.4400  49.7100  2
 -31.3600  49.8100  3
 -31.2600  49.8900  2
 -31.1300  50.0500  3
 -30.9600  50.2100  2
 -30.9000  50.2700  3
 -30.7500  50.4000  2
 -30.6200  50.5200  3
 -30.4700  50.6800  2
 -30.3700  50.7700  3
 -30.1900  50.9400  2
 -30.0700  51.0300  3
 -29.9300  51.1600  2
 -29.8300  51.2600  3
 -29.6800  51.4000  2
 -29.5900  51.4800  3
 -29.4200  51.6400  2
 -29.3100  51.7700  3
 -29.1100  51.9100  2
 -29.0100  52.0000  3
 -28.8400  52.1600  2
 -28.7200  52.2900  3
 -28.5700  52.4200  2
 -28.5100  52.4800  3
 -28.2600  52.6700  2
 -28.1700  52.8000  3
 -28.0100  52.9600  2
 -27.9100  53.0600  3
 -27.7500  53.1800  2
 -27.6000  53.3100  3
 -27.4400  53.4400  2
 -27.3500  53.5800  3
 -27.2200  53.7100  2
 -27.0800  53.8100  3
 -26.9300  53.9600  2
 -26.8300  54.0800  3
 -26.6900  54.2200  2
 -26.5800  54.2900  3
 -26.3600  54.4200  2
 -26.3100  54.5000  3
 -26.1200  54.6400  2
 -26.0100  54.7600  3
 -25.8400  54.8600  2
 -25.7400  54.9500  3
 -25.6100  55.0800  2
 -25.4600  55.2400  3
 -25.3300  55.3300  2
 -25.1900  55.4400  3
 -25.0300  55.5700  2
 -24.9000  55.7000  3
 -24.7500  55.8300  2
 -24.5800  55.9800  3
 -24.4500  56.0700  2
 -24.3300  56.1800  3
 -24.1700  56.3300  2
 -24.0400  56.4300  3
 -23.8900  56.5600  2
 -23.7300  56.6800  3
 -23.5900  56.7900  2
 -23.4800  56.9200  3
 -23.3300  57.0300  2
 -23.1500  57.1700  3
 -22.9700  57.3000  2
 -22.8500  57.3800  3
 -22.6600  57.5200  2
 -22.4800  57.7100  3
 -22.4000  57.7800  2
 -22.2400  57.9400  3
 -22.0700  58.0600  2
 -21.9200  58.2200  3
 -21.7900  58.3200  2
 -21.6000  58.4500  3
 -21.4900  58.5400  2
 -21.3400  58.6700  3
 -21.1700  58.8100  2
 -20.9900  58.9700  3
 -20.8200  59.1300  2
 -20.7100  59.2600  3
 -20.5400  59.4200  2
 -20.4000  59.5700  3
 -20.2700  59.7100  2
 -20.1900  59.7800  3
 -20.0100  59.9300  2
 -32.5800  46.4400  3
 -32.5000  46.5200  2
 -32.4500  46.6100  3
 -32.3400  46.7600  2
 -32.0900  46.9500  3
 -32.3300  46.9600  2
 -32.3200  47.0700  2
 -32.2400  47.1000  2
 -32.2100  47.0700  2
 -32.2200  46.9900  2
 -32.2000  47.0700  3
 -32.1400  47.1000  2
 -32.1100  47.0600  2
 -32.1100  46.9600  2
 -32.0700  47.2200  3
 -31.9700  47.3600  2
 -31.8600  47.4600  3
 -31.7100  47.6400  2
 -31.6200  47.7700  3
 -31.5400  47.9100  2
 -31.4800  47.9700  3
 -31.3500  48.1100  2
 -31.2100  48.2700  3
 -31.0900  48.3900  2
 -30.9900  48.4900  3
 -30.8700  48.6300  2
 -30.7600  48.7600  3
 -30.6800  48.8700  2
 -30.5200  49.0200  3
 -30.3900  49.1600  2
 -30.2900  49.3000  3
 -30.1800  49.3700  2
 -30.0600  49.5200  3
 -29.9200  49.6800  2
 -29.8400  49.7500  3
 -29.7300  49.8700  2
 -29.6200  49.9700  3
 -29.4600  50.1300  2
 -29.3400  50.2400  3
 -29.1800  50.3900  2
 -29.0800  50.4500  3
 -28.9300  50.6100  2
 -28.8200  50.6900  3
 -28.6700  50.8100  2
 -28.6000  50.9100  3
 -28.4600  51.0100  2
 -28.3500  51.1300  3
 -28.2300  51.2300  2
 -28.1300  51.3500  3
 -27.9900  51.4600  2
 -27.8400  51.5800  3
 -27.6900  51.7100  2
 -27.5900  51.8100  3
 -27.4600  51.9300  2
 -27.3200  52.0600  3
 -27.2100  52.1600  2
 -27.0600  52.2900  3
 -26.9600  52.3800  2
 -26.8600  52.4800  3
 -26.7200  52.5800  2
 -26.5500  52.7600  3
 -26.4400  52.8600  2
 -26.3300  52.9700  3
 -26.1600  53.0800  2
 -26.0400  53.1900  3
 -25.8700  53.3200  2
 -25.7600  53.4100  3
 -25.6200  53.5300  2
 -25.5300  53.6600  3
 -25.3800  53.7900  2
 -25.2900  53.8600  3
 -25.1500  53.9600  2
 -25.0200  54.1100  3
 -24.9300  54.1500  2
 -24.7700  54.2800  3
 -24.6600  54.3700  2
 -24.5100  54.5100  3
 -24.3600  54.6300  2
 -24.2300  54.7600  3
 -24.0900  54.8600  2
 -23.9100  55.0200  3
 -23.7600  55.1500  2
 -23.6500  55.2500  3
 -23.6000  55.3000  2
 -23.5100  55.3700  2
 -23.3500  55.5000  3
 -23.2000  55.6000  2
 -23.0800  55.7300  3
 -22.9400  55.8400  2
 -22.8100  55.9700  3
 -22.6700  56.0500  2
 -22.5000  56.2100  3
 -22.3800  56.3200  2
 -22.2200  56.4600  3
 -22.1300  56.5200  2
 -22.0300  56.6100  3
 -21.9400  56.6900  2
 -21.7800  56.8100  3
 -21.6500  56.9400  2
 -21.5000  57.0600  3
 -21.3700  57.1700  2
 -21.2700  57.2500  3
 -21.1100  57.3800  2
  99.0000   0.0000  3
 94X 134 907  17  84.00   0.00 TA 000   3
 -20.9900  57.4800  3
 -20.7700  57.6400  2
 -20.5900  57.8300  3
 -20.4800  57.9100  2
 -20.2800  58.0700  3
 -20.1200  58.1900  2
 -19.9500  58.3500  3
 -19.7900  58.4900  2
 -19.6900  58.6100  3
 -19.5300  58.7400  2
 -19.4100  58.8700  3
 -19.2800  58.9900  2
 -19.1400  59.1500  3
 -18.9800  59.2800  2
 -18.8400  59.4400  3
 -18.6800  59.6200  2
 -18.6800  59.6200  3
  99.0000   0.0000  3
 94X 134 907 159  84.00   0.00 TA 000   3
 -26.8800  48.7000  3
 -26.7600  48.9200  2
 -26.6700  49.0200  3
 -26.5400  49.1800  2
 -26.4700  49.3400  3
 -26.2900  49.5100  2
 -26.1900  49.6300  3
 -26.0400  49.8200  2
 -25.9400  49.9600  3
 -25.7900  50.1500  2
 -25.6900  50.3200  3
 -25.5100  50.4900  2
 -25.4000  50.6700  3
 -25.2200  50.8400  2
 -25.0700  51.0100  3
 -24.9500  51.1400  2
 -26.2800  46.5600  3
 -26.2300  46.6400  2
 -26.1700  46.7500  3
 -26.0500  46.9700  2
 -25.7500  47.3600  3
 -25.7000  47.3000  2
 -25.7500  47.2000  2
 -25.9200  47.2100  2
 -25.9400  47.3200  2
 -25.8800  47.3400  2
 -25.6800  47.5600  3
 -25.5800  47.7400  2
 -25.5000  47.8900  3
 -25.3700  48.0300  2
 -25.3000  48.1900  3
 -25.1600  48.4300  2
 -25.0900  48.5800  3
 -24.9700  48.7700  2
 -24.8700  48.9200  3
 -24.7600  49.0700  2
 -24.6400  49.2700  3
 -24.5500  49.3900  2
 -24.4800  49.5400  3
 -24.3300  49.7200  2
 -24.2400  49.9200  3
 -24.1100  50.1200  2
 -24.0300  50.2300  3
 -23.8900  50.4100  2
 -23.7800  50.5800  3
 -23.6800  50.7200  2
 -23.5700  50.8700  3
 -23.4700  50.9800  2
 -23.3600  51.2100  3
 -23.2300  51.3600  2
 -23.1400  51.4500  3
 -23.0100  51.6000  2
 -22.8900  51.7600  3
 -22.7400  51.8500  2
 -22.7000  52.0100  3
 -22.5600  52.1300  2
 -22.4000  52.3100  3
 -22.2800  52.3900  2
 -22.1300  52.5600  3
 -22.0400  52.6500  2
 -21.8800  52.7300  3
 -21.7400  52.9100  2
 -21.6100  53.0700  3
 -21.5200  53.1700  2
 -21.3800  53.2700  3
 -21.1900  53.4400  2
 -21.1000  53.5300  3
 -20.9400  53.6500  2
 -20.7700  53.7900  3
 -20.5600  53.9400  2
 -20.4600  54.0400  3
 -20.2900  54.1900  2
 -20.1600  54.2900  3
 -20.0300  54.3700  2
 -19.8200  54.5500  3
 -19.7500  54.6100  2
 -19.5500  54.7400  3
 -19.4300  54.8500  2
 -19.3000  54.9700  3
 -19.1500  55.0600  2
 -18.9900  55.1900  3
 -18.8100  55.3600  2
 -23.0700  48.8000  3
 -22.9800  48.8700  2
 -22.8700  49.0100  3
 -22.7000  49.2000  2
 -22.3000  49.4900  3
 -22.5200  49.5000  2
 -22.5200  49.6200  2
 -22.4200  49.6800  2
 -22.3100  49.6200  2
 -22.3100  49.5200  2
 -22.2100  49.8500  3
 -22.0500  50.0400  2
 -21.9400  50.1800  3
 -21.7800  50.3400  2
 -21.6800  50.5000  3
 -21.5700  50.6500  2
 -21.4400  50.7900  3
 -21.3100  50.9200  2
 -21.1800  51.0800  3
 -21.0600  51.2000  2
 -20.9400  51.3300  3
 -20.7600  51.5000  2
 -20.6800  51.6100  3
 -20.5200  51.7500  2
 -20.4200  51.8900  3
 -20.2200  52.0600  2
 -20.0900  52.1700  3
 -19.9600  52.3000  2
 -19.8100  52.4400  3
 -19.6500  52.5300  2
 -19.4800  52.6600  3
 -19.3200  52.8200  2
 -19.1700  52.9400  3
 -19.0200  53.0800  2
 -18.9000  53.1400  3
 -18.6800  53.3100  2
 -18.5600  53.4200  3
 -18.4300  53.5300  2
 -18.2700  53.6800  3
 -18.0900  53.8400  2
 -17.9500  53.9500  3
 -17.7700  54.0700  2
 -18.3800  51.2800  3
 -18.2100  51.4700  2
 -17.7400  51.7300  3
 -17.7400  51.6200  2
 -17.8500  51.6300  2
 -18.0100  51.6200  2
 -18.0000  51.7300  2
 -17.8600  51.6300  3
 -17.8500  51.7200  2
 -17.7700  51.8900  3
 -17.6100  52.0400  2
 -17.4900  52.1400  3
 -17.2600  52.3400  2
 -17.1200  52.4600  3
 -16.9500  52.5700  2
 -16.8100  52.6900  3
 -16.6700  52.8200  2
 -16.5200  52.9600  3
 -16.3400  53.1400  2
 -16.2200  53.2100  3
 -16.0500  53.3400  2
 -15.9100  53.4600  3
 -15.7300  53.5600  2
 -15.5900  53.7300  3
 -15.4200  53.8500  2
 -15.2500  54.0200  3
 -15.0800  54.1700  2
 -14.9600  54.2700  3
 -14.7000  54.4200  2
 -14.5700  54.5500  3
 -14.3600  54.6900  2
 -14.0300  55.0300  3
 -13.8600  55.1400  2
 -13.6900  55.2700  3
 -13.6900  55.2700  3
  99.0000   0.0000  3
 99X 144 907  24 160.00   0.00 TA 000   7
 -26.2900  44.8300  3
 -25.7400  44.4600  2
 -25.3600  44.2300  2
 -25.1400  44.0400  2
 -24.8000  43.8500  2
 -24.4200  43.6200  2
 -24.1200  43.4800  2
 -23.6400  43.3000  2
 -23.2100  43.1100  2
 -22.6900  42.9700  2
 -22.3400  42.9300  2
 -21.9100  42.8800  2
 -21.3400  42.8400  2
 -20.8100  42.8400  2
 -20.4200  42.8400  2
 -19.9800  42.8400  2
 -19.4900  42.8000  2
 -18.9600  42.7000  2
 -18.3300  42.5200  2
 -17.8000  42.5200  2
 -17.4400  42.5200  2
 -17.0400  42.4800  2
 -16.7700  42.4800  2
  23.7200  91.2200  3
   9.4630   9.0710 20
 -25.3200  47.5400  3
 -25.2300  47.5900  2
 -25.1500  47.6200  2
 -25.0900  47.6200  2
 -25.0400  47.6400  2
 -25.0000  47.6500  2
 -24.9300  47.6800  2
 -24.8500  47.7100  2
 -24.7600  47.7200  2
 -24.6800  47.7500  2
 -24.6000  47.7800  2
 -24.5100  47.7900  2
 -24.4200  47.8100  2
 -24.3300  47.8300  2
 -24.2600  47.8500  2
 -24.1700  47.8900  2
 -24.1000  47.9700  2
 -24.0600  48.0100  2
 -23.9800  48.0600  2
 -23.8600  48.0700  2
 -23.7700  48.0900  2
 -23.6700  48.1300  2
 -23.5600  48.1400  2
 -23.4700  48.1600  2
 -23.4000  48.1600  2
 -23.2800  48.1900  2
 -23.1800  48.2200  2
 -23.0900  48.2100  2
 -22.9800  48.2500  2
 -22.8500  48.2500  2
 -22.7200  48.2900  2
 -22.6100  48.3100  2
 -22.5200  48.3400  2
 -22.4100  48.3700  2
 -22.2900  48.4000  2
 -22.1900  48.4200  2
 -22.0100  48.4900  2
 -21.9100  48.5400  2
 -21.8100  48.5800  2
 -21.6800  48.6400  2
 -21.5500  48.6700  2
 -21.4200  48.7000  2
 -21.3100  48.7300  2
 -21.1500  48.7500  2
 -21.0800  48.7800  2
 -20.9300  48.8300  2
 -20.8000  48.8800  2
 -20.6800  48.9200  2
 -20.5600  48.9600  2
 -20.4500  48.9900  2
 -20.3200  49.0500  2
 -20.1600  49.1200  2
 -20.0500  49.1800  2
 -19.9200  49.2200  2
 -19.7800  49.2400  2
 -19.6200  49.3200  2
 -19.4600  49.3600  2
 -19.3200  49.4000  2
 -19.1800  49.4400  2
 -19.0700  49.5000  2
 -18.9500  49.5400  2
 -18.8200  49.5800  2
 -18.6700  49.6000  2
 -18.5400  49.6400  2
 -18.3900  49.6900  2
 -18.2700  49.7300  2
 -18.1200  49.7800  2
 -17.9700  49.8200  2
 -17.8100  49.8800  2
 -17.6600  49.9600  2
 -17.5400  50.0300  2
 -17.4100  50.1300  2
 -17.2800  50.2000  2
 -17.1200  50.3000  2
 -16.9900  50.3800  2
 -16.8700  50.4400  2
 -16.7300  50.4500  2
 -16.6700  50.4600  2
 -16.5300  50.4800  2
 -16.4200  50.4900  2
 -16.3300  50.4900  2
 -16.2400  50.4900  2
 -16.1100  50.5300  2
 -15.9700  50.5500  2
 -15.8200  50.5700  2
 -15.7300  50.5800  2
 -15.6000  50.6300  2
 -15.4600  50.6300  2
 -15.3700  50.6200  2
 -15.2200  50.6100  2
 -15.1100  50.5900  2
 -15.0000  50.5800  2
 -14.8400  50.5800  2
 -14.7100  50.5700  2
 -14.5400  50.5300  2
 -14.4400  50.5100  2
 -14.3000  50.4900  2
 -14.2000  50.4800  2
 -14.0900  50.4500  2
 -13.9300  50.4000  2
 -13.8300  50.4000  2
 -13.7100  50.3800  2
 -13.6000  50.3400  2
 -13.4400  50.3000  2
 -13.3100  50.2400  2
 -13.2000  50.2000  2
 -13.0900  50.1500  2
 -12.9800  50.1100  2
 -12.8100  50.0100  2
 -12.6100  49.9600  2
 -12.5300  49.9400  2
 -12.4100  49.8700  2
 -12.3000  49.7900  2
 -12.1500  49.7000  2
 -12.0400  49.6200  2
 -11.9200  49.5100  2
 -11.7800  49.3800  2
 -11.7300  49.3300  2
 -11.6500  49.2600  2
 -11.6300  49.2900  3
  99.0000   0.0000  3
 94X  40 907  62  84.00   0.00 AN    34 3
 -27.2000  47.7100  3
 -27.0300  47.6200  2
 -26.9000  47.5300  2
 -26.8000  47.4200  2
 -26.6500  47.2700  2
 -26.5900  47.2000  2
 -26.4600  46.9800  2
 -26.3600  46.9300  2
 -26.2600  46.8000  2
 -26.1900  46.7700  2
 -26.1200  46.6900  2
 -26.1200  46.6900  3
 -26.6700  47.0100  3
 -26.6100  47.1400  2
 -26.5600  47.2000  2
 -26.5500  47.2800  2
 -26.5500  47.2800  3
 -27.1900  47.6100  3
 -27.1900  47.6300  2
 -27.1600  47.7100  2
 -27.1500  47.8000  2
 -27.1500  47.8000  3
 -24.0500  49.5200  3
 -23.9800  49.4900  2
 -23.8700  49.4400  2
 -23.7500  49.3300  2
 -23.5800  49.1500  2
 -23.3900  48.9800  2
 -23.2900  48.8200  2
 -23.2000  48.7300  2
 -23.0600  48.5700  2
 -23.0800  48.5500  3
 -23.5800  48.7600  3
 -23.4800  48.8900  2
 -23.4100  49.0000  2
 -23.3800  49.0600  2
 -23.3800  49.0800  3
 -23.8400  49.2100  3
 -23.7400  49.3300  2
 -23.6900  49.3700  2
 -23.6500  49.4200  2
 -23.6600  49.4400  3
  99.0000   0.0000  3
 94X 117 907 200 560.00   0.00 BA 3000  7
 -10.6300  48.9600  3
 -10.7300  49.0400  2
 -10.8100  49.1500  2
 -10.7100  49.3400  2
 -10.8700  49.3800  2
 -11.1200  49.4900  2
 -11.1900  49.5400  2
 -11.2900  49.6700  2
 -11.4200  49.7000  2
 -11.6400  49.7600  2
 -11.9700  49.8800  2
 -12.1600  49.9100  2
 -12.4000  49.9900  2
 -12.5000  49.9800  2
 -12.6000  50.0800  2
 -12.6700  50.1400  2
 -12.7100  50.1800  2
 -12.8600  50.2600  2
 -13.0400  50.2300  2
 -13.1200  50.2900  2
 -13.2000  50.4300  2
 -13.3700  50.5300  2
 -13.5800  50.5700  2
 -13.7400  50.6000  2
 -13.8900  50.5500  2
 -14.1100  50.6800  2
 -14.2700  50.7200  2
 -14.4600  50.7300  2
 -14.5400  50.7600  2
 -14.7300  50.7100  2
 -14.8200  50.7300  2
 -14.9500  50.7600  2
 -15.0400  50.7700  2
 -15.1600  50.8500  2
 -15.4200  50.8500  2
 -15.5800  50.8400  2
 -15.8400  50.7700  2
 -15.9900  50.7600  2
 -16.1600  50.7200  2
 -16.3300  50.7100  2
 -16.5300  50.7200  2
 -16.7600  50.7100  2
 -16.9000  50.6700  2
 -17.0900  50.6000  2
 -17.1800  50.5600  2
 -17.2100  50.4800  2
 -17.3000  50.3900  2
 -17.3700  50.3600  2
 -17.3900  50.2900  2
 -17.5100  50.2600  2
 -17.5500  50.1300  2
 -17.7200  50.1000  2
 -17.8200  50.0900  2
 -18.0500  50.0300  2
 -18.3200  49.9900  2
 -18.5800  49.9200  2
 -18.8100  49.7400  2
 -19.0100  49.6300  2
 -19.2500  49.4800  2
 -19.6100  49.4300  2
 -19.9300  49.3200  2
 -20.2200  49.2000  2
 -20.5600  49.1200  2
 -20.7500  49.0900  2
 -21.0500  48.9600  2
 -21.3400  48.9500  2
 -21.7300  48.8500  2
 -22.1800  48.7200  2
 -22.4800  48.6300  2
 -22.9300  48.4700  2
 -23.1400  48.4300  2
 -23.4500  48.4100  2
 -23.5700  48.3700  2
 -23.9400  48.2600  2
 -24.2000  48.1600  2
 -24.2600  48.0700  2
 -24.2700  47.9500  2
 -24.6200  47.8500  2
 -24.7300  47.7700  2
 -24.9400  47.6200  2
 -25.0500  47.5700  2
 -25.2000  47.5400  2
 -25.2900  47.6000  2
 -25.4700  47.6500  2
 -25.6600  47.6600  2
 -25.8300  47.6500  2
 -26.0700  47.5500  2
 -26.1200  47.5000  2
 -26.2700  47.4000  2
 -26.2900  47.6300  2
 -26.5200  47.7200  2
 -26.7000  47.7300  2
 -27.0000  47.6300  2
 -27.1800  47.6500  2
 -27.2400  47.7800  2
 -27.1700  48.0400  2
 -27.3100  48.1400  2
 -27.3900  48.0100  2
 -27.5400  48.1100  2
 -27.5800  48.4000  2
 -27.6600  48.6300  2
 -27.8500  48.8900  2
 -27.9100  49.0500  2
 -28.1000  49.1600  2
 -28.0300  49.3300  2
 -28.4400  49.2200  2
 -28.5600  49.1300  2
 -28.9700  49.0000  2
 -29.1900  48.8900  2
 -29.3900  48.6800  2
 -29.4600  48.3600  2
 -29.4900  48.0900  2
 -29.5100  47.8100  2
 -29.4900  47.6800  2
 -29.2900  47.4700  2
 -28.8900  47.4100  2
 -28.6500  47.4400  2
 -28.3500  47.4600  2
 -28.3200  47.2500  2
 -28.5700  46.9400  2
 -28.6800  46.8700  2
 -28.8300  46.7200  2
 -28.4200  46.6700  2
 -28.4200  46.4000  2
 -28.6800  46.2400  2
 -28.9700  46.3100  2
 -29.1400  46.7000  2
 -29.3200  46.9500  2
 -29.6100  47.1800  2
 -29.9700  47.1600  2
 -30.2100  47.2400  2
 -30.3400  47.3900  2
 -30.3800  47.7300  2
 -30.5400  47.7100  2
 -30.7900  47.4500  2
 -31.0500  47.0100  2
 -31.4100  46.7300  2
 -31.6400  46.5500  2
 -31.8700  46.5100  2
 -32.2200  46.5900  2
 -32.6200  46.7400  2
 -32.9000  46.8000  2
 -33.3200  46.9000  2
 -33.6500  46.9400  2
 -33.7900  46.9700  2
 -34.0700  47.0200  2
 -34.2200  47.1600  2
 -34.6400  46.9300  2
 -34.9100  46.6900  2
 -35.1300  46.5500  2
 -35.4200  46.2600  2
 -35.5100  45.9500  2
 -35.5900  45.5600  2
 -35.2900  45.5000  2
 -35.3500  45.2100  2
 -35.3100  45.0100  2
 -35.2600  44.5600  2
 -35.2600  44.0200  2
 -35.2100  43.5500  2
 -35.1700  43.3200  2
 -34.9600  43.4300  2
 -34.9500  43.1300  2
 -34.6800  43.0600  2
 -34.4800  42.9800  2
 -34.2800  43.0400  2
 -34.1100  43.0500  2
 -33.8100  42.7700  2
 -33.6100  42.7200  2
 -33.3200  42.8200  2
 -33.1200  42.8100  2
 -32.9300  42.8900  2
 -32.6300  42.9400  2
 -32.4300  42.8900  2
 -32.2500  43.0000  2
 -32.1200  43.0300  2
 -31.9600  43.0400  2
 -31.7900  42.9600  2
 -31.6600  42.7900  2
 -31.6000  42.6500  2
 -31.4700  42.7000  2
 -31.2500  42.8000  2
 -31.0400  42.8700  2
 -30.8100  42.9600  2
 -30.5200  43.0600  2
 -30.3000  43.1200  2
 -30.1300  43.2200  2
 -30.0100  43.2900  2
 -29.8600  43.4400  2
 -29.7200  43.5200  2
 -29.5500  43.5800  2
 -29.3800  43.5900  2
 -29.2000  43.6800  2
 -29.0600  43.7900  2
 -29.1600  43.8300  2
 -29.0900  43.9600  2
 -28.9500  44.0600  2
 -28.8300  44.0400  2
 -28.6200  44.0000  2
 -28.5200  44.0700  2
 -28.4400  44.0100  2
  99.0000   0.0000  3
 94X 117 907  81 560.00   0.00 BA 3000  7
 -28.2200  44.0600  3
 -28.1100  43.9500  2
 -27.9500  43.9400  2
 -27.7600  44.0700  2
 -27.5700  44.2200  2
 -27.3000  44.2600  2
 -27.0500  44.2500  2
 -26.7900  44.2200  2
 -26.5700  44.1400  2
 -26.4700  43.9700  2
 -26.2400  43.8000  2
 -26.1000  43.6800  2
 -25.9700  43.6500  2
 -25.8000  43.7300  2
 -25.5500  43.8700  2
 -25.4000  43.9600  2
 -25.3600  43.8400  2
 -25.2200  43.7300  2
 -25.0300  43.6400  2
 -24.8900  43.6100  2
 -24.6800  43.5600  2
 -24.5700  43.5200  2
 -24.3900  43.4700  2
 -24.2400  43.4700  2
 -24.0900  43.4900  2
 -23.8800  43.3800  2
 -23.7900  43.2900  2
 -23.6600  43.1200  2
 -23.5300  42.9800  2
 -23.3500  42.9500  2
 -23.1300  42.9200  2
 -22.8600  42.8500  2
 -22.5700  42.7700  2
 -22.3900  42.7500  2
 -16.2100  42.8700  3
 -16.1400  42.9100  2
 -16.0700  43.0100  2
 -16.0000  43.1300  2
 -15.8400  43.2700  2
 -15.7100  43.4100  2
 -15.5200  43.5800  2
 -15.4300  43.7200  2
 -15.4300  43.8700  2
 -15.3600  44.0700  2
 -15.3000  44.2800  2
 -15.3600  44.5000  2
 -15.4400  44.7700  2
 -15.4800  45.0000  2
 -15.3900  45.2400  2
 -15.3500  45.3300  2
 -15.0200  45.4900  2
 -14.8300  45.6300  2
 -14.5800  45.8300  2
 -14.3900  46.0400  2
 -14.3300  46.2500  2
 -14.2300  46.3800  2
 -14.0000  46.5200  2
 -13.8600  46.7200  2
 -13.7500  46.9900  2
 -13.5000  47.2900  2
 -13.2400  47.4700  2
 -12.9500  47.4900  2
 -12.8300  47.3900  2
 -12.6500  47.4100  2
 -12.2100  47.5700  2
 -12.0500  47.6300  2
 -11.8000  47.7700  2
 -11.8600  47.9000  2
 -11.9100  48.1700  2
 -11.8800  48.4400  2
 -11.8500  48.5600  2
 -11.7100  48.7000  2
 -11.4900  48.8600  2
 -11.3800  48.8600  2
 -11.2400  48.9400  2
 -11.1000  48.9600  2
 -10.9400  48.9800  2
 -10.8000  48.9300  2
 -10.6900  48.9600  2
 -10.6500  48.9900  2
 -10.6500  49.0000  3
  99.0000   0.0000  3
 95X  35 907 200   1.00   0.00 RI 000   1
 -44.7000  35.0800  3
 -44.7100  35.1200  2
 -44.7500  35.2400  2
 -44.7800  35.3500  2
 -44.4200  35.6600  2
 -44.4800  36.1200  2
 -44.5200  36.2600  2
 -44.5300  36.3700  2
 -44.5800  36.5500  2
 -44.4100  36.8100  3
 -44.4300  36.8700  2
 -44.4200  36.9100  2
 -44.4300  37.0800  2
 -44.2700  37.1800  3
 -44.2800  37.2200  2
 -44.2800  37.2600  2
 -44.2800  37.4100  2
 -44.3000  37.5300  2
 -44.1200  37.7400  3
 -44.1200  37.7900  2
 -44.1200  37.8700  2
 -44.1800  38.0800  2
 -44.1900  38.1400  2
 -43.8300  38.3900  3
 -43.8300  38.3900  2
 -43.8100  38.5000  2
 -43.8300  38.5600  2
 -43.8400  38.6400  2
 -43.8600  38.8500  2
 -43.8600  38.8900  2
 -43.8800  38.9500  2
 -43.0500  39.4600  3
 -43.0700  39.5000  2
 -43.0800  39.6900  2
 -43.1000  39.6900  2
 -43.1000  39.7300  2
 -43.1400  39.9000  2
 -43.1400  40.0000  2
 -43.1800  40.1500  2
 -43.1800  40.2700  2
 -43.1900  40.3100  2
 -43.2100  40.4000  2
 -42.8000  40.6900  3
 -42.8000  40.7300  2
 -42.8600  40.9800  2
 -42.8600  41.0700  2
 -42.8800  41.2500  2
 -42.9000  41.4000  2
 -42.9100  41.4800  2
 -42.5200  41.7600  3
 -42.5200  41.7800  2
 -42.5200  41.8800  2
 -42.5000  42.0100  2
 -42.5000  42.1300  2
 -42.5000  42.1900  2
 -40.4700  42.9200  3
 -40.4700  42.9400  2
 -40.4500  42.9900  2
 -40.4500  43.0700  2
 -40.4600  43.2600  2
 -40.3100  43.3400  3
 -40.3100  43.3600  2
 -40.3100  43.4400  2
 -40.3300  43.6300  2
 -40.3200  43.6700  2
 -40.3000  43.8000  2
 -40.3000  43.8400  2
 -40.3200  43.9900  2
 -40.0000  44.0900  3
 -40.0200  44.1300  2
 -40.0000  44.2200  2
 -40.0000  44.5100  2
 -40.0000  44.6500  2
 -40.0100  44.7400  2
 -39.9900  44.7800  2
 -39.9700  44.8800  2
 -39.8500  45.0100  3
 -39.8300  45.1300  2
 -39.8300  45.2400  2
 -39.8300  45.3400  2
 -39.8500  45.5300  2
 -39.8400  45.6500  2
 -39.8400  45.7400  2
 -39.8400  45.8400  2
 -39.8400  45.9000  2
 -38.7000  46.1000  3
 -38.7500  46.1900  2
 -38.7300  46.2900  2
 -38.7300  46.4400  2
 -38.7200  46.5000  2
 -38.7200  46.6000  2
 -38.7200  46.7100  2
 -38.7000  46.7700  2
 -38.7200  46.8700  2
 -38.2800  47.1700  3
 -38.2800  47.2700  2
 -38.2800  47.4000  2
 -38.2800  47.6300  2
 -38.0200  47.8400  3
 -38.0400  47.8800  2
 -38.0300  48.0200  2
 -38.0100  48.0400  2
 -37.9900  48.1900  2
 -38.0100  48.3100  2
 -38.0100  48.3600  2
 -37.8000  48.4800  3
 -37.8000  48.5000  2
 -37.7800  48.6500  2
 -37.7800  48.6300  2
 -37.8000  48.6700  2
 -37.7800  48.7300  2
 -37.8000  48.8400  2
 -37.5700  48.9600  3
 -37.5900  49.0700  2
 -37.5900  49.1100  2
 -37.5800  49.4800  2
 -37.5800  49.5500  2
 -37.5800  49.6700  2
 -37.6000  49.8200  2
 -37.3800  49.9200  3
 -37.4300  50.0300  2
 -37.4200  50.1900  2
 -37.4200  50.2500  2
 -37.4200  50.3400  2
 -37.4500  50.5700  2
 -37.2100  50.6900  3
 -37.2200  50.7600  2
 -37.2200  50.8200  2
 -37.2200  51.0500  2
 -37.2200  51.1500  2
 -37.2100  51.3400  2
 -37.1600  51.4200  3
 -37.1800  51.5000  2
 -37.1600  51.8600  2
 -35.9500  52.2200  3
 -35.9700  52.3300  2
 -35.9500  52.4500  2
 -35.9900  52.8900  2
 -35.9900  52.9300  2
 -35.9700  53.0100  2
 -35.1400  53.3300  3
 -35.1600  53.4000  2
 -35.1500  53.6000  2
 -35.1500  53.6700  2
 -35.1500  53.7700  2
 -35.1500  53.8800  2
 -35.1500  53.9400  2
 -35.1500  54.0200  2
 -35.1700  54.0600  2
 -34.5200  54.1700  3
 -34.5200  54.1700  2
 -34.5000  54.3000  2
 -34.5000  54.4400  2
 -34.5000  54.6300  2
 -34.5200  54.7100  2
 -34.5200  54.8400  2
 -34.5200  54.8800  2
 -34.5200  54.9800  2
 -34.2200  55.0300  3
 -34.2000  55.1500  2
 -34.2000  55.1700  2
 -34.1700  55.5900  2
 -34.1900  55.6300  2
 -33.6200  55.7000  3
 -33.6000  55.8000  2
 -33.6000  55.9100  2
 -33.6000  56.1600  2
 -33.6000  56.2000  2
 -33.6100  56.3700  2
 -33.5700  56.5100  2
 -33.4200  56.5100  3
 -33.4200  56.5300  2
 -33.4200  56.6200  2
 -33.4200  56.6800  2
 -31.6900  57.2600  3
 -31.6900  57.2600  2
 -31.7100  57.3600  2
 -31.7100  57.4500  2
 -31.7100  57.5500  2
 -31.6700  57.8400  2
 -31.6900  57.9900  2
 -31.6900  58.1700  2
 -31.6900  58.2400  2
 -31.0400  58.4900  3
 -31.0200  58.6000  2
 -31.0200  58.6600  2
 -31.0200  58.7000  2
 -31.0100  58.8000  2
 -31.0200  58.9100  2
 -31.0200  58.9300  2
 -30.4700  59.0600  3
 -30.4500  59.1000  2
 -30.4600  59.1600  2
 -30.4600  59.3700  2
 -30.4400  59.5000  2
 -30.4200  59.7500  2
 -30.4200  59.8300  2
 -28.8300  61.0500  3
 -28.8400  61.1100  2
 -28.8300  61.2400  2
 -28.7700  61.3800  3
 -28.7800  61.5500  2
 -28.8100  61.6700  2
 -28.7800  61.8000  2
 -28.2700  62.8400  3
 -28.2700  62.8900  2
 -28.2800  62.9900  2
 -28.2600  63.0900  2
 -28.2400  63.2800  2
 -28.1500  63.2800  3
 -28.1500  63.3600  2
 -28.1300  63.4500  2
 -28.1300  63.5700  2
 -28.1300  63.6800  2
 -27.7100  63.8500  3
 -27.7300  63.9100  2
 -27.7300  64.0300  2
 -27.7300  64.2000  2
 -27.7400  64.5500  2
 -27.7400  64.8200  2
 -27.7400  64.9500  2
 -27.7800  65.1400  2
 -27.7600  65.2200  2
 -27.4300  65.4500  3
 -27.4300  65.5500  2
 -27.4000  65.7200  2
 -27.4200  65.8900  2
 -27.3600  66.1400  2
 -27.3800  66.3200  2
 -27.0300  66.4500  3
 -27.0500  66.5600  2
 -27.0300  66.6600  2
 -27.0400  66.8300  2
 -27.0400  66.9300  2
 -27.0400  67.0300  2
 -27.0200  67.2200  2
 -26.6700  67.3100  3
 -26.6900  67.3700  2
 -26.6700  67.4100  2
 -26.6700  67.5400  2
 -26.6700  67.6800  2
 -26.6500  67.7400  2
 -26.2700  68.3100  3
 -26.2700  68.4100  2
 -26.2700  68.4800  2
 -26.2500  68.5800  2
 -26.2500  68.6600  2
 -26.0800  68.7100  3
 -26.1000  68.6900  2
 -26.1200  68.8500  2
 -26.0900  68.9400  2
 -26.0900  69.0400  2
 -25.7500  69.3500  3
 -25.7000  69.3800  2
 -25.6800  69.5200  2
 -25.6000  69.6700  2
 -25.5300  69.7900  2
 -25.4700  69.8400  2
 -25.4900  69.8800  3
  99.0000   0.0000  3
 98X 300 907  61 133.01   0.00 AN   M11 4
 -10.9000  43.9700  3
 -10.9000  43.9900  2
 -10.8600  44.3200  2
 -10.8700  44.5700  2
 -10.8700  44.8100  2
 -10.8300  45.1000  2
 -10.7900  45.2900  2
 -10.7700  45.6200  2
 -10.7600  45.8900  2
 -10.7400  46.0400  2
 -10.7200  46.2600  2
 -10.6900  46.2800  3
 -11.6700  41.1900  3
 -11.6400  41.4800  2
 -11.6000  41.7800  2
 -11.5600  42.1600  2
 -11.5800  42.6500  2
 -11.5600  42.8500  2
 -11.5300  43.1100  2
 -11.5300  43.2900  2
 -11.5000  43.5100  2
 -11.4800  43.7100  2
 -11.4700  43.8000  2
 -11.4700  43.8000  3
  99.0000   0.0000  3
 98X 301 907  27 127.28   0.00 AN    M6 4
  -9.6700  44.0200  3
  -9.6400  44.1000  2
  -9.6600  44.2400  2
  -9.6600  44.4400  2
  -9.6400  44.6400  2
  -9.6500  44.9300  2
  -9.6400  45.2200  2
  -9.6300  45.4800  2
  -9.6200  45.7100  2
  -9.6500  46.0200  2
  -9.6100  46.1900  2
  99.0000   0.0000  3
 98X 302 907  19 153.35   0.00 AN   M22 3
 -15.5300  41.5000  3
 -15.5300  41.6700  2
 -15.5300  42.0500  2
 -15.4800  42.2700  2
 -15.4300  42.5700  2
 -15.4800  41.8900  2
 -15.4900  42.0000  2
 -15.4800  42.2500  2
 -15.4600  42.4700  2
 -15.3900  42.7200  2
 -15.3600  42.9200  2
 -15.3600  43.1400  2
 -15.3200  43.2700  2
 -15.3100  43.5200  2
 -15.3200  43.7000  2
 -15.3000  43.8300  2
 -15.2800  43.9600  2
  99.0000   0.0000  3
 98X 304 907  44 141.53   0.00 AN   M16 3
 -12.2600  44.0900  3
 -12.2700  44.2500  2
 -12.2300  44.5600  2
 -12.2100  44.7300  2
 -12.2100  44.9300  2
 -12.2000  45.1600  2
 -12.2000  45.3800  2
 -12.2000  45.5600  2
 -12.1900  45.7800  2
 -12.1700  45.9800  2
 -12.1600  46.0600  2
 -12.1600  46.2000  2
  99.0000   0.0000  3
 98X 303 907  16 144.54   0.00 AN   M18 5
 -14.1600  41.4100  3
 -14.1400  41.4300  2
 -14.1600  41.6100  2
 -14.1000  41.7600  2
 -14.0500  42.0200  2
 -14.0000  42.2600  2
 -14.0000  42.4600  2
 -13.9600  42.7200  2
 -13.9500  42.9900  2
 -13.8900  43.2000  2
 -13.8800  43.4300  2
 -13.8400  43.6000  2
 -13.8300  43.8200  2
 -13.8200  43.9100  2
 -13.8100  44.0200  3
  27.8700  70.4500  3
  99.0000   0.0000  3
 90X1000 907  29 118.35   0.00 AN    M0 4
  -7.5500  43.5100  3
  -7.5500  43.6800  2
  -7.5900  43.9600  2
  -7.6300  44.2500  2
  -7.6500  44.4700  2
  -7.5900  44.9200  2
  -7.5800  45.2000  2
  -7.5800  45.4100  2
  -7.5800  45.6300  2
  -7.7100  44.5700  3
  -7.7100  44.5700  2
  -7.5500  44.6300  2
  -7.3400  44.6700  2
  -7.6600  45.8600  3
  -7.6600  45.8400  2
  -7.4200  45.8800  2
  -7.5000  45.9800  2
  -7.4200  46.0600  2
  -7.6800  46.0600  2
  -7.6200  46.3400  3
  -7.6200  46.3200  2
  -7.5600  46.2600  2
  -7.4400  46.2800  2
  -7.4200  46.3800  2
  -7.4400  46.4700  2
  -7.5800  46.4900  2
  -7.6800  46.4300  2
  -7.6600  46.3700  2
  -7.6600  46.3700  3
  99.0000   0.0000  3
 90X1001 907  27 124.19   0.00 AN    M3 1
  -8.3000  43.3500  3
  -8.3200  43.5600  2
  -8.3200  43.8000  2
  -8.2900  44.0900  2
  -8.2900  44.3100  2
  -8.2700  44.6400  2
  -8.2500  44.9400  2
  -8.2300  45.1900  2
  -8.2500  45.4500  2
  -8.2500  45.5900  2
  -8.4100  45.8000  3
  -8.4100  45.8200  2
  -8.1500  45.8600  2
  -8.2700  45.9800  2
  -8.1300  46.1000  2
  -8.3500  46.1400  2
  -8.0200  46.3100  3
  -8.0400  46.5100  2
  -8.1600  46.4500  2
  -8.1800  46.5700  2
  -8.3200  46.5700  2
  -8.3500  46.3900  2
  -8.2700  46.3100  2
  -8.2300  46.3100  2
  -8.3900  44.5100  3
  -8.1900  44.6200  2
  -8.1900  44.6200  3
  99.0000   0.0000  3
 90X1002 907  28 130.01   0.00 AN   M10 2
  -9.0000  43.1300  3
  -9.0000  43.4200  2
  -9.0000  43.6400  2
  -9.0200  43.8900  2
  -9.0400  44.1100  2
  -9.0600  44.3100  2
  -9.0800  44.5800  2
  -9.1400  44.9000  2
  -9.1800  45.2300  2
  -9.1700  45.4500  2
  -9.1700  45.5400  2
  -9.2200  44.4600  3
  -8.9000  44.5400  2
  -9.2900  45.7600  3
  -8.9300  45.8200  2
  -9.0700  45.9400  2
  -8.9900  46.0900  2
  -9.2500  46.0500  2
  -9.0100  46.3300  3
  -9.3300  46.3100  2
  -9.1300  46.4900  3
  -9.0300  46.6200  2
  -9.0900  46.7600  2
  -9.2100  46.6800  2
  -9.2900  46.5600  2
  -9.2100  46.4900  2
  -9.0700  46.5100  2
  -9.0700  46.5100  3
  99.0000   0.0000  3
 90X1003 907  28 135.15   0.00 AN   M12 5
 -10.0100  43.0800  3
 -10.0300  43.4000  2
 -10.0100  43.6500  2
 -10.0000  43.8700  2
 -10.0000  44.0900  2
 -10.0200  44.3200  2
 -10.0600  44.5400  2
 -10.0600  44.7700  2
 -10.0600  45.1100  2
 -10.0600  45.3200  2
 -10.0800  45.5200  2
 -10.2000  45.7600  3
  -9.8600  45.8600  2
  -9.9800  45.9900  2
  -9.8500  46.1500  2
 -10.1600  46.1700  2
 -10.0300  46.4400  3
 -10.2500  46.5000  2
 -10.0100  46.7400  3
 -10.0100  46.7600  2
  -9.9900  46.8800  2
 -10.0500  47.0300  2
 -10.2500  46.8800  2
 -10.3700  46.6800  2
 -10.3700  46.9900  2
 -10.2400  44.3400  3
  -9.9000  44.4000  2
  -9.9000  44.4000  3
  99.0000   0.0000  3
 90X1004 907  21 136.87   0.00 AN   M13 6
 -10.5700  43.0600  3
 -10.5900  43.3200  2
 -10.5900  43.6100  2
 -10.5700  43.8300  2
 -10.5900  44.0100  2
 -10.5800  44.2800  2
 -10.6000  44.5600  2
 -10.6200  44.8100  2
 -10.6200  45.1100  2
 -10.6400  45.3400  2
 -10.4600  45.7200  3
 -10.4200  45.9700  2
 -10.6600  45.9700  2
 -10.7000  45.7700  2
 -10.8600  45.7900  2
 -11.0600  45.7900  3
 -11.0600  45.7900  2
 -11.0600  45.8100  2
 -10.7800  44.2800  3
 -10.6000  44.3200  2
 -10.6000  44.3400  3
  99.0000   0.0000  3
 90X1005 907  25 143.01   0.00 AN   M17 4
 -11.1100  43.0800  3
 -11.0900  43.3000  2
 -11.1100  43.4900  2
 -11.1300  43.7100  2
 -11.1700  43.8300  2
 -11.2000  44.0800  2
 -11.2000  44.3000  2
 -11.2400  44.5500  2
 -11.2200  44.8100  2
 -11.2400  44.9900  2
 -11.2200  45.1800  2
 -11.2200  45.3000  2
 -11.3400  45.5500  3
 -11.1000  45.5900  2
 -11.2000  45.7100  2
 -11.1200  45.8100  2
 -11.2800  45.8500  2
 -11.0800  46.0300  3
 -11.3600  46.0500  2
 -11.1400  46.2200  3
 -11.1400  46.4200  2
 -11.3800  46.3000  2
 -11.3000  44.5100  3
 -11.0200  44.3400  2
 -11.0200  44.3600  3
  99.0000   0.0000  3
 90X1005 907  17 146.21   0.00 AN   M19 6
 -11.5600  44.1000  3
 -11.5200  44.2400  2
 -11.5400  44.5300  2
 -11.5800  44.7700  2
 -11.5800  44.9400  2
 -11.6000  45.1200  2
 -11.6200  45.3400  2
 -11.4600  45.5300  3
 -11.5000  45.7500  2
 -11.6200  45.6900  2
 -11.5800  45.5900  2
 -11.7000  45.6100  2
 -11.8800  45.6100  3
 -11.8800  45.6100  2
 -11.7400  44.7300  3
 -11.5200  44.6500  2
 -11.5200  44.6700  3
  99.0000   0.0000  3
 90X1005 907  21 149.65   0.00 AN   M21 2
 -12.0600  44.4500  3
 -12.0800  44.6500  2
 -12.1200  44.8800  2
 -12.1200  45.0400  2
 -12.1200  45.2600  2
 -12.2800  45.4300  3
 -12.0200  45.4500  2
 -12.1400  45.5900  2
 -11.9800  45.7500  2
 -12.1800  45.7900  2
 -12.0400  45.9600  3
 -11.9400  46.0800  2
 -11.9900  46.2200  2
 -12.1500  46.1800  2
 -12.2500  46.0000  2
 -12.2500  46.1400  2
 -11.9700  46.3800  3
 -12.2500  46.4200  2
 -12.2000  45.0200  3
 -12.0600  44.9600  2
 -12.0600  44.9800  3
  99.0000   0.0000  3
 99X 110 907 171   9.67   0.00 AN     5 2
 -43.8300  35.9800  3
 -43.8300  36.0800  2
 -43.8500  36.1400  2
 -43.7900  36.0600  3
 -43.8300  36.0600  2
 -43.9100  36.0600  2
 -43.9800  36.5200  3
 -43.9800  36.6000  2
 -43.9700  36.6700  2
 -43.9200  36.5800  3
 -43.9600  36.5600  2
 -44.0200  36.5600  2
 -43.8000  37.2700  3
 -43.8000  37.3300  2
 -43.8000  37.4100  2
 -43.7400  37.3300  3
 -43.7900  37.3100  2
 -43.8600  37.3100  2
 -43.5300  37.5900  3
 -43.5000  37.8000  3
 -43.4800  37.6100  2
 -43.6300  37.6000  2
 -43.6200  37.7200  2
 -43.6900  37.7800  2
 -43.7500  37.6400  2
 -42.5100  40.0500  3
 -42.5300  40.1400  2
 -42.5300  40.2400  2
 -42.4500  40.1300  3
 -42.5100  40.1600  2
 -42.5700  40.1400  2
 -37.1400  49.0900  3
 -37.1400  49.1800  2
 -37.1400  49.3000  2
 -37.0700  49.1700  3
 -37.1200  49.1500  2
 -37.2200  49.1800  2
 -33.9600  54.5700  3
 -33.9700  54.6400  2
 -33.9500  54.7400  2
 -33.8500  54.6100  3
 -33.9600  54.6200  2
 -34.0200  54.6200  2
 -33.7500  54.8400  3
 -33.7300  54.7000  2
 -33.8200  54.7000  2
 -33.8500  54.8400  2
 -33.9200  54.7400  2
 -33.8900  54.7000  2
 -33.6400  55.0900  3
 -33.6400  55.1500  2
 -33.6400  55.2600  2
 -33.5500  55.1900  3
 -33.6200  55.1700  2
 -33.7600  55.1800  2
 -33.0000  56.2200  3
 -33.0100  56.3100  2
 -33.0100  56.4300  2
 -32.8900  56.3100  3
 -32.9800  56.3300  2
 -33.0700  56.3100  2
 -30.8800  57.7300  3
 -30.8800  57.8300  2
 -30.8700  57.9400  2
 -30.7900  57.8500  3
 -30.8900  57.8500  2
 -30.9500  57.8600  2
 -28.4100  61.0800  3
 -28.4300  61.1400  2
 -28.4100  61.2300  2
 -28.3500  61.1600  3
 -28.4300  61.1700  2
 -28.5400  61.1900  2
 -27.7100  62.5100  3
 -27.6900  62.5900  2
 -27.6900  62.6900  2
 -27.6000  62.5900  3
 -27.6700  62.5900  2
 -27.7800  62.6100  2
 -27.4600  62.9800  3
 -27.4600  63.0500  2
 -27.4600  63.1300  2
 -27.4500  62.9800  3
 -27.5400  63.0000  2
 -27.6500  63.0100  2
 -27.2600  63.3500  3
 -27.2700  63.4400  2
 -27.2900  63.5400  2
 -27.2000  63.4200  3
 -27.2700  63.4400  2
 -27.3700  63.4400  2
 -26.6200  66.3400  3
 -26.7000  66.3400  2
 -26.8100  66.3500  2
 -26.7200  66.2800  3
 -26.7300  66.3400  2
 -26.7300  66.4100  2
 -26.6000  66.5300  3
 -26.6800  66.5100  2
 -26.7300  66.5100  2
 -26.6600  66.4100  3
 -26.7000  66.5100  2
 -26.6800  66.6100  2
 -26.1700  66.6300  3
 -26.1900  66.5000  2
 -26.4000  66.4600  2
 -26.3600  66.5900  2
 -26.4300  66.5700  2
 -26.4700  66.4400  2
 -24.8700  67.3800  3
 -24.8800  67.4800  2
 -24.8600  67.5600  2
 -24.8100  67.5200  3
 -24.8800  67.5000  2
 -25.0000  67.4600  2
 -24.3200  67.2600  3
 -24.3200  67.3500  2
 -24.3200  67.4500  2
 -24.2400  67.3700  3
 -24.3000  67.3500  2
 -24.4300  67.3100  2
 -22.8700  66.8900  3
 -22.8700  66.9700  2
 -22.8900  67.0700  2
 -22.8100  67.0500  3
 -22.8900  67.0100  2
 -22.9900  66.9900  2
 -22.5300  66.6900  3
 -22.5100  66.8000  2
 -22.5300  66.9400  2
 -22.4900  66.8400  3
 -22.5700  66.8200  2
 -22.2400  66.5600  3
 -22.2600  66.7300  2
 -22.2600  66.8600  2
 -22.1600  66.6500  3
 -22.2400  66.6700  2
 -22.3200  66.6500  2
 -21.2400  64.8400  3
 -21.2800  64.8800  2
 -21.2800  65.0100  2
 -21.1800  64.9400  3
 -21.2800  64.8800  2
 -21.3900  64.8800  2
 -20.9900  64.5500  3
 -21.0100  64.6300  2
 -21.0100  64.7100  2
 -20.9300  64.6300  3
 -20.9900  64.6300  2
 -21.0500  64.6500  2
 -20.7200  64.7900  3
 -20.7200  64.6900  2
 -20.7900  64.7100  2
 -20.8300  64.8300  2
 -20.9100  64.7900  2
 -20.9500  64.6900  2
 -20.9300  64.6100  2
  -9.3200  66.8100  3
  -9.3200  66.8900  2
  -9.3400  67.0300  2
  -9.2400  66.9100  3
  -9.3200  66.8900  2
  -9.4100  66.8700  2
  -9.0500  66.9700  3
  -9.0400  66.8400  2
  -9.1000  66.8200  2
  -9.1000  66.9300  2
  -9.1600  66.9900  2
  -9.2000  66.9100  2
  -9.1800  66.7800  2
  -9.1800  66.8000  3
  99.0000   0.0000  3
 99X 111 907 136  19.90   0.00 AN     6 2
 -43.2700  36.2300  3
 -43.2700  36.3200  2
 -43.2800  36.4000  2
 -43.2100  36.3000  3
 -43.2500  36.3400  2
 -43.3500  36.3200  2
 -43.2600  36.7800  3
 -43.2600  36.8600  2
 -43.2600  36.9600  2
 -43.2200  36.9000  3
 -43.2800  36.8800  2
 -43.3200  36.8800  2
 -43.2300  37.1700  3
 -43.2400  37.2300  2
 -43.2100  37.3400  2
 -43.1700  37.2500  3
 -43.2300  37.2300  2
 -43.2900  37.2600  2
 -43.1400  37.4600  3
 -43.1700  37.5400  2
 -43.1600  37.6300  2
 -43.0900  37.5600  3
 -43.1500  37.5400  2
 -43.2100  37.5200  2
 -43.0300  37.7700  3
 -43.0700  37.7100  2
 -43.1800  37.7100  2
 -43.1600  37.8400  2
 -43.0900  37.8300  2
 -43.1000  37.7300  2
 -36.6100  49.0800  3
 -36.6000  49.1400  2
 -36.5900  49.2500  2
 -36.5400  49.1900  3
 -36.6000  49.1700  2
 -36.6900  49.1700  2
 -36.5500  49.4400  3
 -36.5800  49.5200  2
 -36.6000  49.6200  2
 -36.5500  49.5000  3
 -36.6000  49.5000  2
 -36.6500  49.5000  2
 -36.3600  49.6800  3
 -36.3300  49.6200  2
 -36.3800  49.5400  2
 -36.5000  49.5600  2
 -36.5000  49.6400  2
 -36.4500  49.6800  2
 -36.4500  49.5800  2
 -28.0100  60.9300  3
 -28.0100  60.9900  2
 -28.0000  61.1000  2
 -27.9500  61.0300  3
 -27.9900  61.0100  2
 -28.0800  61.0100  2
 -26.6800  63.6400  3
 -26.6800  63.7200  2
 -26.6900  63.8700  2
 -26.6000  63.7600  3
 -26.6400  63.7400  2
 -26.7300  63.7200  2
 -26.7000  64.4100  3
 -26.7400  64.5100  2
 -26.7200  64.6400  2
 -26.6300  64.5100  3
 -26.6800  64.5100  2
 -26.7200  64.5100  2
 -26.4800  64.7200  3
 -26.4600  64.5900  2
 -26.5500  64.5700  2
 -26.6500  64.5900  2
 -26.6500  64.6600  2
 -26.5700  64.6800  2
 -26.5300  64.6300  2
 -26.5500  64.5300  2
 -25.6600  64.4500  3
 -25.6600  64.5200  2
 -25.6500  64.6600  2
 -25.5600  64.5600  3
 -25.6800  64.5200  2
 -25.7100  64.5200  2
 -24.3200  64.1400  3
 -24.3000  64.2400  2
 -24.3200  64.3300  2
 -24.2300  64.2200  3
 -24.3400  64.2400  2
 -24.4200  64.2000  2
 -23.9100  63.9700  3
 -23.9000  64.0700  2
 -23.9200  64.2200  2
 -23.8700  64.0900  3
 -23.9600  64.0900  2
 -24.0400  64.0700  2
 -23.3200  63.5800  3
 -23.3400  63.6400  2
 -23.3500  63.7700  2
 -23.2600  63.6200  3
 -23.3400  63.6200  2
 -23.3900  63.6000  2
 -20.7900  62.1700  3
 -20.8300  62.2700  2
 -20.8500  62.3600  2
 -20.7300  62.2700  3
 -20.7700  62.2500  2
 -20.9300  62.2300  2
 -18.7400  62.7800  3
 -18.7600  62.8400  2
 -18.7800  62.9500  2
 -18.6400  62.8800  3
 -18.7200  62.8600  2
 -18.8400  62.8200  2
 -18.5100  62.7200  3
 -18.5300  62.7800  2
 -18.5300  62.8800  2
 -18.4300  62.8400  3
 -18.5100  62.8200  2
 -18.5900  62.8000  2
 -18.3300  62.6900  3
 -18.3300  62.7800  2
 -18.3500  62.8600  2
 -18.2500  62.7900  3
 -18.3300  62.7800  2
 -18.4100  62.7600  2
 -17.3400  62.4700  3
 -17.3400  62.5500  2
 -17.3400  62.6100  2
 -17.2400  62.5700  3
 -17.3400  62.5300  2
 -17.4400  62.5500  2
 -16.9100  62.4000  3
 -16.9200  62.4800  2
 -16.9800  62.5700  2
 -16.8200  62.4800  3
 -16.9000  62.4600  2
 -17.0200  62.4400  2
 -61.1800  42.5200  3
  99.0000   0.0000  3
 99X 112 907 116  35.58   0.00 AN    13 6
 -42.1800  36.5900  3
 -42.1800  36.6900  2
 -42.2100  36.7800  2
 -42.1500  36.6700  3
 -42.2000  36.6700  2
 -42.2600  36.6700  2
 -42.1600  37.4400  3
 -42.1100  37.5400  2
 -42.1400  37.6300  2
 -42.0500  37.5400  3
 -42.1100  37.5400  2
 -42.1700  37.5200  2
 -42.0400  38.0400  3
 -42.0100  38.1700  2
 -42.0200  38.2700  2
 -41.9300  38.1900  3
 -42.0200  38.1900  2
 -42.1000  38.1700  2
 -41.9500  37.7700  3
 -42.0900  37.7300  2
 -41.9200  37.8500  3
 -41.9000  38.0400  2
 -41.9800  37.9200  2
 -42.0600  38.0000  2
 -42.0600  37.8400  2
 -36.2200  47.9300  3
 -36.2300  48.0600  2
 -36.2500  48.1600  2
 -36.1300  48.0500  3
 -36.2100  48.0500  2
 -36.2800  48.0600  2
 -35.5400  49.2300  3
 -35.5400  49.2700  2
 -35.5200  49.3800  2
 -35.4600  49.2900  3
 -35.5400  49.2700  2
 -35.6300  49.2700  2
 -31.4000  56.0700  3
 -31.4000  56.1500  2
 -31.3800  56.2800  2
 -31.2900  56.1700  3
 -31.3600  56.2000  2
 -31.4500  56.2200  2
 -31.1700  56.8400  3
 -31.1700  56.8800  2
 -31.1500  56.9800  2
 -31.1000  56.9200  3
 -31.1700  56.9000  2
 -31.2400  56.9000  2
 -31.1800  56.3200  3
 -31.3000  56.3200  2
 -31.1100  56.4800  3
 -31.1000  56.6300  2
 -31.1900  56.5300  2
 -31.2600  56.6500  2
 -31.3400  56.5900  2
 -31.3200  56.4900  2
 -24.8900  62.9800  3
 -24.9000  63.0900  2
 -24.8400  63.1900  2
 -24.7700  63.1300  3
 -24.9000  63.1100  2
 -24.9800  63.0700  2
 -24.4700  62.6200  3
 -24.4700  62.6800  2
 -24.4900  62.8100  2
 -24.4000  62.7500  3
 -24.4500  62.7300  2
 -24.5700  62.7100  2
 -23.7400  62.4000  3
 -23.7400  62.4200  2
 -23.7700  62.4900  2
 -23.6800  62.4200  3
 -23.7400  62.4200  2
 -23.8300  62.4200  2
 -23.5000  62.6300  3
 -23.6800  62.5700  2
 -23.4400  62.7500  3
 -23.4600  62.8800  2
 -23.5800  62.7900  2
 -23.6700  62.9000  2
 -23.7100  62.8000  2
 -23.6700  62.7300  2
 -20.8000  60.2700  3
 -20.8000  60.3400  2
 -20.8500  60.4800  2
 -20.6800  60.3500  3
 -20.7800  60.3300  2
 -20.8900  60.3600  2
 -19.5600  60.5200  3
 -19.6000  60.6100  2
 -19.6000  60.6900  2
 -19.5000  60.5700  3
 -19.5800  60.5500  2
 -19.6800  60.5700  2
 -17.5800  61.4100  3
 -17.5900  61.4900  2
 -17.5900  61.5800  2
 -17.4700  61.6000  3
 -17.5500  61.5800  2
 -17.6700  61.5400  2
 -17.1200  61.3800  3
 -17.1800  61.4200  2
 -17.2000  61.5300  2
 -17.1200  61.4700  3
 -17.1800  61.4500  2
 -17.2800  61.4100  2
 -16.9600  61.6300  3
 -17.0800  61.6100  2
 -16.9300  61.7500  3
 -16.9100  61.8600  2
 -16.9700  61.8200  2
 -17.0100  61.9200  2
 -17.0700  61.8400  2
 -17.0500  61.7400  2
 -17.0900  61.7400  3
  99.0000   0.0000  3
 99X 113 907  64  27.30   0.00 AN     8 1
 -16.9300  62.3200  3
 -16.8800  62.4600  2
 -16.9000  62.5900  2
 -16.7200  62.4600  3
 -16.8500  62.4200  2
 -16.9600  62.4200  2
 -17.2800  62.4300  3
 -17.3000  62.5500  2
 -17.3000  62.6600  2
 -17.2000  62.5700  3
 -17.3000  62.5300  2
 -17.4400  62.5300  2
 -18.2900  62.6500  3
 -18.2700  62.7500  2
 -18.2700  62.8600  2
 -18.1500  62.8100  3
 -18.2500  62.7500  2
 -18.3700  62.7600  2
 -18.4500  62.7600  3
 -18.4500  62.8600  2
 -18.4300  62.9600  2
 -18.3700  62.8600  3
 -18.4900  62.8200  2
 -18.5300  62.8400  2
 -18.7200  62.8400  3
 -18.7200  62.9100  2
 -18.7000  63.0100  2
 -18.5800  62.9300  3
 -18.7000  62.9300  2
 -18.8000  62.9100  2
 -18.2700  63.0500  3
 -18.3300  62.9800  2
 -18.4000  63.0700  2
 -18.5000  63.1100  2
 -18.5600  63.0500  2
 -18.5000  63.0500  2
 -18.4200  63.0900  2
 -18.3400  63.1500  2
 -18.2900  63.0500  2
 -20.9000  61.0000  3
 -20.9000  61.0400  2
 -20.9200  61.1700  2
 -20.8200  61.1100  3
 -20.9000  61.0900  2
 -20.9800  61.0700  2
 -23.9200  63.9500  3
 -23.9000  64.0300  2
 -23.9000  64.1100  2
 -23.8300  64.0100  3
 -23.9000  64.0100  2
 -24.0000  63.9900  2
 -24.3000  64.1400  3
 -24.3000  64.2200  2
 -24.3200  64.3100  2
 -24.2100  64.2000  3
 -24.3200  64.2000  2
 -24.4500  64.2000  2
 -25.6400  64.4300  3
 -25.6400  64.4900  2
 -25.6400  64.6000  2
 -25.5600  64.5100  3
 -25.6400  64.5100  2
 -25.7300  64.5200  2
 -25.7500  64.5400  3
  99.0000   0.0000  3
 99X 114 907 136  42.01   0.00 AN    18 4
 -20.7400  58.8300  3
 -20.7400  58.9400  2
 -20.7300  59.0800  2
 -20.6200  58.9400  3
 -20.7200  58.9600  2
 -20.9100  58.9600  2
 -20.4600  59.0800  3
 -20.6600  59.0800  2
 -20.4200  59.3500  3
 -20.5200  59.2700  2
 -20.5700  59.3900  2
 -20.6500  59.4200  2
 -20.6500  59.3100  2
 -20.6000  59.2500  2
 -20.5200  59.3500  2
 -20.4400  59.4100  2
 -20.4400  59.3300  2
 -22.0400  58.6300  3
 -22.0400  58.6900  2
 -22.0600  58.8100  2
 -21.9600  58.6900  3
 -22.0400  58.6900  2
 -22.1400  58.6900  2
 -24.2300  61.0300  3
 -24.2500  61.0600  2
 -24.2700  61.1800  2
 -24.1500  61.0500  3
 -24.2500  61.0800  2
 -24.3600  61.0800  2
 -24.0000  61.1800  3
 -24.2300  61.1800  2
 -23.9400  61.4700  3
 -24.0200  61.3600  2
 -24.0900  61.4700  2
 -24.1500  61.5500  2
 -24.1700  61.4500  2
 -24.1300  61.3900  2
 -24.0700  61.4700  2
 -23.9900  61.5100  2
 -23.9600  61.4300  2
 -24.9400  61.4400  3
 -24.9400  61.5000  2
 -24.9200  61.6100  2
 -24.8500  61.5400  3
 -24.9200  61.5300  2
 -25.0200  61.5100  2
 -27.9700  59.4700  3
 -27.9700  59.5100  2
 -27.9500  59.6400  2
 -27.8800  59.5700  3
 -27.9500  59.5500  2
 -28.0200  59.5600  2
 -28.1400  59.2900  3
 -28.1200  59.3900  2
 -28.1200  59.4700  2
 -28.0300  59.4300  3
 -28.1400  59.4300  2
 -28.2300  59.3900  2
 -28.6800  58.2500  3
 -28.7000  58.3400  2
 -28.7000  58.4200  2
 -28.6100  58.3400  3
 -28.7000  58.3200  2
 -28.7700  58.3200  2
 -29.0400  57.6100  3
 -29.0400  57.6600  2
 -29.0400  57.7800  2
 -28.9500  57.7000  3
 -29.0400  57.6800  2
 -29.1100  57.6800  2
 -30.2600  56.8900  3
 -30.2600  56.9300  2
 -30.2400  57.0100  2
 -30.1900  56.9500  3
 -30.2800  56.9300  2
 -30.3700  56.9500  2
 -30.8200  56.1700  3
 -30.7900  56.3100  2
 -30.7900  56.3900  2
 -30.7300  56.3100  3
 -30.8000  56.3100  2
 -30.8900  56.2900  2
 -31.0400  55.9400  3
 -31.0600  56.0000  2
 -31.0600  56.0700  2
 -30.9700  56.0000  3
 -31.0400  56.0000  2
 -31.1100  55.9800  2
 -32.0800  54.0800  3
 -32.0800  54.1700  2
 -32.1100  54.2500  2
 -32.0600  54.1900  3
 -32.0900  54.1700  2
 -32.1600  54.1500  2
 -31.9000  54.3300  3
 -32.0400  54.2900  2
 -31.8200  54.5800  3
 -31.9100  54.4800  2
 -31.9500  54.5600  2
 -32.0200  54.6200  2
 -32.0500  54.5200  2
 -32.0000  54.4600  2
 -31.9500  54.5600  2
 -31.8800  54.6200  2
 -31.8400  54.5400  2
 -34.0500  52.2400  3
 -34.0500  52.3300  2
 -34.0300  52.4100  2
 -33.9800  52.3300  3
 -34.0400  52.3100  2
 -34.1000  52.3100  2
 -34.8600  49.0500  3
 -34.8800  49.1100  2
 -34.8600  49.2200  2
 -34.8100  49.1100  3
 -34.9000  49.1100  2
 -34.9800  49.0700  2
 -35.3600  47.6200  3
 -35.4300  47.6700  2
 -35.4300  47.7300  2
 -35.3400  47.6600  3
 -35.3900  47.6400  2
 -35.4400  47.6500  2
 -41.4800  37.9900  3
 -41.4800  38.0900  2
 -41.4800  38.1800  2
 -41.4500  38.0900  3
 -41.4800  38.1200  2
 -41.5400  38.1400  2
 -41.5900  37.1800  3
 -41.5700  37.2600  2
 -41.5800  37.3500  2
 -41.4900  37.2600  3
 -41.5400  37.2400  2
 -41.6000  37.2600  2
 -41.6000  37.2600  3
  99.0000   0.0000  3
 99X 115 907 100  45.42   0.00 AN    20 6
 -22.6400  58.2400  3
 -22.6400  58.3200  2
 -22.6400  58.4700  2
 -22.6400  58.3900  2
 -22.7200  58.4100  2
 -23.0900  59.0800  3
 -23.1100  59.1600  2
 -23.0900  59.2900  2
 -23.0100  59.2000  3
 -23.1100  59.2100  2
 -23.2100  59.1900  2
 -23.4700  59.5700  3
 -23.4700  59.6500  2
 -23.4800  59.7500  2
 -23.3700  59.6900  3
 -23.4900  59.6500  2
 -23.5800  59.6500  2
 -23.0100  59.4500  3
 -22.9700  59.4900  2
 -23.0100  59.5800  2
 -23.1800  59.4600  2
 -23.1600  59.5800  2
 -23.0500  59.6800  3
 -23.1200  59.6400  2
 -23.2200  59.6900  2
 -23.1600  59.7300  2
 -23.0600  59.7300  2
 -23.0300  59.6200  2
 -25.2000  60.7600  3
 -25.2000  60.8200  2
 -25.1800  60.9700  2
 -25.1000  60.8400  3
 -25.1800  60.8600  2
 -25.2500  60.8800  2
 -25.4600  61.1400  3
 -25.4400  61.2200  2
 -25.4500  61.3300  2
 -25.3800  61.2600  3
 -25.4900  61.2400  2
 -25.5900  61.2900  2
 -27.6600  59.2800  3
 -27.6600  59.3400  2
 -27.6600  59.4200  2
 -27.5800  59.4000  3
 -27.6600  59.3800  2
 -27.7700  59.3400  2
 -27.7600  58.9300  3
 -27.7600  58.9900  2
 -27.7700  59.0900  2
 -27.7200  59.0100  3
 -27.7700  59.0100  2
 -27.8700  58.9900  2
 -28.3200  58.0800  3
 -28.3000  58.2100  2
 -28.3000  58.2900  2
 -28.2100  58.2300  3
 -28.2800  58.2100  2
 -28.3500  58.1900  2
 -30.4100  56.1400  3
 -30.3800  56.2600  2
 -30.3900  56.3700  2
 -30.3400  56.2800  3
 -30.4300  56.2600  2
 -30.5200  56.2700  2
 -30.7400  55.7500  3
 -30.7400  55.8700  2
 -30.7600  55.9600  2
 -30.6300  55.8500  3
 -30.7600  55.8500  2
 -30.8100  55.8300  2
 -33.6700  52.3400  3
 -33.7100  52.4300  2
 -33.7000  52.5300  2
 -33.6200  52.4000  3
 -33.6900  52.4000  2
 -33.7900  52.3900  2
 -33.6100  51.9900  3
 -33.6100  52.0900  2
 -33.6600  52.0900  2
 -33.7100  51.9700  2
 -33.7300  52.0900  2
 -33.5700  52.2400  3
 -33.6200  52.1700  2
 -33.7100  52.2000  2
 -33.6500  52.3000  2
 -33.5500  52.2400  2
 -33.5400  52.1500  2
 -34.3700  48.9600  3
 -34.3800  49.0400  2
 -34.4000  49.1900  2
 -34.3200  49.0800  3
 -34.3800  49.0800  2
 -34.5000  49.0400  2
 -34.9200  47.2600  3
 -34.9200  47.3400  2
 -34.9200  47.4500  2
 -34.8700  47.3600  3
 -34.9200  47.3200  2
 -34.9700  47.3000  2
 -55.9800  51.2300  3
  99.0000   0.0000  3
 99X 116 907  56  49.55   0.00 AN    21 1
 -23.2400  57.6700  3
 -23.2400  57.7900  2
 -23.2200  57.9000  2
 -23.1100  57.7300  3
 -23.2200  57.7300  2
 -23.3200  57.7500  2
 -23.8300  58.4700  3
 -23.7900  58.5500  2
 -23.8000  58.6500  2
 -23.7100  58.5500  3
 -23.8100  58.5300  2
 -23.9000  58.5500  2
 -24.4800  59.3100  3
 -24.4600  59.4100  2
 -24.4400  59.5400  2
 -24.4000  59.3900  3
 -24.4800  59.4100  2
 -24.5700  59.4400  2
 -24.5500  59.5000  3
 -24.5700  59.5800  2
 -24.5500  59.6900  2
 -24.5000  59.6000  3
 -24.5700  59.5800  2
 -24.6100  59.6000  2
 -25.7500  60.1600  3
 -25.7100  60.2500  2
 -25.7500  60.3500  2
 -25.6700  60.2900  3
 -25.7700  60.2700  2
 -25.8400  60.2900  2
 -25.4900  59.7800  3
 -25.5100  59.8900  2
 -25.4900  59.9900  2
 -25.4000  59.8900  3
 -25.4900  59.8700  2
 -25.5700  59.8700  2
 -25.3200  59.9100  3
 -25.2600  59.9700  2
 -25.3000  60.0300  2
 -25.4500  59.9100  2
 -25.4500  60.0300  2
 -25.2600  60.2400  3
 -25.3900  60.2200  2
 -33.2000  52.1700  3
 -33.1900  52.2300  2
 -33.2000  52.3100  2
 -33.1200  52.2500  3
 -33.1900  52.2300  2
 -33.2700  52.2300  2
 -34.1800  47.5000  3
 -34.1800  47.5800  2
 -34.1800  47.6900  2
 -34.0700  47.6200  3
 -34.1800  47.6000  2
 -34.2500  47.5600  2
 -30.1300  85.8500  3
  99.0000   0.0000  3
 99X 117 907  37  54.29   0.00 AN    23 3
 -24.9700  56.3000  3
 -24.9900  56.3800  2
 -24.9900  56.5500  2
 -24.9000  56.4400  3
 -24.9500  56.4200  2
 -25.0500  56.3800  2
 -25.3800  57.0800  3
 -25.3800  57.1600  2
 -25.3800  57.2800  2
 -25.3200  57.2000  3
 -25.3800  57.1800  2
 -25.4700  57.2000  2
 -25.6000  57.5000  3
 -25.6000  57.5400  2
 -25.5800  57.6400  2
 -25.5200  57.5200  3
 -25.6000  57.5000  2
 -25.6700  57.5200  2
 -26.0400  58.2100  3
 -26.0400  58.2900  2
 -26.0400  58.4000  2
 -25.9600  58.3300  3
 -26.0400  58.3200  2
 -26.1300  58.3400  2
 -26.4100  58.7400  3
 -26.4000  58.8400  2
 -26.3800  58.9500  2
 -26.3100  58.8800  3
 -26.3700  58.8600  2
 -26.4600  58.8800  2
 -26.7000  59.2200  3
 -26.7000  59.2800  2
 -26.7000  59.3300  2
 -26.6400  59.2800  3
 -26.7200  59.2600  2
 -26.7500  59.2600  2
 -23.8700  65.1900  3
  99.0000   0.0000  3
 99X 118 907  94  55.64   0.00 AN    24 4
 -25.8100  55.6200  3
 -25.8100  55.6700  2
 -25.8300  55.7700  2
 -25.7200  55.6900  3
 -25.7900  55.6900  2
 -25.9000  55.6900  2
 -26.0100  55.8800  3
 -25.9900  55.9400  2
 -26.0100  56.0400  2
 -25.9200  55.9400  3
 -25.9800  55.9200  2
 -26.0700  55.9000  2
 -26.1000  56.0900  3
 -26.1000  56.1300  2
 -26.1000  56.2300  2
 -26.0700  56.1500  3
 -26.1400  56.1100  2
 -26.2300  56.1300  2
 -26.1800  56.2100  3
 -26.2000  56.2600  2
 -26.1900  56.3400  2
 -26.1400  56.2100  3
 -26.2100  56.1900  2
 -26.2900  56.1900  2
 -26.3100  56.3400  3
 -26.3200  56.4000  2
 -26.3400  56.5300  2
 -26.2900  56.4000  3
 -26.3400  56.3600  2
 -26.4200  56.3600  2
 -26.4900  56.5900  3
 -26.4900  56.6400  2
 -26.5100  56.7600  2
 -26.4500  56.6600  3
 -26.5100  56.6600  2
 -26.5600  56.6400  2
 -27.0400  57.5400  3
 -27.0300  57.6000  2
 -27.0700  57.6900  2
 -27.0200  57.6200  3
 -27.0700  57.6200  2
 -27.1500  57.6300  2
 -27.2000  57.8100  3
 -27.2200  57.8800  2
 -27.2000  57.9600  2
 -27.0900  57.9400  3
 -27.1800  57.9000  2
 -27.2500  57.9000  2
 -27.1800  58.1000  3
 -27.1400  58.1900  2
 -27.1700  58.2700  2
 -27.2700  58.0900  2
 -27.2900  58.1900  2
 -27.2700  58.3600  2
 -27.1400  58.3700  2
 -27.1600  58.2700  2
 -27.2300  58.4000  2
 -28.6100  56.8200  3
 -28.6300  56.9000  2
 -28.6300  57.0000  2
 -28.5700  56.9200  3
 -28.6500  56.9200  2
 -28.6800  56.8800  2
 -29.3000  55.9500  3
 -29.2900  56.0400  2
 -29.2900  56.1200  2
 -29.2200  56.0800  3
 -29.2900  56.0600  2
 -29.3700  56.0400  2
 -29.6900  55.1100  3
 -29.6800  55.2700  2
 -29.7000  55.3800  2
 -29.6500  55.3100  3
 -29.7200  55.2900  2
 -29.7700  55.2700  2
 -31.3200  53.2400  3
 -31.3200  53.3000  2
 -31.3200  53.4000  2
 -31.2500  53.3600  3
 -31.3200  53.3400  2
 -31.3900  53.3400  2
 -32.6500  51.4900  3
 -32.6700  51.5700  2
 -32.6700  51.6800  2
 -32.6200  51.6200  3
 -32.6700  51.5700  2
 -32.7600  51.5600  2
 -33.4100  47.7800  3
 -33.4100  47.9000  2
 -33.4100  48.0300  2
 -33.3400  47.9800  3
 -33.4100  47.9400  2
 -33.4500  47.9400  2
 -33.4700  47.9200  3
  99.0000   0.0000  3
 945  72 701  34 138.00   0.00 TA 000   3
  -8.0800  41.4200  3
  -9.1000  41.5100  2
  -9.3200  41.5200  2
  -9.4600  41.5300  2
  -9.6000  41.5500  2
  -9.7500  41.5500  2
  -9.8700  41.5600  2
 -10.0900  41.5700  2
 -10.2600  41.5600  2
 -10.3700  41.5500  2
 -10.5000  41.5400  2
 -10.6100  41.5300  2
 -10.7500  41.5400  2
 -10.9100  41.5400  2
 -11.0900  41.5700  2
 -11.2500  41.5700  2
 -11.4700  41.5800  2
 -11.6200  41.5600  2
 -11.7100  41.5700  2
  99.0000   0.0000  3
 948  79 701  91 175.00   0.00 TA 000   4
 -11.7100  41.5700  3
 -11.8400  41.5900  2
 -11.9900  41.5900  2
 -12.1000  41.6000  2
 -12.2300  41.6000  2
 -12.3600  41.6100  2
 -12.4400  41.6100  2
 -12.5800  41.5800  2
 -12.7500  41.5500  2
 -12.9100  41.5400  2
 -13.0700  41.5300  2
 -13.2000  41.5200  2
 -13.3700  41.5100  2
 -13.5300  41.5100  2
 -13.6700  41.5400  2
 -13.8000  41.5600  2
 -13.9500  41.5800  2
 -14.0300  41.6000  2
 -14.2500  41.6300  2
 -14.4400  41.6900  2
 -14.6000  41.7100  2
 -14.7400  41.7300  2
 -14.8900  41.7100  2
 -15.0300  41.7300  2
 -15.1400  41.7400  2
 -15.2200  41.7400  2
 -15.3500  41.7500  2
 -15.4900  41.7700  2
 -15.5800  41.7700  2
 -15.7400  41.7800  2
 -15.8600  41.7700  2
 -15.9600  41.7700  2
 -16.0800  41.7700  2
 -16.1800  41.7700  2
 -16.2800  41.7700  2
 -16.4200  41.7800  2
 -16.5200  41.7800  2
 -16.6700  41.7800  2
 -16.8100  41.7900  2
 -16.9400  41.7900  2
 -17.0400  41.7900  2
 -17.1500  41.8000  2
 -17.2600  41.8000  2
 -17.3300  41.8000  2
 -17.4300  41.8100  2
 -17.5500  41.8100  2
 -17.6700  41.8300  2
 -17.7700  41.8400  2
 -17.8500  41.8400  2
 -17.9700  41.8600  2
 -18.1000  41.8700  2
 -18.2100  41.8600  2
 -18.3000  41.8500  2
 -18.4200  41.8500  2
 -18.5000  41.8600  2
 -18.6100  41.8700  2
 -18.7200  41.8800  2
 -18.8700  41.9000  2
 -19.0000  41.9300  2
 -19.1200  41.9600  2
 -19.2400  41.9600  2
 -19.3500  41.9800  2
 -19.4600  42.0100  2
 -19.6100  42.0400  2
 -19.7400  42.0600  2
 -19.8700  42.0700  2
 -19.9900  42.1100  2
 -20.1300  42.1400  2
 -20.2700  42.1800  2
 -20.3900  42.2100  2
 -20.5000  42.2200  2
 -20.6200  42.2300  2
 -20.7700  42.2600  2
 -20.9100  42.3100  2
 -21.0400  42.3600  2
 -21.1400  42.3900  2
 -21.2200  42.4100  2
 -21.3100  42.4200  2
 -21.4200  42.4500  2
 -21.5400  42.4900  2
 -21.6100  42.5100  2
 -21.7400  42.5400  2
 -21.8300  42.5700  2
 -21.9200  42.5900  2
 -22.0200  42.6100  2
 -22.1200  42.6500  2
 -22.1900  42.6700  2
 -22.2500  42.6800  2
 -22.3300  42.7300  2
 -22.3800  42.7700  2
 -22.3800  42.7700  3
  99.0000   0.0000  3
