 9XX   1 306  16 250.00   0.00 MA 000   2
  79.2800   8.0400  3
  78.9100   8.9900  2
  78.5700   9.8100  2
  78.2300  11.0300  2
  77.8500  11.3100  2
  77.4100  11.9900  2
  76.8700  13.3900  2
  76.5200  14.6300  2
  76.1500  15.0700  2
  75.4000  15.5500  2
  74.9100  16.0200  2
  74.4800  16.5600  2
  74.1800  16.3700  2
  73.9700  16.2500  2
  73.5800  16.2400  2
  73.5900  16.3300  3
  99.0000   0.0000  3
 30X 100 306 900 600.00   0.00 CS 000   7
  79.7400  14.7500  3
  79.7200  14.9400  2
  79.7200  14.9700  2
  79.7200  15.0200  2
  79.7100  15.0400  2
  79.6900  15.0500  2
  79.6800  15.1100  2
  79.6600  15.1600  2
  79.6400  15.2000  2
  79.6200  15.2200  2
  79.6000  15.2600  2
  79.5600  15.2700  2
  79.5300  15.2800  2
  79.5100  15.2900  2
  79.4800  15.3200  2
  79.4500  15.3300  2
  79.4200  15.3700  2
  79.4200  15.3700  2
  79.4200  15.3700  2
  79.4100  15.3700  2
  79.3900  15.3700  2
  79.3600  15.3900  2
  79.3200  15.4400  2
  79.2900  15.4900  2
  79.2500  15.4900  2
  79.2200  15.4800  2
  79.2000  15.4900  2
  79.1700  15.4300  2
  79.1500  15.3900  2
  79.1300  15.4100  2
  79.1400  15.4700  2
  79.1600  15.4900  2
  79.1600  15.5500  2
  79.1600  15.6300  2
  79.1400  15.7100  2
  79.0900  15.8300  2
  79.0600  15.8900  2
  79.0300  15.9600  2
  79.0000  16.0300  2
  78.9600  16.0800  2
  78.9300  16.1900  2
  78.9100  16.3000  2
  78.9000  16.4600  2
  78.9200  16.4800  2
  78.9600  16.4000  2
  79.0100  16.2800  2
  79.0500  16.2200  2
  79.0900  16.1200  2
  79.1100  16.0600  2
  79.1500  16.0100  2
  79.1800  16.0000  2
  79.2300  15.9700  2
  79.2600  15.9100  2
  79.3100  15.8900  2
  79.3600  15.8700  2
  79.3900  15.8400  2
  79.4100  15.8300  2
  79.4600  15.8300  2
  79.5000  15.8300  2
  79.5500  15.8300  2
  79.5700  15.7900  2
  79.6100  15.7700  2
  79.6500  15.7500  2
  79.6900  15.7500  2
  79.7000  15.7400  2
  79.6900  15.6800  2
  79.7200  15.6600  2
  79.7500  15.6600  2
  79.7800  15.7300  2
  79.8200  15.7300  2
  79.8600  15.7600  2
  79.8500  15.8700  2
  79.8700  16.0300  2
  79.8900  16.0000  2
  79.9100  15.9300  2
  79.9300  15.9600  2
  79.9600  15.9800  2
  80.0000  16.0000  2
  80.0100  16.0900  2
  80.0500  16.1800  2
  80.0600  16.3000  2
  80.0400  16.4000  2
  80.0300  16.5100  2
  80.0200  16.5600  2
  80.0100  16.5600  2
  79.9900  16.5600  2
  79.9600  16.5800  2
  79.9400  16.5800  2
  79.9100  16.5800  2
  79.8900  16.5800  2
  79.8700  16.5800  2
  79.8700  16.6800  2
  79.8600  16.7300  2
  79.8500  16.8600  2
  79.8800  16.8700  2
  79.9100  16.8200  2
  79.9200  16.9500  2
  79.9300  17.0700  2
  79.9100  17.1400  2
  79.9000  17.2500  2
  79.8700  17.4100  2
  79.8400  17.5400  2
  79.8100  17.6800  2
  79.7700  17.7800  2
  79.7400  17.9100  2
  79.7000  17.8700  2
  79.6700  17.8600  2
  79.6600  17.7800  2
  79.6300  17.7500  2
  79.5900  17.7300  2
  79.5600  17.6900  2
  79.5400  17.5700  2
  79.5100  17.5300  2
  79.5200  17.5800  2
  79.5000  17.6500  2
  79.4700  17.6700  2
  79.4400  17.7200  2
  79.4200  17.7000  2
  79.3900  17.6500  2
  79.3700  17.5600  2
  79.3300  17.5700  2
  79.3600  17.6500  2
  79.3800  17.7300  2
  79.3900  17.7600  2
  79.4100  17.8000  2
  79.4300  17.9400  2
  79.4600  18.0500  2
  79.4600  18.0600  2
  79.4900  17.9700  2
  79.5300  17.9800  2
  79.5500  18.0000  2
  79.5700  18.0600  2
  79.5900  18.1100  2
  79.6000  18.2000  2
  79.5700  18.2800  2
  79.5700  18.4500  2
  79.5500  18.5100  2
  79.5100  18.6000  2
  79.4800  18.6500  2
  79.4400  18.6900  2
  79.4200  18.7300  2
  79.3900  18.7900  2
  79.3700  18.8400  2
  79.3300  18.8300  2
  79.3100  18.7900  2
  79.2900  18.7900  2
  79.2400  18.7200  2
  79.2100  18.7300  2
  79.1700  18.7600  2
  79.1700  18.9200  2
  79.1600  19.0500  2
  79.1700  19.1900  2
  79.1600  19.3700  2
  79.1300  19.5000  2
  79.1200  19.6300  2
  79.1100  19.6500  2
  79.0900  19.6800  2
  79.0600  19.7000  2
  79.0300  19.7700  2
  78.9900  19.8400  2
  78.9700  19.9900  2
  78.9600  20.2300  2
  78.9300  20.3100  2
  78.9100  20.3500  2
  78.9000  20.4800  2
  78.8800  20.6300  2
  78.8800  20.8600  2
  78.8600  21.0700  2
  78.8700  21.2100  2
  78.8600  21.3600  2
  78.8500  21.4200  2
  78.8200  21.4100  2
  78.7900  21.4200  2
  78.7600  21.4400  2
  78.7300  21.4000  2
  78.7000  21.3800  2
  78.6800  21.3400  2
  78.6600  21.2800  2
  78.6600  21.1600  2
  78.6600  21.0700  2
  78.6700  20.9400  2
  78.6800  20.7400  2
  78.6700  20.6500  2
  78.6500  20.5200  2
  78.6400  20.4500  2
  78.6400  20.2500  2
  78.6400  20.1600  2
  78.6100  20.1200  2
  78.5900  20.0200  2
  78.5700  19.9300  2
  78.5700  19.8200  2
  78.5800  19.7600  2
  78.5700  19.6900  2
  78.5600  19.5100  2
  78.5400  19.5900  2
  78.5100  19.5600  2
  78.4600  19.5200  2
  78.4600  19.3600  2
  78.4300  19.2900  2
  78.4300  19.1500  2
  78.4100  19.0200  2
  78.3700  19.0600  2
  78.3200  19.0600  2
  78.2800  19.0400  2
  78.2500  19.0700  2
  78.2500  19.0100  2
  78.2300  19.0200  2
  78.2100  19.0500  2
  78.1700  18.9700  2
  78.1400  18.9700  2
  78.1000  18.9700  2
  78.0500  19.0000  2
  78.0100  18.9700  2
  78.0000  18.9100  2
  78.0100  18.8200  2
  78.0200  18.6900  2
  78.0200  18.5800  2
  78.0000  18.4200  2
  77.9800  18.4200  2
  77.9600  18.4500  2
  77.9200  18.4500  2
  77.8800  18.4300  2
  77.8300  18.4500  2
  77.8100  18.4900  2
  77.7800  18.4700  2
  77.7300  18.4100  2
  77.7100  18.4100  2
  77.6700  18.3900  2
  77.6700  18.4300  2
  77.6400  18.4200  2
  77.6000  18.3900  2
  77.5700  18.3600  2
  77.5700  18.3300  2
  77.5500  18.3300  2
  77.5300  18.3300  2
  77.5000  18.2800  2
  77.4700  18.2800  2
  77.4600  18.2100  2
  77.4800  18.0700  2
  77.4700  17.9500  2
  77.4600  17.7600  2
  77.4400  17.5800  2
  77.4000  17.6100  2
  77.4100  17.7400  2
  77.3900  17.7800  2
  77.3600  17.8200  2
  77.3600  17.7500  2
  77.3600  17.6300  2
  77.3100  17.4700  2
  77.2800  17.4100  2
  77.2400  17.3700  2
  77.2200  17.3800  2
  77.1900  17.3700  2
  77.1500  17.3700  2
  77.1400  17.4000  2
  77.1200  17.4100  2
  77.0900  17.4000  2
  77.0600  17.3500  2
  77.0300  17.3100  2
  77.0200  17.3400  2
  77.0000  17.3800  2
  76.9600  17.3200  2
  76.9600  17.3700  2
  76.9300  17.3500  2
  76.9000  17.2900  2
  76.8700  17.1800  2
  76.8500  17.0900  2
  76.8200  17.0400  2
  76.8000  17.0800  2
  76.7900  17.0700  2
  76.7600  17.0200  2
  76.7100  17.1000  2
  76.6800  17.1200  2
  76.6600  17.0700  2
  76.6400  17.0500  2
  76.6000  17.0400  2
  76.5800  16.9500  2
  76.5600  16.8400  2
  76.5500  16.6800  2
  76.5900  16.5600  2
  76.6100  16.5600  2
  76.6100  16.5400  2
  76.5900  16.4900  2
  76.5600  16.4300  2
  76.5600  16.3400  2
  76.6000  16.3500  2
  76.6300  16.3300  2
  76.6600  16.3400  2
  76.6900  16.3000  2
  76.7300  16.1500  2
  76.7600  15.9600  2
  76.8000  15.7300  2
  76.8400  15.6000  2
  76.8800  15.6000  2
  76.9000  15.6800  2
  76.9100  15.7600  2
  76.9200  15.9200  2
  76.9200  16.0500  2
  76.9200  16.1800  2
  76.8900  16.2200  2
  76.9500  16.3700  2
  76.9800  16.3700  2
  76.9800  16.2600  2
  77.0100  16.1400  2
  77.0100  16.0600  2
  77.0100  15.9100  2
  76.9900  15.8300  2
  77.0000  15.7300  2
  76.9800  15.6100  2
  76.9800  15.4700  2
  76.9900  15.3000  2
  77.0000  15.2000  2
  77.0500  15.2000  2
  77.1000  15.0600  2
  77.0900  14.9700  2
  77.1100  14.7800  2
  77.1400  14.6200  2
  77.1500  14.4200  2
  77.1900  14.3700  2
  77.2300  14.3100  2
  77.2400  14.2300  2
  77.2700  14.1800  2
  77.3100  14.1400  2
  77.3300  14.0900  2
  77.3700  14.0200  2
  77.3900  14.0500  2
  77.4300  14.1000  2
  77.5000  14.0100  2
  77.5100  14.1200  2
  77.5600  14.2700  2
  77.5500  14.4200  2
  77.5500  14.5300  2
  77.5100  14.5500  2
  77.4600  14.5800  2
  77.4600  14.7300  2
  77.4900  14.7700  2
  77.5200  14.7800  2
  77.5200  14.9700  2
  77.5100  15.0200  2
  77.5000  15.1600  2
  77.5100  15.2800  2
  77.5200  15.3800  2
  77.5100  15.3800  2
  77.5000  15.4100  2
  77.5000  15.5800  2
  77.4900  15.7400  2
  77.4700  15.9700  2
  77.5000  16.0000  2
  77.5500  15.8900  2
  77.5500  15.7600  2
  77.5700  15.5800  2
  77.5800  15.3900  2
  77.5800  15.2500  2
  77.5900  15.0500  2
  77.6200  14.8900  2
  77.6500  14.8500  2
  77.6600  14.8900  2
  77.6500  15.0000  2
  77.6600  15.1100  2
  77.6800  15.2500  2
  77.6800  15.3200  2
  77.6900  15.4900  2
  77.7100  15.6000  2
  77.7100  15.7000  2
  77.7200  15.8000  2
  77.7100  15.9000  2
  77.7200  15.9100  2
  77.7300  16.0700  2
  77.7500  16.0800  2
  77.7500  16.1500  2
  77.7500  16.2900  2
  77.7800  16.3000  2
  77.8000  16.3400  2
  77.7600  16.4400  2
  77.7700  16.5100  2
  77.7800  16.5600  2
  77.7800  16.7100  2
  77.7700  16.8300  2
  77.7800  16.9300  2
  77.8400  16.8800  2
  77.8700  16.7900  2
  77.8600  16.8800  2
  77.9000  16.8600  2
  77.9000  16.8100  2
  77.8900  16.6700  2
  77.8500  16.6300  2
  77.8400  16.5400  2
  77.8200  16.4000  2
  77.8300  16.2600  2
  77.8200  16.0700  2
  77.8000  15.9300  2
  77.8000  15.8500  2
  77.8000  15.8000  2
  77.8200  15.7100  2
  77.8300  15.6100  2
  77.8300  15.5400  2
  77.8200  15.4100  2
  77.8000  15.3300  2
  77.7800  15.2500  2
  77.7700  15.2500  2
  77.7700  15.1800  2
  77.7600  15.0900  2
  77.7600  15.0000  2
  77.7500  14.9600  2
  77.7700  14.8900  2
  77.7400  14.8400  2
  77.7300  14.7300  2
  77.7700  14.6900  2
  77.7600  14.6100  2
  77.7400  14.6100  2
  77.7400  14.5200  2
  77.7300  14.4500  2
  77.7300  14.3300  2
  77.7600  14.2400  2
  77.7400  14.1600  2
  77.7100  14.0700  2
  77.7100  13.8900  2
  77.7200  13.7600  2
  77.7500  13.7600  2
  77.7800  13.8000  2
  77.8100  13.7500  2
  77.8300  13.7200  2
  77.8600  13.7000  2
  77.8800  13.6700  2
  77.9000  13.6700  2
  77.9500  13.6500  2
  77.9800  13.6600  2
  78.0100  13.6500  2
  78.0300  13.7200  2
  78.0400  13.8600  2
  78.0400  13.9300  2
  78.0100  14.0200  2
  77.9600  14.0900  2
  77.9500  14.2200  2
  77.9800  14.2700  2
  78.0200  14.1800  2
  78.0500  14.2000  2
  78.0700  14.3700  2
  78.0700  14.5500  2
  78.0800  14.7600  2
  78.0700  14.8700  2
  78.0800  15.0500  2
  78.1400  15.0400  2
  78.1400  15.1100  2
  78.1800  15.1700  2
  78.1900  15.2900  2
  78.2300  15.3600  2
  78.2300  15.4900  2
  78.2000  15.6300  2
  78.2300  15.6900  2
  78.2900  15.5700  2
  78.2900  15.6300  2
  78.3100  15.7300  2
  78.3400  15.8500  2
  78.3400  15.9300  2
  78.3400  16.0600  2
  78.3500  16.1400  2
  78.3500  16.2600  2
  78.3400  16.2800  2
  78.3300  16.3500  2
  78.3200  16.4300  2
  78.3200  16.6100  2
  78.3200  16.7700  2
  78.3400  16.8000  2
  78.3400  16.8900  2
  78.3600  16.9900  2
  78.3800  17.0500  2
  78.3800  17.1100  2
  78.3900  17.2900  2
  78.4100  17.3600  2
  78.4300  17.3100  2
  78.4100  17.1500  2
  78.3900  16.9500  2
  78.3900  16.9000  2
  78.3800  16.9000  2
  78.3900  16.7800  2
  78.4300  16.6600  2
  78.4600  16.6000  2
  78.4200  16.5500  2
  78.4300  16.4300  2
  78.4600  16.3800  2
  78.5000  16.4000  2
  78.5200  16.4700  2
  78.5600  16.5000  2
  78.5800  16.6300  2
  78.6200  16.7000  2
  78.6500  16.7900  2
  78.6600  16.6900  2
  78.7100  16.6700  2
  78.7200  16.6100  2
  78.6900  16.5400  2
  78.6700  16.3800  2
  78.6200  16.4000  2
  78.5600  16.3800  2
  78.5200  16.2700  2
  78.5100  16.1100  2
  78.4700  16.0700  2
  78.4600  15.8900  2
  78.4500  15.7300  2
  78.4300  15.6000  2
  78.4600  15.5000  2
  78.4900  15.3600  2
  78.5600  15.3000  2
  78.5700  15.2900  2
  78.6300  15.4000  2
  78.6700  15.4800  2
  78.7200  15.5400  2
  78.7700  15.5200  2
  78.8200  15.4300  2
  78.7600  15.2600  2
  78.7000  15.2100  2
  78.6500  15.2100  2
  78.6300  15.1100  2
  78.5900  15.0600  2
  78.5900  14.9600  2
  78.6300  14.8600  2
  78.6700  14.8800  2
  78.7200  14.8600  2
  78.7200  14.7600  2
  78.7000  14.6300  2
  78.6700  14.5700  2
  78.6000  14.5300  2
  78.5600  14.5200  2
  78.4900  14.5100  2
  78.4500  14.4200  2
  78.4400  14.5400  2
  78.4100  14.6400  2
  78.3700  14.6900  2
  78.3500  14.5900  2
  78.3700  14.4500  2
  78.3600  14.3700  2
  78.3700  14.2700  2
  78.3000  14.1800  2
  78.2800  14.1900  2
  78.2300  14.1400  2
  78.2300  14.0400  2
  78.2300  14.0000  2
  78.2300  13.9000  2
  78.1900  13.8300  2
  78.1900  13.7000  2
  78.2100  13.5800  2
  78.1900  13.5600  2
  78.1900  13.5100  2
  78.2200  13.4500  2
  78.2000  13.3900  2
  78.1900  13.3600  2
  78.2100  13.2500  2
  78.2000  13.2100  2
  78.2200  13.0700  2
  78.2100  13.0300  2
  78.2600  12.9400  2
  78.2800  13.0400  2
  78.3100  13.0200  2
  78.3500  13.0000  2
  78.3400  12.8700  2
  78.3500  12.8000  2
  78.3600  12.6400  2
  78.3700  12.6200  2
  78.4000  12.6000  2
  78.4500  12.4400  2
  78.4700  12.4800  2
  78.4700  12.6900  2
  78.4900  12.8200  2
  78.4800  12.9700  2
  78.5000  13.1600  2
  78.5500  13.1900  2
  78.5200  13.0000  2
  78.5300  12.8500  2
  78.5300  12.6900  2
  78.5400  12.5700  2
  78.5500  12.4000  2
  78.5800  12.2200  2
  78.6000  12.0400  2
  78.6200  12.0000  2
  78.6500  11.8800  2
  78.6800  11.9100  2
  78.7000  11.8000  2
  78.7200  11.6600  2
  78.7400  11.6700  2
  78.7900  11.7500  2
  78.8000  11.8700  2
  78.8000  11.9100  2
  78.8200  11.9700  2
  78.8300  11.9400  2
  78.8400  11.7900  2
  78.8900  11.5900  2
  78.9100  11.4600  2
  78.9500  11.3500  2
  78.9500  11.5600  2
  78.9200  11.6800  2
  78.9100  11.9400  2
  78.8900  12.1400  2
  78.8800  12.3800  2
  78.9200  12.4200  2
  78.9300  12.4000  2
  78.9700  12.3200  2
  78.9400  12.1200  2
  78.9600  11.9700  2
  79.0000  11.9500  2
  79.0100  11.8500  2
  79.0300  11.6600  2
  79.0800  11.7100  2
  79.1000  11.8600  2
  79.1300  11.8000  2
  79.1700  11.8600  2
  79.1900  12.0000  2
  79.2200  11.9800  2
  79.2600  12.0300  2
  79.2700  12.0300  2
  79.2600  11.8800  2
  79.2300  11.7800  2
  79.2200  11.7700  2
  79.2500  11.6700  2
  79.2600  11.4700  2
  79.2600  11.3600  2
  79.2300  11.5100  2
  79.2000  11.6300  2
  79.1100  11.4500  2
  79.0900  11.2800  2
  79.1000  11.1800  2
  79.1600  11.1600  2
  79.1900  11.1200  2
  79.2200  11.1100  2
  79.2800  11.0000  2
  79.2300  11.0000  2
  79.2900  10.9800  2
  79.3200  10.9300  2
  79.3000  10.8900  2
  79.3000  10.8900  2
  79.2900  10.8300  2
  79.3400  10.8100  2
  79.3900  10.8100  2
  79.4300  10.8100  2
  79.4700  10.7800  2
  79.4900  10.6900  2
  79.5200  10.6700  2
  79.5300  10.8100  2
  79.5100  10.9600  2
  79.5400  11.0100  2
  79.5800  10.9000  2
  79.6200  10.8000  2
  79.6600  10.7800  2
  79.6800  10.7900  2
  79.6800  10.9100  2
  79.6500  10.9900  2
  79.6100  11.0500  2
  79.6100  11.2800  2
  79.6300  11.3100  2
  79.6800  11.2100  2
  79.7100  11.1300  2
  79.7400  11.1400  2
  79.7600  11.2100  2
  79.7400  11.3000  2
  79.7200  11.4100  2
  79.7600  11.5000  2
  79.7700  11.4600  2
  79.7900  11.4600  2
  79.8000  11.5200  2
  79.8000  11.5400  2
  79.8200  11.6400  2
  79.7900  11.7100  2
  79.7600  11.7500  2
  79.7200  11.8500  2
  79.7000  11.9500  2
  79.6700  12.0100  2
  79.6900  12.0800  2
  79.6600  12.1600  2
  79.6700  12.2100  2
  79.7000  12.2000  2
  79.7700  12.1600  2
  79.8000  12.1400  2
  79.8200  12.1400  2
  79.8300  12.2900  2
  79.8000  12.3200  2
  79.7700  12.3200  2
  79.7500  12.4700  2
  79.7400  12.4900  2
  79.7400  12.6200  2
  79.7500  12.7300  2
  79.7600  12.9000  2
  79.7700  12.9700  2
  79.7900  13.1500  2
  79.8200  13.2600  2
  79.8200  13.4800  2
  79.8400  13.5900  2
  79.8300  13.7600  2
  79.7900  13.8000  2
  79.7600  13.8700  2
  79.7200  13.8600  2
  79.6900  13.7700  2
  79.6700  13.6700  2
  79.6600  13.4600  2
  79.6900  13.3400  2
  79.6700  13.2800  2
  79.6700  13.0200  2
  79.6400  12.9600  2
  79.5900  12.7300  2
  79.5700  12.6300  2
  79.5600  12.4300  2
  79.5300  12.3700  2
  79.5200  12.4700  2
  79.5200  12.6000  2
  79.5400  12.7300  2
  79.5500  12.9400  2
  79.5600  13.1100  2
  79.5600  13.2600  2
  79.5500  13.4500  2
  79.5300  13.3900  2
  79.5100  13.3600  2
  79.4800  13.2100  2
  79.4500  13.2700  2
  79.4100  13.2400  2
  79.3700  13.3200  2
  79.4200  13.4300  2
  79.4600  13.4600  2
  79.4000  13.6600  2
  79.3300  13.7500  2
  79.2700  13.8800  2
  79.2100  14.1000  2
  79.2000  14.2300  2
  79.2400  14.1200  2
  79.2900  14.0300  2
  79.3200  14.0100  2
  79.3900  13.9400  2
  79.4500  13.8800  2
  79.4900  13.8800  2
  79.5300  13.8400  2
  79.5700  13.9000  2
  79.6100  14.0900  2
  79.6400  14.1000  2
  79.6700  14.2600  2
  79.7200  14.3100  2
  79.7400  14.3400  2
  79.7800  14.4500  2
  79.7700  14.5200  2
  79.7600  14.6400  2
  79.7400  14.7500  2
  78.8800  10.5100  3
  78.8800  10.5100  2
  78.8700  10.6200  2
  78.8500  10.7600  2
  78.8300  10.8600  2
  78.8000  10.8700  2
  78.7600  10.9900  2
  78.7300  11.1400  2
  78.7000  11.1600  2
  78.6700  11.1600  2
  78.6200  11.2000  2
  78.5800  11.2200  2
  78.5700  11.2900  2
  78.5600  11.3400  2
  78.5200  11.3000  2
  78.5200  11.3600  2
  78.5100  11.4300  2
  78.4900  11.4400  2
  78.4500  11.6300  2
  78.4200  11.7400  2
  78.4200  11.8400  2
  78.4000  11.8700  2
  78.3900  11.8600  2
  78.3500  11.8800  2
  78.3100  11.9400  2
  78.2900  12.0500  2
  78.2700  12.0900  2
  78.2500  12.0700  2
  78.2200  12.1000  2
  78.2000  12.1400  2
  78.2000  12.0300  2
  78.2000  11.9100  2
  78.2200  11.8600  2
  78.2600  11.8200  2
  78.2900  11.8000  2
  78.3200  11.7700  2
  78.3400  11.6500  2
  78.3400  11.6100  2
  78.3700  11.5900  2
  78.4000  11.4400  2
  78.4100  11.4100  2
  78.4400  11.3400  2
  78.4300  11.2600  2
  78.4400  11.1600  2
  78.4600  11.0800  2
  78.4600  11.0200  2
  78.5300  10.8900  2
  78.5600  10.8800  2
  78.6200  10.8300  2
  78.6700  10.7600  2
  78.7200  10.6700  2
  78.7300  10.5700  2
  78.7600  10.5000  2
  78.8000  10.5100  2
  78.8500  10.5100  2
  78.8800  10.5100  2
  78.6100  21.3900  3
  78.6200  21.4400  2
  78.6100  21.4500  2
  78.5800  21.4000  2
  78.5700  21.3100  2
  78.5700  21.4000  2
  78.5700  21.6200  2
  78.5900  21.8100  2
  78.5900  21.9200  2
  78.5900  22.1300  2
  78.5700  22.1400  2
  78.5400  22.2200  2
  78.5000  22.3400  2
  78.4800  22.4800  2
  78.4600  22.3900  2
  78.4300  22.2200  2
  78.4000  22.1900  2
  78.3600  22.1600  2
  78.3200  22.1300  2
  78.3000  22.1400  2
  78.2600  22.0900  2
  78.2500  21.9400  2
  78.2500  21.7900  2
  78.2600  21.6600  2
  78.2300  21.5500  2
  78.2100  21.3900  2
  78.2100  21.1900  2
  78.1800  21.1500  2
  78.1900  21.0400  2
  78.2000  20.8900  2
  78.2300  20.7900  2
  78.2600  20.7600  2
  78.2900  20.6600  2
  78.3100  20.6500  2
  78.3500  20.6200  2
  78.3800  20.6400  2
  78.4200  20.6400  2
  78.4300  20.4100  2
  78.4500  20.3200  2
  78.4700  20.1900  2
  78.4800  20.2700  2
  78.5000  20.4400  2
  78.5100  20.6800  2
  78.5400  20.7700  2
  78.5200  20.8900  2
  78.5400  21.0100  2
  78.5800  21.0600  2
  78.6000  21.1100  2
  78.6100  21.2800  2
  78.6100  21.3900  2
  78.2800  22.8900  3
  78.2600  22.9300  2
  78.2500  22.9300  2
  78.2500  22.9200  2
  78.2400  22.9200  2
  78.2300  22.9300  2
  78.2200  22.9800  2
  78.2100  23.0000  2
  78.1900  23.0200  2
  78.2000  23.0800  2
  78.2100  23.1300  2
  78.2100  23.1600  2
  78.2100  23.1600  2
  78.2000  23.2200  2
  78.1900  23.2300  2
  78.1700  23.2500  2
  78.1600  23.3200  2
  78.1400  23.3500  2
  78.1400  23.3500  2
  78.1300  23.3000  2
  78.1200  23.2900  2
  78.1200  23.2900  2
  78.0800  23.2900  2
  78.1000  23.3000  2
  78.0800  23.3100  2
  78.0900  23.2400  2
  78.0900  23.1300  2
  78.0700  23.1000  2
  78.0500  23.0800  2
  78.0400  23.0400  2
  78.0200  23.0400  2
  78.0000  23.0300  2
  77.9800  23.0900  2
  77.9600  23.1100  2
  77.9500  23.1600  2
  77.9500  23.2300  2
  77.9200  23.2700  2
  77.9100  23.3500  2
  77.8900  23.3800  2
  77.8800  23.4900  2
  77.8500  23.5700  2
  77.8400  23.6300  2
  77.8400  23.7200  2
  77.8100  23.8000  2
  77.8200  23.9200  2
  77.8500  24.0400  2
  77.8500  24.1000  2
  77.8800  24.1300  2
  77.8900  24.2000  2
  77.8700  24.2400  2
  77.8500  24.3200  2
  77.8400  24.4200  2
  77.8200  24.4700  2
  77.8100  24.5100  2
  77.8000  24.5200  2
  77.7800  24.5100  2
  77.7800  24.5300  2
  77.7800  24.6100  2
  77.7600  24.6400  2
  77.7500  24.6400  2
  77.7500  24.6900  2
  77.7400  24.7400  2
  77.7400  24.8200  2
  77.7300  24.8800  2
  77.7200  24.9100  2
  77.7100  24.9000  2
  77.7000  24.8300  2
  77.7100  24.7600  2
  77.7100  24.7100  2
  77.7000  24.6900  2
  77.7000  24.6400  2
  77.7100  24.5800  2
  77.6900  24.4900  2
  77.6800  24.4100  2
  77.6700  24.3100  2
  77.6600  24.2000  2
  77.6600  24.1500  2
  77.6400  24.1200  2
  77.6200  24.1200  2
  77.6100  24.0700  2
  77.6000  24.0200  2
  77.5900  24.0000  2
  77.5800  23.9400  2
  77.5600  23.9100  2
  77.5500  23.8600  2
  77.5200  23.8500  2
  77.5100  23.8600  2
  77.5000  23.8100  2
  77.4900  23.7700  2
  77.4700  23.7500  2
  77.4600  23.7200  2
  77.4600  23.6300  2
  77.4500  23.5900  2
  77.4200  23.6000  2
  77.4200  23.6000  2
  77.4200  23.5200  2
  77.4000  23.4600  2
  77.3800  23.4500  2
  77.3800  23.4000  2
  77.3800  23.3600  2
  77.3800  23.3500  2
  77.3700  23.3000  2
  77.3600  23.2700  2
  77.3700  23.2000  2
  77.3900  23.1900  2
  77.3900  23.1500  2
  77.3900  23.1300  2
  77.3700  23.1300  2
  77.3600  23.0500  2
  77.3500  22.9700  2
  77.3300  22.9200  2
  77.3300  22.8800  2
  77.3100  22.8400  2
  77.3000  22.8400  2
  77.2900  22.8700  2
  77.2800  22.8700  2
  77.2700  22.7900  2
  77.2600  22.7600  2
  77.2500  22.6900  2
  77.2800  22.6600  2
  77.2800  22.6600  2
  77.2700  22.5900  2
  77.2600  22.5800  2
  77.2600  22.5500  2
  77.2600  22.5000  2
  77.2700  22.4800  2
  77.2900  22.4400  2
  77.3100  22.3900  2
  77.3300  22.4600  2
  77.3400  22.5000  2
  77.3600  22.5900  2
  77.3800  22.6100  2
  77.4100  22.5800  2
  77.4300  22.5700  2
  77.4500  22.6100  2
  77.4600  22.6700  2
  77.4700  22.7200  2
  77.4800  22.8000  2
  77.5000  22.8000  2
  77.5100  22.8300  2
  77.5400  22.8700  2
  77.5400  22.8300  2
  77.5400  22.7200  2
  77.5200  22.6800  2
  77.4900  22.6600  2
  77.4800  22.6300  2
  77.5000  22.5900  2
  77.5200  22.5800  2
  77.5300  22.6000  2
  77.5400  22.6300  2
  77.5500  22.6100  2
  77.5600  22.5400  2
  77.5600  22.4500  2
  77.5500  22.3800  2
  77.5300  22.2900  2
  77.5000  22.2700  2
  77.4900  22.2600  2
  77.4800  22.1900  2
  77.4900  22.1400  2
  77.4800  22.0700  2
  77.4600  22.0500  2
  77.4600  21.9800  2
  77.4700  21.8800  2
  77.4700  21.8000  2
  77.4700  21.7100  2
  77.4600  21.6500  2
  77.4600  21.5600  2
  77.4600  21.5100  2
  77.4600  21.4200  2
  77.4500  21.3800  2
  77.4300  21.3100  2
  77.4300  21.2400  2
  77.4400  21.1900  2
  77.4500  21.1600  2
  77.4400  21.1100  2
  77.4400  21.0600  2
  77.4300  20.9900  2
  77.4500  20.9300  2
  77.4600  20.8500  2
  77.4700  20.8500  2
  77.5000  20.8700  2
  77.5200  20.8500  2
  77.5300  20.8400  2
  77.5300  20.9000  2
  77.5500  20.9400  2
  77.5700  20.9300  2
  77.5700  20.9500  2
  77.5800  21.0500  2
  77.5900  21.1500  2
  77.6100  21.2100  2
  77.6300  21.2300  2
  77.6500  21.2100  2
  77.6600  21.2300  2
  77.6900  21.2400  2
  77.7100  21.2300  2
  77.7300  21.2600  2
  77.7500  21.3300  2
  77.7800  21.3300  2
  77.7900  21.3700  2
  77.8000  21.4100  2
  77.8300  21.4800  2
  77.8700  21.5000  2
  77.8900  21.5300  2
  77.9000  21.5600  2
  77.9100  21.5500  2
  77.9200  21.4800  2
  77.9300  21.3900  2
  77.9500  21.3000  2
  77.9500  21.2000  2
  77.9600  21.1300  2
  77.9900  21.1500  2
  78.0000  21.1300  2
  78.0000  21.0600  2
  78.0200  20.9900  2
  78.0400  20.9600  2
  78.0500  20.8500  2
  78.0500  20.8400  2
  78.0600  20.8800  2
  78.0700  20.8800  2
  78.0900  20.8900  2
  78.1100  20.9900  2
  78.1200  21.0800  2
  78.1300  21.1600  2
  78.1400  21.2400  2
  78.1600  21.3700  2
  78.1700  21.5000  2
  78.1800  21.6400  2
  78.1800  21.7300  2
  78.1900  21.7700  2
  78.1900  21.8400  2
  78.1800  21.9700  2
  78.1700  22.0600  2
  78.1800  22.1300  2
  78.1900  22.1900  2
  78.1900  22.3000  2
  78.1800  22.3700  2
  78.1900  22.4500  2
  78.2100  22.5400  2
  78.2100  22.5500  2
  78.2200  22.5500  2
  78.2200  22.5800  2
  78.2200  22.6900  2
  78.2200  22.7200  2
  78.2300  22.7100  2
  78.2300  22.7600  2
  78.2300  22.7800  2
  78.2400  22.8100  2
  78.2600  22.8300  2
  78.2800  22.8600  2
  78.2800  22.8900  2
  80.2100  33.4600  3
  80.2100  33.5000  2
  80.2100  33.5000  2
  80.2000  33.5000  2
  80.1800  33.5400  2
  80.1800  33.5100  2
  80.1800  33.4200  2
  80.1800  33.3500  2
  80.1700  33.3100  2
  80.1700  33.2000  2
  80.1500  33.1200  2
  80.1400  33.0200  2
  80.1300  32.9500  2
  80.1200  32.9000  2
  80.1200  32.8200  2
  80.1200  32.7000  2
  80.1100  32.5900  2
  80.1000  32.5600  2
  80.0900  32.4300  2
  80.0800  32.3900  2
  80.0700  32.3500  2
  80.0800  32.2800  2
  80.0700  32.2600  2
  80.0700  32.2000  2
  80.0800  32.1000  2
  80.0800  32.0900  2
  80.0800  32.0900  2
  80.0700  32.0600  2
  80.0700  32.0400  2
  80.0500  32.0400  2
  80.0500  32.0100  2
  80.0500  31.9800  2
  80.0400  31.9600  2
  80.0400  31.9500  2
  80.0400  31.8800  2
  80.0500  31.8200  2
  80.0300  31.7000  2
  80.0400  31.6400  2
  80.0400  31.6100  2
  80.0400  31.5600  2
  80.0300  31.5000  2
  80.0300  31.4400  2
  80.0500  31.4400  2
  80.0600  31.4400  2
  80.0600  31.4400  2
  80.0700  31.3700  2
  80.0700  31.3200  2
  80.0800  31.3700  2
  80.0800  31.4500  2
  80.1000  31.5100  2
  80.0900  31.5600  2
  80.1000  31.6700  2
  80.1100  31.7400  2
  80.1100  31.8200  2
  80.1100  31.9300  2
  80.1300  32.0600  2
  80.1300  32.1000  2
  80.1300  32.1700  2
  80.1400  32.2600  2
  80.1500  32.3400  2
  80.1600  32.3700  2
  80.1600  32.4300  2
  80.1600  32.4700  2
  80.1700  32.5400  2
  80.1700  32.6400  2
  80.1700  32.7000  2
  80.1700  32.7600  2
  80.1900  32.8000  2
  80.1900  32.8100  2
  80.1900  32.8800  2
  80.2000  32.9500  2
  80.2200  32.9600  2
  80.2200  32.9800  2
  80.2200  33.0600  2
  80.2200  33.1100  2
  80.2200  33.1800  2
  80.2200  33.2400  2
  80.2100  33.3200  2
  80.2200  33.4200  2
  80.2200  33.4500  2
  80.2100  33.4600  2
  78.7000  26.4300  3
  78.7000  26.4600  2
  78.7000  26.4600  2
  78.6900  26.4600  2
  78.6900  26.5100  2
  78.6600  26.5400  2
  78.6500  26.5400  2
  78.6500  26.5900  2
  78.6300  26.6700  2
  78.6300  26.7400  2
  78.6300  26.8100  2
  78.6400  26.8700  2
  78.6700  26.8900  2
  78.6800  26.9400  2
  78.6900  26.9400  2
  78.6900  26.8800  2
  78.7200  26.8000  2
  78.7300  26.7700  2
  78.7400  26.6700  2
  78.7600  26.6400  2
  78.7700  26.6300  2
  78.7700  26.6200  2
  78.7900  26.5600  2
  78.8100  26.4800  2
  78.8100  26.4400  2
  78.8000  26.4200  2
  78.7800  26.4200  2
  78.7800  26.4000  2
  78.7700  26.3500  2
  78.7600  26.3600  2
  78.7500  26.3700  2
  78.7300  26.4000  2
  78.7300  26.4000  2
  78.7200  26.4100  2
  78.7100  26.4200  2
  78.7000  26.4300  2
  78.8400  28.9800  3
  78.8400  29.0100  2
  78.8400  29.0100  2
  78.8400  29.0200  2
  78.8400  29.0900  2
  78.8300  29.1300  2
  78.8200  29.2100  2
  78.8200  29.2700  2
  78.8400  29.2800  2
  78.8500  29.3100  2
  78.8600  29.4100  2
  78.8600  29.4400  2
  78.8700  29.5100  2
  78.8700  29.5500  2
  78.8800  29.5600  2
  78.8900  29.5500  2
  78.9000  29.5300  2
  78.9000  29.4800  2
  78.8900  29.4800  2
  78.8900  29.4700  2
  78.8800  29.3800  2
  78.8800  29.3100  2
  78.8700  29.2300  2
  78.8800  29.1600  2
  78.8900  29.1000  2
  78.8900  29.0300  2
  78.9000  28.9800  2
  78.9000  28.9600  2
  78.9100  29.0100  2
  78.9200  29.0200  2
  78.9200  28.9800  2
  78.9300  28.8800  2
  78.9400  28.7900  2
  78.9300  28.6900  2
  78.9400  28.6600  2
  78.9500  28.6200  2
  78.9500  28.6000  2
  78.9500  28.5600  2
  78.9500  28.4800  2
  78.9400  28.4500  2
  78.9300  28.4500  2
  78.9200  28.4600  2
  78.9200  28.4600  2
  78.9200  28.4600  2
  78.9200  28.4500  2
  78.9100  28.3900  2
  78.9100  28.3800  2
  78.8900  28.3400  2
  78.8900  28.2900  2
  78.9000  28.2400  2
  78.9000  28.1900  2
  78.9000  28.1500  2
  78.8700  28.0200  2
  78.8700  28.0100  2
  78.8800  28.0100  2
  78.8700  28.0100  2
  78.8400  27.9900  2
  78.8400  27.9800  2
  78.8500  27.9200  2
  78.8600  27.8500  2
  78.8600  27.8000  2
  78.8500  27.8000  2
  78.8300  27.8000  2
  78.8200  27.8100  2
  78.8200  27.8000  2
  78.8100  27.8000  2
  78.8100  27.8500  2
  78.8100  27.9300  2
  78.8000  28.0100  2
  78.8100  28.0400  2
  78.8300  28.0400  2
  78.8300  28.1000  2
  78.8400  28.1500  2
  78.8500  28.1800  2
  78.8500  28.2700  2
  78.8600  28.3400  2
  78.8600  28.3500  2
  78.8700  28.3600  2
  78.8600  28.3500  2
  78.8700  28.3500  2
  78.8700  28.4000  2
  78.8600  28.4800  2
  78.8700  28.5600  2
  78.8800  28.5500  2
  78.8800  28.5300  2
  78.8900  28.5600  2
  78.8900  28.6100  2
  78.8800  28.7100  2
  78.8900  28.8100  2
  78.8800  28.8500  2
  78.8600  28.9000  2
  78.8500  28.9400  2
  78.8400  28.9800  2
  74.4500  18.8800  3
  74.4500  18.9000  2
  74.4500  18.9000  2
  74.4400  18.9000  2
  74.4200  18.9100  2
  74.4000  18.9600  2
  74.4000  19.0300  2
  74.3700  19.0200  2
  74.3500  18.9700  2
  74.3400  19.0200  2
  74.3400  19.0700  2
  74.3600  19.1400  2
  74.3700  19.2000  2
  74.4000  19.2200  2
  74.4200  19.2200  2
  74.4300  19.2400  2
  74.4600  19.2700  2
  74.4700  19.2700  2
  74.4800  19.2300  2
  74.5000  19.1700  2
  74.5200  19.0900  2
  74.5200  19.0500  2
  74.5000  19.0400  2
  74.4900  19.0300  2
  74.4900  18.9600  2
  74.4900  18.9200  2
  74.4800  18.8700  2
  74.4700  18.8700  2
  74.4500  18.8800  2
  80.5100  22.7800  3
  80.5100  22.7700  2
  80.5100  22.7700  2
  80.5000  22.8100  2
  80.4800  22.8300  2
  80.4700  22.9100  2
  80.4700  23.0300  2
  80.4700  23.1100  2
  80.4600  23.1900  2
  80.4500  23.2200  2
  80.4400  23.2300  2
  80.4200  23.2100  2
  80.4100  23.2100  2
  80.3900  23.1900  2
  80.3900  23.0900  2
  80.3800  23.0800  2
  80.3700  23.1200  2
  80.3500  23.1400  2
  80.3400  23.1600  2
  80.3300  23.2100  2
  80.3200  23.2400  2
  80.3100  23.2100  2
  80.2900  23.1900  2
  80.2700  23.1700  2
  80.2600  23.1600  2
  80.2400  23.1000  2
  80.2300  23.0400  2
  80.2200  23.0300  2
  80.2000  23.0300  2
  80.1900  23.0100  2
  80.1700  22.9700  2
  80.1600  22.9500  2
  80.1500  22.9300  2
  80.1400  22.9200  2
  80.1300  22.9400  2
  80.1100  22.9800  2
  80.1000  23.0200  2
  80.1000  23.0600  2
  80.1000  23.0800  2
  80.1000  23.0800  2
  80.1100  23.1100  2
  80.1200  23.1500  2
  80.1300  23.1500  2
  80.1400  23.1500  2
  80.1400  23.1900  2
  80.1400  23.2400  2
  80.1600  23.2500  2
  80.1700  23.2600  2
  80.1600  23.2900  2
  80.1500  23.2900  2
  80.1300  23.3000  2
  80.1300  23.3200  2
  80.1300  23.3600  2
  80.1600  23.3800  2
  80.1800  23.3800  2
  80.1800  23.4100  2
  80.1600  23.4400  2
  80.1400  23.4700  2
  80.1300  23.4800  2
  80.1300  23.4800  2
  80.1100  23.4700  2
  80.1000  23.5100  2
  80.1000  23.5600  2
  80.1200  23.6000  2
  80.1200  23.5900  2
  80.1300  23.5800  2
  80.1300  23.6500  2
  80.1300  23.7000  2
  80.1400  23.7300  2
  80.1500  23.7200  2
  80.1600  23.6800  2
  80.1700  23.6600  2
  80.1700  23.7000  2
  80.1700  23.7600  2
  80.1800  23.8100  2
  80.1900  23.8100  2
  80.2000  23.7700  2
  80.2200  23.7300  2
  80.2300  23.7300  2
  80.2300  23.7700  2
  80.2300  23.8300  2
  80.2300  23.8600  2
  80.2400  23.8500  2
  80.2500  23.7800  2
  80.2600  23.7400  2
  80.2700  23.7400  2
  80.2700  23.7800  2
  80.2600  23.8300  2
  80.2500  23.8800  2
  80.2400  23.9600  2
  80.2400  24.0200  2
  80.2500  24.0400  2
  80.2600  24.0400  2
  80.2700  23.9900  2
  80.2800  23.9800  2
  80.2800  24.0000  2
  80.2600  24.0700  2
  80.2500  24.1200  2
  80.2400  24.1900  2
  80.2400  24.2100  2
  80.2600  24.2100  2
  80.2700  24.1600  2
  80.2800  24.1200  2
  80.2900  24.1300  2
  80.2800  24.1800  2
  80.2700  24.2200  2
  80.2600  24.3000  2
  80.2600  24.3800  2
  80.2400  24.4200  2
  80.2400  24.4800  2
  80.2500  24.5300  2
  80.2500  24.5800  2
  80.2600  24.6000  2
  80.2700  24.6500  2
  80.2600  24.7000  2
  80.2700  24.7300  2
  80.2900  24.7700  2
  80.3200  24.8100  2
  80.3300  24.8200  2
  80.3300  24.8200  2
  80.3300  24.8400  2
  80.3400  24.8800  2
  80.3200  24.9000  2
  80.3000  24.9000  2
  80.2900  24.8800  2
  80.2700  24.8600  2
  80.2600  24.8600  2
  80.2400  24.8600  2
  80.2300  24.8600  2
  80.2200  24.7800  2
  80.2100  24.7300  2
  80.2000  24.6600  2
  80.1900  24.6200  2
  80.1800  24.6200  2
  80.1600  24.6200  2
  80.1500  24.6000  2
  80.1400  24.5500  2
  80.1300  24.5300  2
  80.1100  24.4900  2
  80.1200  24.4900  2
  80.1300  24.5300  2
  80.1400  24.6100  2
  80.1500  24.7000  2
  80.1700  24.7300  2
  80.1900  24.7600  2
  80.2000  24.8000  2
  80.2000  24.8400  2
  80.2100  24.9100  2
  80.2000  24.9300  2
  80.2000  24.9500  2
  80.1900  25.0200  2
  80.2000  25.0700  2
  80.2200  25.0900  2
  80.2300  25.1200  2
  80.2400  25.1700  2
  80.2400  25.2900  2
  80.2400  25.3600  2
  80.2400  25.3900  2
  80.2300  25.3700  2
  80.2300  25.3000  2
  80.2200  25.2500  2
  80.2100  25.2300  2
  80.2000  25.2600  2
  80.2000  25.3100  2
  80.1900  25.3500  2
  80.1700  25.3600  2
  80.1700  25.4200  2
  80.1800  25.4500  2
  80.2000  25.4500  2
  80.2100  25.4600  2
  80.2000  25.5100  2
  80.1900  25.5300  2
  80.1700  25.5500  2
  80.1600  25.5700  2
  80.1700  25.6100  2
  80.1800  25.6700  2
  80.2000  25.7000  2
  80.1900  25.7300  2
  80.1800  25.7700  2
  80.1800  25.7900  2
  80.1800  25.8000  2
  80.1700  25.8200  2
  80.1700  25.8100  2
  80.1700  25.8100  2
  80.1500  25.8100  2
  80.1400  25.7900  2
  80.1400  25.7900  2
  80.1400  25.8500  2
  80.1400  25.9000  2
  80.1500  25.9300  2
  80.1600  25.9800  2
  80.1600  26.0200  2
  80.1500  26.0300  2
  80.1500  26.1700  2
  80.1500  26.2700  2
  80.1500  26.3600  2
  80.1500  26.4600  2
  80.1500  26.5400  2
  80.1400  26.6000  2
  80.1300  26.6500  2
  80.1300  26.6700  2
  80.1400  26.7400  2
  80.1300  26.8000  2
  80.1200  26.8500  2
  80.1000  26.8300  2
  80.1000  26.8300  2
  80.0900  26.8800  2
  80.0700  26.9100  2
  80.0700  26.9600  2
  80.0600  26.9600  2
  80.0500  26.9600  2
  80.0600  26.9800  2
  80.0600  27.0500  2
  80.0600  27.1100  2
  80.0500  27.1200  2
  80.0500  27.1300  2
  80.0400  27.1300  2
  80.0200  27.1200  2
  80.0100  27.1100  2
  79.9900  27.1000  2
  79.9700  27.1200  2
  79.9400  27.0300  2
  79.9200  27.0500  2
  79.9100  27.0200  2
  79.9100  27.0700  2
  79.9000  27.1300  2
  79.8900  27.1800  2
  79.8600  27.1700  2
  79.8400  27.1200  2
  79.8200  27.0900  2
  79.8200  27.0300  2
  79.8200  26.9600  2
  79.8200  26.8500  2
  79.8100  26.7700  2
  79.7900  26.7500  2
  79.7800  26.6900  2
  79.7500  26.5800  2
  79.7300  26.5800  2
  79.7200  26.6200  2
  79.7200  26.5800  2
  79.7200  26.5100  2
  79.7000  26.4600  2
  79.6800  26.4400  2
  79.6700  26.3800  2
  79.6900  26.3600  2
  79.6800  26.3200  2
  79.6700  26.3000  2
  79.6600  26.2500  2
  79.6400  26.2200  2
  79.6400  26.1600  2
  79.6600  26.1100  2
  79.6500  26.0500  2
  79.6300  26.0300  2
  79.6300  25.9900  2
  79.6300  25.9500  2
  79.6100  25.8700  2
  79.6000  25.8200  2
  79.5700  25.8200  2
  79.5400  25.8300  2
  79.5400  25.9200  2
  79.5200  25.9400  2
  79.5100  25.9000  2
  79.5000  25.9100  2
  79.4900  25.9000  2
  79.4800  25.8900  2
  79.4700  25.8800  2
  79.4700  25.8100  2
  79.4700  25.7800  2
  79.4600  25.7400  2
  79.4500  25.7600  2
  79.4300  25.7800  2
  79.4100  25.7400  2
  79.4100  25.6900  2
  79.3900  25.7000  2
  79.3900  25.7000  2
  79.3800  25.6600  2
  79.3800  25.5900  2
  79.3700  25.5200  2
  79.3500  25.4400  2
  79.3400  25.4000  2
  79.3300  25.3700  2
  79.3300  25.3400  2
  79.3200  25.2900  2
  79.3200  25.2400  2
  79.3300  25.2000  2
  79.3300  25.1600  2
  79.3200  25.1400  2
  79.3100  25.1200  2
  79.3100  25.0600  2
  79.3200  25.0200  2
  79.3300  25.0200  2
  79.3300  24.9600  2
  79.3500  24.9000  2
  79.3500  24.8600  2
  79.3500  24.8400  2
  79.3500  24.8200  2
  79.3400  24.7800  2
  79.3200  24.7000  2
  79.3100  24.6200  2
  79.3000  24.5300  2
  79.2900  24.4300  2
  79.2900  24.3700  2
  79.2900  24.2900  2
  79.2800  24.2300  2
  79.2600  24.2300  2
  79.2500  24.2300  2
  79.2500  24.2200  2
  79.2300  24.2100  2
  79.2100  24.1600  2
  79.1900  24.1300  2
  79.1700  24.0900  2
  79.1700  24.0500  2
  79.1700  24.0200  2
  79.1800  23.9900  2
  79.1700  23.9500  2
  79.1600  23.9400  2
  79.1600  23.9000  2
  79.1500  23.8300  2
  79.1500  23.7500  2
  79.1500  23.6900  2
  79.1500  23.6800  2
  79.1600  23.6800  2
  79.1500  23.6300  2
  79.1500  23.5900  2
  79.1500  23.5500  2
  79.1500  23.4500  2
  79.1500  23.3800  2
  79.1500  23.3700  2
  79.1600  23.3800  2
  79.1500  23.3600  2
  79.1400  23.3100  2
  79.1500  23.2400  2
  79.1500  23.2300  2
  79.1600  23.2300  2
  79.1700  23.2200  2
  79.1700  23.1600  2
  79.1600  23.1000  2
  79.1600  23.0200  2
  79.1800  22.9300  2
  79.1900  22.9100  2
  79.2000  22.9400  2
  79.2000  22.9500  2
  79.2000  22.8900  2
  79.2100  22.8300  2
  79.2300  22.8000  2
  79.2400  22.8200  2
  79.2500  22.8300  2
  79.2400  22.8100  2
  79.2400  22.7800  2
  79.2500  22.7000  2
  79.2600  22.6700  2
  79.2700  22.6500  2
  79.3000  22.6100  2
  79.3200  22.6000  2
  79.3300  22.6300  2
  79.3500  22.6900  2
  79.3700  22.7000  2
  79.3900  22.7100  2
  79.3900  22.6800  2
  79.3700  22.6500  2
  79.3700  22.5900  2
  79.3600  22.5500  2
  79.3700  22.4900  2
  79.3700  22.4000  2
  79.3700  22.3000  2
  79.3800  22.2300  2
  79.3900  22.1600  2
  79.3900  22.1200  2
  79.3900  22.0800  2
  79.3800  22.0600  2
  79.3700  21.9800  2
  79.3600  21.9200  2
  79.3500  21.8600  2
  79.3600  21.7700  2
  79.3700  21.7300  2
  79.3800  21.7000  2
  79.3700  21.6200  2
  79.3800  21.5600  2
  79.3800  21.5400  2
  79.3900  21.5400  2
  79.4000  21.5500  2
  79.4000  21.5300  2
  79.4000  21.4800  2
  79.3900  21.4500  2
  79.3700  21.4700  2
  79.3600  21.4400  2
  79.3800  21.3800  2
  79.3900  21.3300  2
  79.3800  21.3000  2
  79.3700  21.2600  2
  79.3700  21.1900  2
  79.3700  21.1200  2
  79.3700  21.0900  2
  79.3500  21.0900  2
  79.3500  21.0700  2
  79.3500  21.0200  2
  79.3400  20.9900  2
  79.3400  20.9300  2
  79.3400  20.8800  2
  79.3400  20.8300  2
  79.3600  20.7800  2
  79.3700  20.7300  2
  79.3800  20.7300  2
  79.4000  20.7400  2
  79.4200  20.7200  2
  79.4300  20.6800  2
  79.4400  20.6500  2
  79.4300  20.5900  2
  79.4300  20.5100  2
  79.4300  20.4300  2
  79.4300  20.3400  2
  79.4300  20.3200  2
  79.4400  20.2300  2
  79.4500  20.1600  2
  79.4700  20.1200  2
  79.4900  20.0900  2
  79.4900  19.9900  2
  79.5000  19.9100  2
  79.5200  19.8900  2
  79.5300  19.8600  2
  79.5400  19.8000  2
  79.5500  19.7300  2
  79.5800  19.6900  2
  79.5800  19.6900  2
  79.5900  19.7000  2
  79.6000  19.7800  2
  79.5900  19.8600  2
  79.6100  19.9200  2
  79.6100  19.9300  2
  79.6100  20.0400  2
  79.6000  20.1300  2
  79.6000  20.1900  2
  79.5800  20.1900  2
  79.5800  20.2700  2
  79.5500  20.3200  2
  79.5600  20.4400  2
  79.5600  20.5800  2
  79.5500  20.6800  2
  79.5600  20.7700  2
  79.5600  20.8500  2
  79.5500  20.8900  2
  79.5400  20.9300  2
  79.5400  21.0200  2
  79.5500  21.0900  2
  79.5500  21.0700  2
  79.5700  21.0200  2
  79.5800  21.0400  2
  79.5900  21.0100  2
  79.5800  20.9300  2
  79.5900  20.8100  2
  79.6000  20.8000  2
  79.6000  20.7600  2
  79.6000  20.6800  2
  79.6100  20.5900  2
  79.6200  20.5500  2
  79.6300  20.6100  2
  79.6400  20.6300  2
  79.6400  20.6200  2
  79.6600  20.5700  2
  79.6600  20.6200  2
  79.6800  20.6700  2
  79.6800  20.7600  2
  79.6800  20.8700  2
  79.6600  20.8700  2
  79.6600  20.9400  2
  79.6800  20.9700  2
  79.6800  21.0100  2
  79.6800  21.1100  2
  79.6900  21.1700  2
  79.6900  21.2600  2
  79.6900  21.3100  2
  79.6800  21.3100  2
  79.6800  21.3400  2
  79.6800  21.5100  2
  79.6700  21.6300  2
  79.6800  21.7500  2
  79.6800  21.8100  2
  79.6900  21.8300  2
  79.7000  21.8100  2
  79.7100  21.8200  2
  79.7100  21.8800  2
  79.7100  21.9200  2
  79.7100  21.9400  2
  79.7200  21.9700  2
  79.7400  21.9700  2
  79.7500  21.9900  2
  79.7600  21.9600  2
  79.7500  21.8400  2
  79.7600  21.8000  2
  79.7700  21.8300  2
  79.7700  21.9200  2
  79.7900  21.9300  2
  79.8100  21.9300  2
  79.8000  21.8800  2
  79.7900  21.8400  2
  79.7900  21.7700  2
  79.8000  21.7200  2
  79.8000  21.6400  2
  79.7800  21.6100  2
  79.7800  21.5500  2
  79.7800  21.4400  2
  79.7800  21.3300  2
  79.7700  21.3000  2
  79.7700  21.2100  2
  79.7800  21.1100  2
  79.7700  21.0000  2
  79.7700  20.8700  2
  79.7800  20.8400  2
  79.7800  20.8100  2
  79.7800  20.7800  2
  79.7600  20.7400  2
  79.7700  20.5900  2
  79.7700  20.4600  2
  79.7600  20.3700  2
  79.7600  20.3600  2
  79.7500  20.3500  2
  79.7500  20.2400  2
  79.7500  20.1500  2
  79.7500  20.1300  2
  79.7500  20.1100  2
  79.7200  20.0200  2
  79.7200  19.9300  2
  79.7200  19.8300  2
  79.7300  19.7500  2
  79.7300  19.7100  2
  79.7100  19.7100  2
  79.7100  19.6700  2
  79.7000  19.5700  2
  79.6800  19.5100  2
  79.6900  19.4400  2
  79.7100  19.4400  2
  79.7200  19.3600  2
  79.7100  19.3000  2
  79.7200  19.2400  2
  79.7100  19.1700  2
  79.7100  19.1300  2
  79.7100  19.0700  2
  79.7100  19.0000  2
  79.7200  18.9400  2
  79.7100  18.8700  2
  79.7100  18.8500  2
  79.7100  18.8100  2
  79.7100  18.8000  2
  79.7200  18.7600  2
  79.7300  18.6800  2
  79.7400  18.7100  2
  79.7500  18.7400  2
  79.7600  18.6800  2
  79.7700  18.6500  2
  79.7800  18.6600  2
  79.7800  18.6200  2
  79.7700  18.5500  2
  79.7500  18.5300  2
  79.7700  18.4900  2
  79.7800  18.4200  2
  79.7900  18.4200  2
  79.8000  18.4200  2
  79.8100  18.3700  2
  79.8300  18.3000  2
  79.8300  18.3100  2
  79.8500  18.3100  2
  79.8700  18.3100  2
  79.8700  18.2800  2
  79.8700  18.1800  2
  79.8900  18.1600  2
  79.8900  18.1900  2
  79.9100  18.2800  2
  79.9300  18.3800  2
  79.9300  18.4500  2
  79.9300  18.5500  2
  79.9400  18.5600  2
  79.9500  18.5000  2
  79.9600  18.4800  2
  79.9700  18.5100  2
  79.9600  18.5600  2
  79.9500  18.7000  2
  79.9600  18.7300  2
  79.9800  18.7100  2
  79.9900  18.7300  2
  80.0000  18.8100  2
  80.0200  18.8600  2
  80.0300  18.8700  2
  80.0300  18.8200  2
  80.0200  18.7200  2
  80.0100  18.6400  2
  80.0100  18.5500  2
  80.0100  18.5000  2
  80.0300  18.4900  2
  80.0300  18.4500  2
  80.0300  18.4200  2
  80.0300  18.3900  2
  80.0200  18.3800  2
  80.0200  18.3400  2
  80.0200  18.3100  2
  80.0200  18.2800  2
  80.0200  18.2000  2
  80.0500  18.1600  2
  80.0500  18.0900  2
  80.0700  18.0600  2
  80.0700  18.0800  2
  80.0800  18.1300  2
  80.0900  18.1300  2
  80.1000  18.0600  2
  80.1200  18.0400  2
  80.1300  18.0100  2
  80.1400  17.9500  2
  80.1300  17.9000  2
  80.1400  17.8500  2
  80.1400  17.8000  2
  80.1400  17.7800  2
  80.1400  17.7600  2
  80.1300  17.6500  2
  80.1300  17.5400  2
  80.1400  17.5400  2
  80.1600  17.6200  2
  80.1900  17.7500  2
  80.1900  17.8300  2
  80.1800  17.9100  2
  80.1800  18.0400  2
  80.1800  18.0900  2
  80.1700  18.1000  2
  80.1600  18.1100  2
  80.1600  18.2000  2
  80.1700  18.3100  2
  80.1600  18.4100  2
  80.1700  18.4800  2
  80.1400  18.5500  2
  80.1400  18.6500  2
  80.1700  18.7000  2
  80.1900  18.7200  2
  80.1800  18.7900  2
  80.1700  18.8500  2
  80.1600  18.9100  2
  80.1400  18.9100  2
  80.1200  18.9100  2
  80.1200  18.9800  2
  80.1100  19.0800  2
  80.0900  19.0900  2
  80.0700  19.1600  2
  80.0500  19.1600  2
  80.0200  19.2700  2
  80.0000  19.3600  2
  80.0100  19.4300  2
  80.0300  19.4300  2
  80.0500  19.4000  2
  80.0700  19.4000  2
  80.0900  19.3600  2
  80.0800  19.3800  2
  80.0700  19.4500  2
  80.0800  19.5000  2
  80.1000  19.4600  2
  80.1100  19.4500  2
  80.1100  19.4300  2
  80.1300  19.3800  2
  80.1300  19.4100  2
  80.1300  19.4900  2
  80.1200  19.5600  2
  80.1200  19.6000  2
  80.1400  19.6000  2
  80.1500  19.5600  2
  80.1600  19.5000  2
  80.1600  19.4000  2
  80.1600  19.3300  2
  80.1800  19.2800  2
  80.1700  19.1700  2
  80.2000  19.1300  2
  80.2000  19.1200  2
  80.2200  19.0600  2
  80.2300  19.0400  2
  80.2400  19.0400  2
  80.2500  19.0900  2
  80.2700  19.0900  2
  80.2800  19.0900  2
  80.3000  19.0800  2
  80.3100  19.0800  2
  80.3400  19.0700  2
  80.3500  19.0700  2
  80.3300  19.1200  2
  80.3200  19.1800  2
  80.2900  19.2500  2
  80.2800  19.3400  2
  80.2500  19.3800  2
  80.2200  19.4100  2
  80.2100  19.4800  2
  80.2100  19.5200  2
  80.2100  19.5700  2
  80.2100  19.6600  2
  80.1900  19.7200  2
  80.1700  19.7800  2
  80.1800  19.8200  2
  80.1900  19.8300  2
  80.2000  19.8600  2
  80.2000  19.8600  2
  80.2100  19.8600  2
  80.2200  19.8200  2
  80.2200  19.8200  2
  80.2300  19.7600  2
  80.2500  19.7300  2
  80.2500  19.7300  2
  80.2600  19.8000  2
  80.2800  19.8000  2
  80.3000  19.8200  2
  80.3100  19.8000  2
  80.3300  19.7700  2
  80.3300  19.8200  2
  80.3300  19.8400  2
  80.3300  19.8400  2
  80.3300  19.7900  2
  80.3300  19.7500  2
  80.3400  19.7300  2
  80.3500  19.7600  2
  80.3600  19.8400  2
  80.3700  19.8800  2
  80.3800  19.8700  2
  80.3800  19.7800  2
  80.3700  19.7200  2
  80.3900  19.7100  2
  80.4000  19.7100  2
  80.4000  19.6800  2
  80.3800  19.6300  2
  80.3700  19.6100  2
  80.3700  19.5800  2
  80.3800  19.5700  2
  80.3900  19.5500  2
  80.3900  19.5000  2
  80.3900  19.4900  2
  80.4100  19.4400  2
  80.4200  19.4400  2
  80.4500  19.4900  2
  80.4700  19.5100  2
  80.4800  19.5600  2
  80.4500  19.6000  2
  80.4400  19.6700  2
  80.4600  19.6800  2
  80.4900  19.6700  2
  80.5000  19.6700  2
  80.5200  19.7000  2
  80.5100  19.7500  2
  80.4900  19.7600  2
  80.4600  19.8000  2
  80.4700  19.9500  2
  80.4500  19.9900  2
  80.4200  19.9400  2
  80.4000  19.9500  2
  80.3900  20.0300  2
  80.4100  20.1300  2
  80.4200  20.2200  2
  80.4100  20.3100  2
  80.3900  20.3100  2
  80.3700  20.3200  2
  80.3600  20.3600  2
  80.3500  20.4400  2
  80.3300  20.4500  2
  80.3200  20.4300  2
  80.3000  20.4400  2
  80.2800  20.4600  2
  80.2700  20.5600  2
  80.2800  20.6500  2
  80.2900  20.7400  2
  80.2700  20.7500  2
  80.2500  20.7400  2
  80.2400  20.7400  2
  80.2300  20.7800  2
  80.2200  20.7800  2
  80.2100  20.7800  2
  80.2100  20.7800  2
  80.2100  20.7800  2
  80.2000  20.8500  2
  80.2000  20.9600  2
  80.2000  21.0600  2
  80.2000  21.1100  2
  80.2100  21.2200  2
  80.2200  21.2400  2
  80.2300  21.2900  2
  80.2200  21.3100  2
  80.2100  21.3800  2
  80.2300  21.4500  2
  80.2400  21.5000  2
  80.2300  21.5800  2
  80.2100  21.6400  2
  80.2100  21.7500  2
  80.2300  21.7600  2
  80.2500  21.7600  2
  80.2600  21.7900  2
  80.2700  21.8600  2
  80.2500  21.9100  2
  80.2200  21.9000  2
  80.2000  21.9200  2
  80.2000  21.9200  2
  80.1700  21.8400  2
  80.1500  21.7400  2
  80.1300  21.7100  2
  80.1000  21.5400  2
  80.1000  21.5900  2
  80.1200  21.6900  2
  80.1300  21.8000  2
  80.1300  21.8400  2
  80.1100  21.9100  2
  80.0800  22.0100  2
  80.0400  22.0400  2
  80.0100  22.1300  2
  79.9900  22.1800  2
  79.9700  22.2900  2
  79.9800  22.3300  2
  79.9900  22.3500  2
  79.9900  22.4400  2
  80.0100  22.4500  2
  80.0300  22.3700  2
  80.0400  22.3300  2
  80.0400  22.4000  2
  80.0600  22.4200  2
  80.0700  22.3800  2
  80.0900  22.3700  2
  80.1200  22.3500  2
  80.1500  22.3600  2
  80.2000  22.3800  2
  80.2200  22.4000  2
  80.2500  22.4200  2
  80.2600  22.4200  2
  80.2800  22.4500  2
  80.2900  22.4500  2
  80.3100  22.4500  2
  80.3200  22.4100  2
  80.3200  22.3300  2
  80.3400  22.3300  2
  80.3600  22.3500  2
  80.3800  22.3800  2
  80.4000  22.3800  2
  80.4000  22.3800  2
  80.4000  22.4400  2
  80.4100  22.5000  2
  80.4100  22.5400  2
  80.3700  22.5500  2
  80.3500  22.6100  2
  80.3200  22.6300  2
  80.3300  22.7100  2
  80.3300  22.7900  2
  80.3500  22.7900  2
  80.3600  22.8000  2
  80.3600  22.7800  2
  80.4000  22.7900  2
  80.4200  22.8200  2
  80.4300  22.8100  2
  80.4600  22.7900  2
  80.4800  22.7900  2
  80.4900  22.7700  2
  80.5000  22.7700  2
  80.5100  22.7600  2
  80.5100  22.7700  2
  80.5100  22.7800  2
  99.0000   0.0000  3
 91X 503 306 200  60.00   0.00 BA 1000  5
  82.3000  70.1000  3
  82.3400  69.5200  2
  82.3700  69.2000  2
  82.4100  68.8500  2
  82.5100  68.5300  2
  82.5800  68.3000  2
  82.7100  68.0300  2
  82.8000  67.7400  2
  82.9200  66.8900  2
  83.0100  65.9600  2
  83.0900  64.1800  2
  83.1200  63.0700  2
  83.1300  61.9200  2
  83.1200  60.6500  2
  83.0600  59.3400  2
  83.0000  58.3300  2
  82.9400  57.5500  2
  82.8700  56.7200  2
  82.8000  55.9700  2
  82.7300  54.8800  2
  82.6600  53.9100  2
  82.6100  53.2600  2
  82.5400  51.9200  2
  82.5300  50.9900  2
  82.5000  49.8100  2
  82.4700  48.3300  2
  82.4500  47.6500  2
  82.4500  47.3400  3
  82.4100  47.2700  2
  82.4500  46.9200  3
  82.4300  46.7800  2
  82.4000  46.7500  2
  82.3900  46.8500  2
  82.4000  46.9700  2
  82.4200  47.0000  2
  82.4400  46.9200  2
  82.4200  46.5900  3
  82.4100  46.5000  2
  82.3800  46.4200  2
  82.3800  46.6000  2
  82.3900  46.6700  2
  82.4100  46.6800  2
  82.4300  46.6600  2
  82.4300  46.6200  2
  82.4100  46.2200  3
  82.4000  46.1500  2
  82.3700  46.0600  2
  82.3800  46.2600  2
  82.4000  46.3100  2
  82.4100  46.2900  2
  82.4200  46.2200  2
  82.3900  45.6700  3
  82.3700  45.1200  2
  82.3400  44.4400  2
  82.3200  43.7900  2
  82.2600  42.9700  2
  82.2100  42.2900  2
  82.1600  41.6400  2
  82.1300  41.1600  2
  82.1200  40.8200  2
  82.1500  40.3200  2
  82.2000  40.0700  2
  82.2200  39.8100  2
  82.1700  39.1500  2
  82.1100  38.4900  2
  82.0400  37.8700  2
  81.9300  37.2200  2
  81.8700  36.9100  2
  81.8000  36.3600  2
  81.7800  35.7200  2
  81.7700  34.5300  2
  81.7400  33.3000  2
  81.7000  32.4700  2
  81.6300  31.2700  2
  81.5700  30.4700  2
  81.5100  29.5400  2
  81.4700  28.7500  2
  81.4700  28.1000  2
  81.5100  27.3200  2
  81.5700  26.5900  2
  81.5700  25.9500  2
  81.5700  24.9000  2
  81.5700  24.3400  2
  81.6300  23.7700  2
  81.6600  22.9300  2
  81.6200  22.1600  2
  81.5100  21.0300  2
  81.4500  19.9200  2
  81.5100  19.4200  2
  81.5700  18.4600  2
  81.4700  18.0400  2
  81.3700  17.7600  2
  81.2700  17.4300  2
  81.1800  17.1500  2
  81.0600  16.9700  2
  80.9200  16.7800  2
  80.8300  16.5900  2
  80.7500  16.1200  2
  80.7300  15.5000  2
  80.7700  14.9600  2
  80.7800  14.3500  2
  80.7500  13.7900  2
  80.6800  13.1800  2
  80.6200  12.7100  2
  80.5600  12.2000  2
  80.5500  12.1200  2
  79.3500   7.6200  3
  79.3000   7.7500  2
  79.2400   7.8800  2
  79.1700   7.9500  2
  79.0900   7.9700  2
  79.0100   7.9700  2
  78.8900   7.9300  2
  78.8000   7.9500  2
  78.6900   8.0400  2
  78.6000   8.2500  2
  78.5500   8.5800  2
  78.4900   8.8800  2
  78.4400   8.9700  2
  78.3400   9.1200  2
  78.2400   9.1400  2
  78.0700   9.1900  2
  77.9900   9.2700  2
  77.9300   9.3400  2
  77.8700   9.4600  2
  77.7900   9.7000  2
  77.7400   9.9400  2
  77.6600  10.2700  2
  77.5700  10.4700  2
  77.4900  10.6400  2
  77.4100  10.8000  2
  77.3300  10.9300  2
  77.2200  11.1000  2
  77.1400  11.2400  2
  77.0500  11.4100  2
  77.0400  11.5100  2
  77.0000  11.6600  2
  76.9400  11.9800  2
  76.9200  12.1700  2
  76.8700  12.3100  2
  76.8100  12.4400  2
  76.7700  12.6500  2
  76.6900  12.8900  2
  76.6200  13.1500  2
  76.5800  13.3200  2
  76.4900  13.5200  2
  76.3900  13.6500  2
  76.2300  13.7300  2
  76.1000  13.7200  2
  76.0000  13.7700  2
  75.9300  13.7700  2
  75.7400  13.8100  2
  75.6300  13.7700  2
  75.5400  13.8100  2
  75.4600  13.8900  2
  75.3600  14.1000  2
  75.2900  14.3000  2
  75.2200  14.5100  2
  75.1600  14.6700  2
  75.1400  14.8700  2
  75.0400  15.0800  2
  74.9700  15.1800  2
  74.8900  15.2500  2
  74.7900  15.3100  2
  74.7100  15.4200  2
  74.6200  15.7000  2
  74.5600  15.8500  2
  74.4900  15.9900  2
  74.4200  16.0400  2
  74.3400  16.0400  2
  74.1900  15.8600  3
  74.1100  15.7500  2
  74.0100  15.5800  3
  73.9600  15.5000  2
  73.9000  15.4300  3
  73.8400  15.2700  2
  73.7800  15.1100  3
  73.7000  14.9700  2
  73.6100  14.7200  2
  73.5600  14.6600  3
  73.5100  14.5100  2
  73.4400  14.4600  3
  73.3300  14.2600  2
  73.2500  14.2600  3
  73.1900  14.2600  2
  73.1000  14.2700  3
  73.0000  14.2100  2
  72.9100  14.2500  3
  72.8100  14.2100  2
  72.7200  14.2300  3
  72.6300  14.2400  2
  72.5300  14.2900  3
  72.4200  14.3700  2
  72.3500  14.4900  3
  72.3300  14.5800  2
  72.2800  14.8500  3
  72.2700  14.9300  2
  72.2600  15.1100  3
  72.2400  15.2000  2
  72.2200  15.3200  3
  72.1500  15.3400  3
  72.1200  15.2300  2
  72.1100  15.3800  3
  72.0500  15.4300  3
  72.0500  15.4100  2
  72.0100  15.5000  3
  71.9700  15.3900  2
  71.8600  15.2000  2
  71.7800  15.2600  2
  71.6900  15.4900  3
  71.6100  15.7300  2
  71.5700  15.9200  3
  71.5300  16.0400  2
  71.4800  16.1900  3
  71.4200  16.2200  2
  71.3700  16.2400  3
  71.2900  16.2700  2
  71.2900  16.2700  3
  99.0000   0.0000  3
 91X 503 306 125  60.00   0.00 BA 2000  6
  82.8800  70.0600  3
  82.8900  69.6200  2
  82.9400  68.9600  2
  83.0200  68.3000  2
  83.1000  67.4700  2
  83.1600  66.7000  2
  83.2400  65.4100  2
  83.2700  64.2600  2
  83.2800  63.0700  2
  83.2800  61.9300  2
  83.2500  60.8500  2
  83.2200  59.9400  2
  83.1700  59.0700  2
  83.0900  57.9400  2
  83.0400  57.2800  2
  82.9400  55.9000  2
  82.8800  55.0300  2
  82.8100  54.0200  2
  82.7600  52.9600  2
  82.7000  51.6700  2
  82.6500  50.7200  2
  82.6100  49.7900  2
  82.5800  49.1100  2
  82.5500  48.4200  2
  82.5000  47.3800  2
  82.4700  46.4700  2
  82.4700  46.1900  2
  82.4300  45.1500  2
  82.4000  44.1900  2
  82.3700  43.2000  2
  82.3400  42.1600  2
  82.3300  41.6700  2
  82.3500  41.1400  2
  82.4000  40.7700  2
  82.4100  40.2400  2
  82.3700  39.0300  2
  82.3100  38.1900  2
  82.2400  36.9900  2
  82.1500  36.0600  2
  82.0800  35.3100  2
  82.0100  34.3600  2
  81.9200  33.4100  2
  81.8600  32.7000  2
  81.7800  31.8100  2
  81.7100  31.2600  2
  81.6500  30.7200  2
  81.6100  30.1500  2
  81.6200  29.5700  2
  81.6400  29.0300  2
  81.6400  28.2600  2
  81.6700  27.4200  2
  81.6800  26.9800  2
  81.7100  26.3700  2
  81.7500  25.4500  2
  81.7900  24.5300  2
  81.8000  24.2300  2
  81.7500  23.4300  2
  81.7200  22.6400  2
  81.6900  21.7700  2
  81.6400  20.9700  2
  81.6400  20.2800  2
  81.6600  19.6300  2
  81.6800  18.6600  2
  81.7200  18.3600  2
  81.7200  17.8000  2
  81.6500  17.4800  2
  81.5400  17.3800  2
  81.4300  17.1800  2
  81.3000  16.9700  2
  81.2000  16.6400  2
  81.1300  16.3900  2
  81.0400  16.2400  2
  80.9200  15.7400  2
  80.8800  15.2600  2
  80.9300  15.1000  2
  81.0000  14.9500  2
  81.0100  14.4600  2
  80.9900  13.6700  2
  80.9600  12.7600  2
  80.9300  12.1900  2
  80.9300  11.7600  2
  78.9200   6.1500  3
  78.7900   6.4200  2
  78.7200   6.5300  2
  78.6200   6.8200  2
  78.5400   7.2000  2
  78.4900   7.6100  2
  78.4200   7.9500  2
  78.2700   8.1400  2
  78.1700   8.1800  2
  78.0600   8.2100  2
  77.9800   8.2300  2
  77.9100   8.2600  2
  77.7800   8.4100  2
  77.7000   8.6100  2
  77.6000   8.8400  2
  77.5400   9.0200  2
  77.4700   9.2900  2
  77.3600   9.4400  2
  77.2500   9.5500  2
  77.1600   9.7100  2
  77.0400   9.9800  2
  76.9500  10.1900  2
  76.8400  10.4300  2
  76.7200  10.7200  2
  76.6300  10.9900  2
  76.5100  11.3000  2
  76.3800  11.5100  2
  76.2300  11.6100  2
  76.1100  11.7400  2
  75.9700  11.8500  2
  75.8600  11.9600  2
  75.7200  12.1300  2
  75.6000  12.2900  2
  75.4300  12.3900  2
  75.2700  12.4800  2
  75.1600  12.6500  2
  75.0200  13.0000  2
  74.9400  13.3500  2
  74.8500  13.6900  2
  74.7600  14.0300  2
  74.6500  14.2600  2
  74.5800  14.4100  2
  74.4700  14.4700  2
  74.4800  14.4700  3
  99.0000   0.0000  3
