 43X  15 434  32  43.00   0.00 TH 000   1
  40.0400  97.0000  3
  39.8700  97.4300  2
  39.7000  97.8800  2
  39.4700  98.6100  2
  39.2400  99.1200  2
  39.0300  99.6100  2
  38.7900 100.1300  2
  38.5800 100.4300  2
  38.2700 100.9700  2
  38.0200 101.4900  2
  37.6200 102.0500  2
  37.2900 102.9300  2
  37.1300 103.6200  2
  36.9600 104.5700  2
  36.6500 105.2700  2
  36.4600 105.7400  2
  36.1900 106.1200  2
  35.7400 106.3200  2
  35.2500 106.5100  2
  34.9300 106.7900  2
  34.6000 107.0700  2
  34.4000 107.1600  2
  39.4300  98.6600  3
  39.2200  98.6800  2
  39.2500  99.0100  2
  37.8300 101.6800  3
  37.4800 101.7600  2
  37.5100 102.0800  2
  36.3600 105.9300  3
  36.1300 105.8000  2
  36.0800 106.1100  2
   5.5700  94.1900  3
  99.0000   0.0000  3
 43X  16 434  84 150.00   0.00 MA 000   7
  35.4600  81.7500  3
  35.8300  82.2600  2
  36.4200  83.4400  2
  36.9100  84.3900  2
  37.2900  85.5600  2
  37.7900  87.2100  2
  37.9400  87.7800  2
  38.1100  88.3800  2
  38.3100  89.1600  2
  38.4700  89.7500  2
  38.6500  90.4500  2
  38.8500  91.1300  2
  38.9800  91.8100  2
  39.0900  92.5200  2
  39.2400  93.1700  2
  39.3700  93.8800  2
  39.5200  94.5500  2
  39.6600  95.3200  2
  39.8300  96.2200  2
  39.9500  96.8700  2
  39.8400  97.4000  2
  39.7000  97.7400  2
  39.5100  98.2500  2
  39.2300  98.9200  2
  38.8900  99.6600  2
  38.5700 100.3700  2
  38.2200 100.9300  2
  37.8800 101.5700  2
  37.5000 102.1700  2
  37.1500 103.0000  2
  37.0000 103.9200  2
  36.9100 104.5200  2
  36.7500 104.9600  2
  36.5100 105.4700  2
  35.8300 106.1900  2
  35.4700 106.3300  2
  34.9800 106.5900  2
  34.5900 107.0200  2
  34.2600 107.1600  2
  34.1000 107.9000  2
  33.9700 108.6900  2
  33.9200 109.5100  2
  33.8300 110.2500  2
  33.6500 110.7300  2
  33.3600 111.4600  2
  33.1900 112.0500  2
  33.0900 112.2800  2
  33.5900 109.9200  2
  33.6500 109.2600  2
  33.8400 107.9800  2
  34.1400 106.6500  2
  33.9100 105.2500  2
  34.3200 104.4700  2
  34.6400 103.9600  2
  35.1500 102.9800  2
  35.6300 102.3700  2
  35.8500 101.9900  2
  36.1400 101.3800  2
  36.4400 100.9300  2
  36.7000  99.9900  2
  36.9600  99.2400  2
  37.1500  98.7800  2
  34.4700 100.4000  3
  34.7200  99.9500  2
  35.0900  99.2300  2
  35.5200  98.3500  2
  35.7300  97.2100  2
  35.8700  96.0600  2
  35.9500  95.1600  2
  36.0100  93.9600  2
  35.9900  92.7200  2
  36.0700  91.6900  2
  36.2000  90.2600  2
  36.2200  89.1500  2
  36.2700  87.8900  2
  36.2300  86.8800  2
  36.1100  85.5500  2
  35.9300  84.3300  2
  35.8300  83.4600  2
  35.6700  82.7600  2
  35.4500  82.0700  2
  35.3600  81.6300  2
  35.2200  81.3500  2
  35.2200  81.3600  3
  99.0000   0.0000  3
 43X  17 434  32 150.00   0.00 GR 000   7
  37.0300  84.5700  3
  37.0200  85.0000  2
  37.0100  85.9800  2
  36.0200  84.9900  3
  37.0200  84.9900  2
  37.1900  84.9900  2
  37.0100  89.0000  3
  37.0000  89.9900  2
  37.0100  91.0000  2
  38.0100  89.9800  3
  36.9900  89.9900  2
  36.1600  89.9800  2
  37.0200  94.0000  3
  37.0000  94.9900  2
  37.0100  96.0000  2
  36.0000  94.9900  3
  37.0000  95.0000  2
  38.0100  95.0000  2
  36.9800  99.0000  3
  36.9900 100.0200  2
  37.0200 101.0100  2
  38.0100 100.0100  3
  37.0100 100.0200  2
  36.0000 100.0100  2
  36.0000 104.0400  3
  36.0200 105.0200  2
  36.7400 105.0500  2
  36.0100 105.0400  2
  34.9900 105.0400  2
  35.9900 105.0300  3
  36.0000 106.0400  2
  18.3100 101.7400  3
  99.0000   0.0000  3
 43X 144 434  40  43.00   0.00 SS 000   1
  35.2300  81.3800  3
  35.4900  81.7000  2
  35.8600  82.1800  2
  36.1400  82.6100  2
  36.3900  83.1900  2
  36.6700  83.7400  2
  36.9200  84.3100  2
  37.1900  84.9700  2
  37.3200  85.4800  2
  37.4800  85.9700  2
  37.5900  86.4400  2
  37.7100  86.6900  2
  37.8300  87.1200  2
  37.9200  87.4900  2
  38.0500  87.9200  2
  38.1600  88.2700  2
  38.3100  88.7500  2
  38.4300  89.2400  2
  38.5600  89.7600  2
  38.6500  90.2700  2
  38.8100  90.9200  2
  38.8900  91.4000  2
  39.0000  91.9200  2
  39.0700  92.2600  2
  39.1500  92.7900  2
  39.2200  93.3000  2
  39.3800  93.9400  2
  39.4700  94.3800  2
  39.5400  94.7000  2
  39.6200  95.1400  2
  39.7000  95.5500  2
  39.7700  95.9100  2
  39.8300  96.1900  2
  39.9000  96.4700  2
  39.9600  96.7200  2
  40.0200  96.8900  2
  40.0200  97.0000  2
  38.8600  91.1000  3
  38.7100  91.1900  2
  44.2400  96.9800  3
  99.0000   0.0000  3
 43X   5 434  38 150.00   0.00 GR 000   7
  37.2700  93.6300  3
  37.0800  93.7500  2
  37.1500  93.5600  3
  37.2900  93.3900  2
  37.4800  93.3900  2
  37.5600  93.5500  2
  37.5600  93.7200  2
  37.4200  93.8100  2
  37.2700  93.7900  2
  37.2100  93.7100  2
  37.1900  93.5400  2
  37.2000  93.4700  2
  36.9700  94.4700  3
  37.3000  94.8000  2
  36.8700  94.8400  2
  37.0900  94.6000  3
  37.0300  94.8500  2
  36.6900  95.8000  3
  37.0600  95.9100  2
  36.4800  96.7300  3
  36.4200  96.9600  2
  36.5600  97.1600  2
  36.7000  97.1700  2
  36.8100  97.0700  2
  36.8600  96.8300  2
  36.8500  96.9000  3
  36.4700  96.7600  2
  36.2200  97.8200  3
  36.5700  98.1800  2
  36.1300  98.2300  2
  36.3600  97.9500  3
  36.2900  98.2000  2
  35.9800  98.9400  3
  36.3600  99.0800  2
  36.0600  99.1600  2
  36.2900  99.4800  2
  35.8600  99.3400  2
  35.8600  99.3400  3
  99.0000   0.0000  3
