 63X   1 631  33  43.00   0.00 SS 000   1
  33.9900 103.0000  3
  33.9100 103.5000  2
  33.7000 103.9700  2
  33.4400 104.6900  2
  33.3900 105.6400  2
  33.3900 106.3300  2
  33.3700 107.2100  2
  33.3600 107.9500  2
  33.2800 108.9000  2
  33.2200 109.7200  2
  33.1500 110.6700  2
  33.0700 111.6400  2
  32.9900 112.5700  2
  32.8400 113.6800  2
  32.5200 114.6300  2
  32.4600 115.8100  2
  32.2700 116.7700  2
  32.1100 118.0400  2
  32.0300 119.0700  2
  32.0200 120.2100  2
  32.0200 121.4600  2
  31.8900 122.0600  2
  31.9100 122.9600  2
  31.9900 123.8400  2
  32.0600 125.1200  2
  32.1000 126.5300  2
  32.2800 127.3700  2
  32.2700 128.4000  2
  32.2600 129.2600  2
  32.3000 130.0200  2
  32.2600 130.8300  2
  32.2100 131.3300  2
  32.2100 131.3400  3
  99.0000   0.0000  3
 63X   2 631  96 560.00   0.00 MA 000   7
  34.7500  93.4400  3
  34.4000  94.1100  2
  33.5000  95.7500  2
  33.1300  96.5900  2
  32.5500  97.6900  2
  32.1900  98.5800  2
  31.7600  99.1000  2
  31.3100  99.4800  2
  30.6800  99.7900  2
  29.9200  99.8600  2
  28.8000  99.7800  2
  27.9200  99.8000  2
  26.8500 100.1700  2
  26.0800 100.2100  2
  25.5200 100.2500  2
  25.1500 100.3800  2
  20.1800 107.0600  3
  20.6500 107.6000  2
  21.1100 108.6300  2
  21.3000 109.5500  2
  21.5900 111.1000  2
  21.7700 112.3500  2
  22.1300 113.8400  2
  22.6400 116.0300  2
  23.2700 117.4600  2
  23.6300 118.8400  2
  23.8300 120.1300  2
  23.8600 120.7500  2
  23.9300 121.0800  2
  34.7600  93.4200  3
  34.6600  93.8100  2
  34.5300  94.3900  2
  34.3200  94.9700  2
  33.9500  95.6400  2
  33.4900  96.3700  2
  33.1300  97.3300  2
  32.7100  98.4100  2
  32.2100  99.2300  2
  31.7500  99.8000  2
  31.1900 100.1800  2
  29.8000 100.4000  2
  29.2600 100.7600  2
  30.2400 101.4200  2
  30.4500 101.6100  2
  31.0800 101.2100  3
  31.7800 101.6300  2
  32.2600 102.3400  2
  32.7500 103.2600  2
  33.3700 103.6300  2
  33.9600 103.2500  2
  34.3500 100.6200  3
  34.4000 101.0400  2
  33.9300 103.2600  3
  33.8900 103.5100  2
  33.6300 104.0700  2
  33.3300 104.9300  2
  33.3500 106.0600  2
  33.3200 107.3900  2
  33.2500 108.4300  2
  33.1400 109.6000  2
  32.9800 110.8600  2
  32.8700 111.8100  2
  32.8400 113.2100  2
  32.5400 114.5500  2
  32.4000 115.4000  2
  32.1500 116.8000  2
  32.0600 117.7200  2
  31.9900 118.9200  2
  31.8900 120.0400  2
  31.7900 121.0900  2
  31.9100 121.9800  2
  31.9200 122.9100  2
  31.9600 124.1300  2
  32.0000 125.2600  2
  31.9700 126.3400  2
  31.9700 126.9400  2
  32.0200 127.9300  2
  32.0800 128.9500  2
  32.1400 129.9400  2
  31.6100 129.7800  2
  30.9100 129.7300  2
  29.9600 129.3700  2
  29.0600 129.1300  2
  28.1700 128.7100  2
  27.1800 128.0300  2
  26.5300 127.3900  2
  25.8700 126.6200  2
  25.2100 125.7400  2
  24.8600 124.9400  2
  24.6500 123.9500  2
  24.4700 123.0000  2
  24.3600 122.4800  2
  24.1600 121.5500  2
  24.0100 120.6500  2
  23.8600 119.9800  2
  23.8700 120.0200  3
  99.0000   0.0000  3
 63X   4 631  25  43.00   0.00 SS 000   1
  25.1100 100.4000  3
  24.9800 100.6000  2
  24.6800 101.1100  2
  24.1600 101.5100  2
  23.7600 101.8400  2
  23.4400 102.3700  2
  23.1300 103.1600  2
  22.8800 103.5800  2
  22.3200 104.3200  2
  21.7900 105.0000  2
  21.2500 105.6300  2
  20.8500 106.0800  2
  20.3900 106.6800  2
  19.8800 107.1800  2
  19.3400 107.7300  2
  18.7000 108.3800  2
  18.3100 108.7600  2
  18.0200 109.0300  2
  17.4500 109.3800  2
  17.0500 109.7600  2
  15.9500 110.7000  2
  14.9000 111.4400  2
  14.0800 112.1300  2
  13.5800 112.5600  2
  13.6000 112.5700  3
  99.0000   0.0000  3
 63X   5 631  77  43.00   0.00 NO 000   1
  20.1500 107.0300  3
  20.6000 107.7400  2
  20.9500 108.6500  2
  21.2200 109.7400  2
  21.4700 111.4400  2
  21.6900 112.6100  2
  21.8900 113.5600  2
  22.1500 114.5000  2
  22.2600 115.3000  2
  22.5200 116.0900  2
  22.7500 116.7200  2
  22.9600 117.3400  2
  23.2600 118.2200  2
  23.4400 118.9100  2
  23.6000 119.7200  2
  23.6900 120.1200  2
  23.7400 120.4100  2
  23.7800 120.5500  2
  20.5000 107.5500  3
  20.4000 107.6100  2
  21.0900 109.0700  3
  20.9100 109.1700  2
  21.3100 110.7200  3
  21.1900 110.7900  2
  21.6400 112.3600  3
  21.3600 112.4600  2
  21.8900 113.5000  3
  21.6900 113.5600  2
  22.1900 114.8000  3
  21.9900 114.9100  2
  22.5700 116.2500  3
  22.3300 116.3400  2
  22.9100 117.2900  3
  22.7100 117.4100  2
  23.3400 118.3200  3
  23.1200 118.4700  2
  23.6500 119.9400  3
  23.4600 119.9300  2
  20.5200 120.2000  3
  20.1700 120.0200  2
  19.8600 119.7600  2
  19.3300 119.0700  2
  19.2100 118.5000  2
  19.4100 117.5300  2
  19.4100 117.1600  2
  18.9700 116.9600  2
  18.7500 116.0100  2
  18.8400 114.9700  2
  18.7400 114.3600  2
  18.6400 114.1000  2
  18.6000 113.1800  2
  18.5200 112.2800  2
  18.4600 111.4700  2
  18.4500 111.0100  2
  18.4600 111.3500  3
  18.3300 111.4100  2
  18.4800 111.8800  3
  18.3200 111.9400  2
  18.5800 112.9100  3
  18.4000 112.9500  2
  18.5900 113.7700  3
  18.4900 113.7900  2
  18.8800 114.8000  3
  18.6600 114.8300  2
  18.7600 115.5600  3
  18.5500 115.7200  2
  18.7300 116.6200  3
  18.5600 116.6300  2
  19.3400 117.4700  3
  19.0800 117.5700  2
  19.2500 118.4100  3
  19.0600 118.4600  2
  19.2300 118.7900  3
  19.0000 118.8100  2
  19.9000 119.7200  3
  19.8100 119.7500  2
  19.8300 119.7900  3
  99.0000   0.0000  3
 63X   6 631  58 170.00   0.00 TH 000   4
  23.5500 102.1200  3
  24.0200 102.2200  2
  24.7200 102.0100  2
  25.6100 102.3200  2
  26.7100 102.9200  2
  27.3200 102.6900  3
  27.8300 102.9900  2
  28.3000 103.3600  2
  28.6800 104.1600  2
  29.3300 105.1600  2
  29.8700 106.0500  2
  30.4700 106.7400  2
  31.1400 107.3300  2
  31.4700 107.9700  2
  31.5200 108.8700  2
  31.5300 109.6600  2
  31.7200 110.3400  2
  31.6800 111.1700  2
  31.6000 111.4800  2
  27.0300 106.5500  3
  27.6800 106.8800  2
  28.3100 107.1300  2
  29.0700 107.8600  2
  29.8300 108.6500  2
  30.4000 109.3700  2
  30.8500 109.9700  2
  30.9700 110.5000  2
  30.9100 110.0700  3
  30.7900 110.1800  2
  30.9300 110.3300  2
  29.2900 107.9000  3
  29.2600 108.1900  2
  29.4900 108.1800  2
  27.4800 106.7900  3
  27.5000 107.0600  2
  27.7400 106.9300  2
  24.2400 102.0900  3
  24.4200 102.2800  2
  24.5200 102.0800  2
  25.6400 102.4200  3
  25.7000 102.6600  2
  25.9400 102.5200  2
  27.8300 103.0300  3
  27.8000 103.1900  2
  27.9800 103.1300  2
  28.6900 104.4500  3
  28.6200 104.6100  2
  28.8000 104.6400  2
  29.5700 105.6700  3
  29.5200 105.8500  2
  29.6800 105.8200  2
  31.5300 108.6300  3
  31.3600 108.7900  2
  31.5200 108.9100  2
  31.7400 111.2600  3
  31.5900 111.2800  2
  31.7100 111.4700  2
  18.5200 144.7600  3
  99.0000   0.0000  3
 63X   7 631  20 215.00   0.00 TH 000   5
  29.3100 100.9300  3
  28.7500 101.2300  2
  28.3500 101.4200  2
  28.9800 102.1400  2
  29.6600 102.1700  3
  30.6600 102.8400  2
  31.3800 103.7900  2
  31.9600 104.5700  2
  32.5300 105.4300  2
  32.7800 106.0100  2
  32.5800 105.4200  3
  32.8000 105.4700  2
  32.6600 105.6600  2
  30.5000 102.7100  3
  30.8200 102.7200  2
  30.7400 102.9600  2
  28.5200 101.5400  3
  28.7800 101.6500  2
  28.6900 101.7800  2
  14.8600 127.0700  3
  99.0000   0.0000  3
 63X   8 631  18 245.00   0.00 TH 000   6
  32.9900 108.1300  3
  32.4000 108.1500  2
  32.0000 108.5900  2
  31.7700 109.3900  2
  31.9500 110.3000  2
  32.0900 111.6100  2
  31.7800 112.4200  2
  31.3400 113.2300  2
  30.7600 114.3300  2
  30.2200 115.3900  2
  29.9700 115.8900  2
  31.0300 113.9400  3
  31.0800 114.1300  2
  30.9000 114.1300  2
  32.0100 108.5600  3
  32.1300 108.8400  2
  31.9100 108.8800  2
  31.9000 108.8800  3
  99.0000   0.0000  3
 63X   9 631  31 215.00   0.00 TH 000   7
  34.8100  93.4000  3
  35.0100  93.0400  2
  35.3800  92.2000  2
  35.6300  91.2500  2
  35.8500  90.4800  2
  35.8000  91.3500  2
  35.6800  92.1100  2
  35.6100  92.6700  2
  35.5400  93.2600  2
  35.4600  93.8900  2
  35.3000  94.5100  2
  35.2100  94.9200  2
  35.6600  93.9300  3
  35.5100  94.5400  2
  35.3200  95.2700  2
  35.0300  95.9900  2
  34.6000  96.8100  2
  34.4100  97.6500  2
  34.3100  98.6300  2
  34.0300  99.4000  2
  33.5500 100.2000  2
  32.8700 101.1300  2
  32.5900 101.9200  2
  32.5000 102.3100  2
  32.4500 102.5500  2
  32.4400 102.6800  2
  32.7700 103.2400  2
  33.1100 103.4800  2
  33.4700 103.4500  2
  33.8700 103.1600  2
  33.9900 103.1200  3
  99.0000   0.0000  3
 9XX   0 631 110 600.00   0.00 CS 000   7
  20.4700 106.5500  3
  20.8500 106.8800  2
  21.4000 107.9100  2
  21.6800 108.6100  2
  21.5900 109.6800  2
  20.4200 109.9200  2
  20.2600 110.1600  2
  20.4000 110.4500  2
  20.9800 110.2300  2
  21.3400 110.4400  2
  21.4800 111.2000  2
  21.7900 112.5500  2
  22.0000 112.9500  2
  22.6300 113.1300  2
  22.2300 113.4200  2
  22.4100 114.1200  2
  22.7500 115.4000  2
  23.0200 116.4900  2
  23.6100 117.1300  2
  24.1000 117.9200  2
  24.5200 117.9900  2
  24.6500 118.6400  2
  25.5700 119.4500  2
  26.3200 119.6600  2
  26.7200 119.5900  2
  26.7700 119.8700  2
  26.6200 120.0200  2
  27.8800 120.8600  2
  28.2800 121.3000  2
  28.1800 121.4900  2
  28.9900 121.5900  2
  29.2100 121.5300  2
  29.3200 121.9700  2
  29.5800 121.9500  2
  29.5400 121.5500  2
  29.8900 122.0100  2
  30.1900 120.3000  2
  20.1600 110.6200  3
  19.8500 111.0400  2
  18.9600 110.6200  2
  18.2900 109.7200  2
  18.5800 108.9000  2
  19.2800 108.6800  2
  20.0400 109.5400  2
  20.0600 110.0700  2
  20.1400 110.2500  2
  20.2300 110.6200  2
  22.0800 120.7600  3
  23.2400 120.1900  2
  24.4200 120.5800  2
  25.2400 121.2800  2
  25.2600 121.8800  2
  24.3700 121.5700  2
  23.0500 121.0200  2
  22.0300 120.8200  2
  29.9800 104.0500  3
  29.9700 105.0800  2
  29.9800 106.0300  2
  30.9700 104.9900  3
  30.0400 105.0100  2
  29.0000 105.0600  2
  29.9900 109.0200  3
  30.0100 110.0100  2
  30.0100 111.0200  2
  30.9800 110.0400  3
  30.0200 110.0100  2
  28.9900 110.0100  2
  30.0400 114.0500  3
  30.0100 115.0500  2
  30.0300 116.0800  2
  31.0300 115.0600  3
  30.0000 115.0500  2
  29.0300 115.0300  2
  30.0000 119.0500  3
  30.0200 120.0600  2
  30.0300 121.0500  2
  31.0200 120.0500  3
  29.9700 120.0500  2
  29.0200 120.0500  2
  25.0200 119.0400  3
  25.0100 119.9900  2
  25.0000 121.0500  2
  26.0300 120.0900  3
  25.0200 120.0500  2
  24.0200 120.0100  2
  25.0200 114.0300  3
  25.0300 115.0600  2
  25.0400 115.9800  2
  26.0000 115.0600  3
  25.0400 115.0400  2
  24.0500 114.9900  2
  25.0300 109.0800  3
  25.0200 110.0300  2
  25.0000 111.0500  2
  26.0100 110.0800  3
  24.9700 110.0400  2
  23.9700 110.0500  2
  25.0100 104.0500  3
  25.0200 105.0700  2
  24.9900 106.0100  2
  25.9800 105.0400  3
  25.0000 105.0600  2
  24.0500 105.0600  2
  19.9900 109.0300  3
  20.0300 110.0200  2
  20.0500 110.9800  2
  20.9900 110.0200  3
  20.0200 110.0100  2
  19.0200 110.0500  2
  13.6100 126.9300  3
  99.0000   0.0000  3
 43X   5 631  12 160.00   0.00 SS 000   4
  31.0900 116.9900  3
  32.0300 117.4800  2
  32.8500 117.9400  2
  33.8000 118.2200  2
  34.8600 118.6100  2
  35.5500 118.8100  2
  36.2700 119.3300  2
  36.8900 119.6800  2
  38.0100 120.2700  2
  38.7200 120.8300  2
  39.4800 121.3000  2
  39.4600 121.2900  3
  99.0000   0.0000  3
 43X   5 631   9 250.00   0.00 MA 000   6
  32.3900 113.2900  3
  32.1800 113.6400  2
  31.9500 114.1600  2
  31.7300 114.6100  2
  31.5900 115.2400  2
  31.4800 116.0000  2
  31.3000 116.7100  2
  31.1300 117.0400  2
  31.1300 117.0400  3
  99.0000   0.0000  3
