 94X 118 908  49  69.00   0.00 TA 000   5
 -11.8300  57.0400  3
 -11.8900  57.1100  2
 -12.0300  57.2200  2
 -12.0800  57.2800  2
 -12.2000  57.3600  2
 -12.2700  57.4500  2
 -12.3700  57.5300  2
 -12.4400  57.6000  2
 -12.5900  57.8100  2
 -12.6500  57.8300  2
 -12.8200  57.9800  2
 -12.9300  58.0800  2
 -13.0400  58.1600  2
 -13.0600  58.1900  2
 -12.1600  57.5900  3
 -12.1500  57.6600  2
 -12.2000  57.6900  2
 -12.2200  57.6500  2
 -12.2700  57.6900  2
 -12.2900  57.6500  2
 -12.2600  57.5900  2
 -12.1600  57.7800  3
 -12.2700  57.7900  2
 -11.9000  57.1000  3
 -11.8600  57.1400  2
 -12.8500  57.9100  3
 -12.7500  57.9500  2
 -15.0300  57.0900  3
 -15.1100  57.1700  2
 -15.2500  57.2900  2
 -15.3600  57.3700  2
 -15.4800  57.5000  2
 -15.5900  57.6100  2
 -15.6900  57.7100  2
 -15.7500  57.7800  2
 -15.6600  57.6400  3
 -15.6300  57.6800  2
 -15.5200  57.5100  3
 -15.4500  57.5500  2
 -15.1800  57.1600  3
 -15.1300  57.2000  2
 -14.8300  57.1500  3
 -14.8100  57.1900  2
 -14.8300  57.2400  2
 -14.8800  57.1900  2
 -14.9100  57.2300  2
 -14.9500  57.2100  2
 -14.9100  57.1200  2
 -10.2400  60.2600  3
  99.0000   0.0000  3
 94X 124 908  93  84.00   0.00 TA 000   2
 -18.8500  55.4200  3
 -18.6200  55.5900  2
 -18.3500  55.8300  2
 -18.1100  56.0300  2
 -17.9700  56.1300  3
 -17.8100  56.2900  2
 -17.7000  56.3600  3
 -17.4700  56.5400  2
 -17.3500  56.6300  3
 -17.2000  56.7400  2
 -17.0500  56.8600  3
 -16.8900  57.0200  2
 -16.8000  57.1200  3
 -16.6100  57.2800  2
 -16.4700  57.3900  3
 -16.3500  57.5000  2
 -16.1900  57.6300  3
 -16.0100  57.7400  2
 -15.8900  57.8700  3
 -15.7200  58.0500  2
 -15.6400  58.1500  3
 -15.5000  58.2900  2
 -15.3800  58.4200  3
 -15.2300  58.5700  2
 -15.0800  58.7100  3
 -14.9600  58.8400  2
 -14.8500  58.9600  3
 -14.6900  59.1300  2
 -14.5700  59.2900  3
 -14.3800  59.4400  2
 -17.8300  54.1000  3
 -17.5300  54.3000  2
 -17.3800  54.4300  3
 -17.2600  54.5200  2
 -17.2000  54.6100  3
 -16.9700  54.7500  2
 -16.8600  54.8500  3
 -16.6600  55.0000  2
 -16.5400  55.1000  3
 -16.3600  55.2600  2
 -16.2400  55.4000  3
 -16.0500  55.5600  2
 -15.9600  55.6200  3
 -15.7800  55.7700  2
 -15.6300  55.8600  3
 -15.4800  55.9900  2
 -15.3900  56.1000  3
 -15.2500  56.2000  2
 -15.1000  56.2900  3
 -14.9400  56.4400  2
 -14.8300  56.5700  3
 -14.6800  56.6700  2
 -14.5600  56.8000  3
 -14.4100  56.9400  2
 -14.2300  57.0900  3
 -14.1400  57.1800  2
 -13.9700  57.3100  3
 -13.8500  57.4400  2
 -13.7000  57.5700  3
 -13.5200  57.7100  2
 -13.3900  57.9100  3
 -13.2500  58.0600  2
 -13.1500  58.1900  3
 -12.9900  58.3500  2
 -12.8700  58.4900  3
 -12.7400  58.5800  2
 -12.6100  58.7100  3
 -12.5400  58.7700  2
 -12.4400  58.8800  3
 -12.3900  58.9300  2
 -14.3400  54.8800  3
 -14.0900  55.0700  2
 -13.9400  55.1700  3
 -13.7900  55.2900  2
 -13.5900  55.4900  3
 -13.4500  55.5900  2
 -13.2800  55.7400  3
 -13.1300  55.8700  2
 -12.9700  55.9700  3
 -12.8200  56.1100  2
 -12.6500  56.2600  3
 -12.4500  56.3900  2
 -12.2500  56.5500  3
 -12.1300  56.6500  2
 -11.9900  56.7800  3
 -11.8400  56.9400  2
 -11.7500  57.0700  3
 -11.6200  57.2300  2
 -11.4900  57.3600  3
 -11.3600  57.4800  2
 -11.2100  57.6200  3
 -11.0700  57.7700  2
 -11.0700  57.7800  3
  99.0000   0.0000  3
 99X 143 908  22 100.00   0.00 TA 000   5
   2.8300  51.3900  3
   3.6700  51.8200  2
   4.0900  52.1900  2
   4.3700  52.4800  2
   4.6000  52.7600  2
   5.2100  53.2300  2
   5.7700  53.6600  2
   6.2800  53.9900  2
   6.8900  54.3700  2
   7.6300  54.7900  2
   8.3800  55.3100  2
   9.0200  55.6900  2
   9.6300  56.1100  2
  10.2300  56.4500  2
  10.6900  56.7800  2
  11.1900  57.0600  2
  11.6500  57.4400  2
  12.1100  57.7200  2
  12.4800  57.9600  2
  12.8000  58.1900  2
  13.0700  58.3800  2
  34.3300 104.7100  3
  99.0000   0.0000  3
 94X 115 908 140 560.00   0.00 BA 200   7
  -6.6500  56.1400  3
  -6.5500  56.1000  2
  -6.4800  56.1000  2
  -6.4200  56.1500  2
  -6.3500  56.2500  2
  -6.2500  56.2400  2
  -6.2100  56.2700  2
  -6.1300  56.2600  2
  -6.0700  56.2900  2
  -6.0300  56.3000  2
  -5.9900  56.2800  2
  -5.9600  56.3000  2
  -5.8700  56.3000  2
  -5.8100  56.3300  2
  -5.7300  56.3200  2
  -5.6300  56.2900  2
  -5.4700  56.1700  2
  -5.4000  56.0800  2
  -5.4000  55.9300  2
  -5.3600  55.9000  2
  -5.3500  55.7900  2
  -5.3400  55.6500  2
  -5.3000  55.6500  2
  -5.3100  55.5600  2
  -5.3000  55.5000  2
  -5.2800  55.4400  2
  -5.2200  55.4300  2
  -5.1800  55.3000  2
  -5.1400  55.2000  2
  -5.1200  55.1200  2
  -5.1000  55.0400  2
  -5.0900  54.9700  2
  -5.0400  54.8500  2
  -4.9800  54.7500  2
  -4.9500  54.6800  2
  -4.9300  54.5400  2
  -4.8500  54.4500  2
  -4.8500  54.3800  2
  -4.8300  54.3200  2
  -4.8000  54.2400  2
  -4.7900  54.1400  2
  -4.8000  54.0600  2
  -4.7900  54.0100  2
  -4.7000  54.0400  2
  -4.6600  54.0700  2
  -4.6100  54.1200  2
  -4.5600  54.1700  2
  -4.5100  54.2000  2
  -4.4400  54.2600  2
  -4.3800  54.2900  2
  -4.3000  54.3500  2
  -4.2300  54.4100  2
  -4.1000  54.5600  2
  -4.0500  54.6400  2
  -4.0000  54.7100  2
  -3.9400  54.8000  2
  -3.9100  54.8700  2
  -3.8600  54.9600  2
  -3.8300  55.0700  2
  -3.8100  55.1600  2
  -3.7800  55.2600  2
  -3.7600  55.3300  2
  -3.7900  55.3600  2
  -3.7900  55.4100  2
  -3.7700  55.5200  2
  -3.7800  55.5700  2
  -3.8100  55.6500  2
  -3.7800  55.7500  2
  -3.7900  55.8000  2
  -3.8300  55.8300  2
  -3.8600  55.9500  2
  -3.8500  56.0600  2
  -3.8700  56.0700  2
  -3.9200  56.0900  2
  -3.9800  56.1200  2
  -4.1000  56.2000  2
  -4.1300  56.2000  2
  -4.2600  56.2200  2
  -4.3200  56.2500  2
  -4.3100  56.3100  2
  -4.3400  56.3200  2
  -4.4100  56.3300  2
  -4.4700  56.3400  2
  -4.4900  56.3400  2
  -4.5100  56.3400  2
  -4.5400  56.3500  2
  -4.6100  56.4000  2
  -4.6400  56.4400  2
  -4.6400  56.4900  2
  -4.6500  56.5500  2
  -4.6800  56.6100  2
  -4.6800  56.6300  2
  -4.6800  56.6600  2
  -4.7000  56.6400  2
  -4.7300  56.6300  2
  -4.7900  56.6500  2
  -4.8500  56.6600  2
  -4.8800  56.6800  2
  -4.9200  56.7300  2
  -4.9700  56.7800  2
  -4.9800  56.8100  2
  -4.9800  56.8300  2
  -5.0000  56.8800  2
  -5.0400  56.9000  2
  -5.0800  56.9100  2
  -5.1200  56.9100  2
  -5.1600  56.9300  2
  -5.2000  57.0000  2
  -5.2400  57.0700  2
  -5.2500  57.1200  2
  -5.2900  57.1500  2
  -5.3300  57.1500  2
  -5.3600  57.1700  2
  -5.4100  57.1700  2
  -5.4400  57.1800  2
  -5.4500  57.1900  2
  -5.4500  57.1800  2
  -5.4700  57.1700  2
  -5.5000  57.1500  2
  -5.5900  57.0900  2
  -5.6300  57.0500  2
  -5.6600  56.9900  2
  -5.7200  56.8800  2
  -5.7700  56.7300  2
  -5.8300  56.5800  2
  -5.9900  56.4700  2
  -6.1800  56.4700  2
  -6.2200  56.4600  2
  -6.2800  56.4600  2
  -6.3300  56.4400  2
  -6.3600  56.4300  2
  -6.4000  56.4000  2
  -6.4600  56.3700  2
  -6.5400  56.2900  2
  -6.5700  56.2700  2
  -6.6000  56.2400  2
  -6.6100  56.2300  2
  -6.6300  56.2200  2
  -6.6300  56.2200  2
  -2.8400  62.3900  3
  99.0000   0.0000  3
 94X 119 908  31  72.46   0.00 AN    32 6
 -14.0600  57.9200  3
 -14.1100  57.9900  2
 -14.1600  58.0400  2
 -14.2500  58.1000  2
 -14.3900  58.2100  2
 -14.5100  58.3100  2
 -14.6400  58.4200  2
 -14.7300  58.4800  2
 -14.8200  58.5800  2
 -14.8700  58.6300  2
 -14.9400  58.7000  2
 -14.8600  58.5000  3
 -14.8100  58.6200  2
 -14.9400  58.5600  3
 -14.7600  58.5800  2
 -14.5700  58.2700  3
 -14.5100  58.3900  2
 -14.2000  57.9700  3
 -14.1200  58.0200  2
 -14.1000  58.1600  3
 -14.0600  58.2600  2
 -14.1100  58.2700  2
 -14.1200  58.2200  2
 -14.1800  58.2600  2
 -14.1400  58.1700  2
 -14.1100  58.3400  3
 -14.0900  58.4000  2
 -14.1500  58.4000  2
 -14.1800  58.3300  2
 -14.1800  58.4100  2
 -14.1800  58.4100  3
  99.0000   0.0000  3
 94X 120 908  55  67.58   0.00 AN    30 4
 -15.5700  56.3000  3
 -15.6800  56.5100  2
 -15.9200  56.7800  2
 -16.1800  57.0600  2
 -16.3200  57.1800  2
 -16.4300  57.3100  2
 -16.2900  57.1000  3
 -16.2700  57.1400  2
 -15.7800  56.5200  3
 -15.6300  56.4500  2
 -15.5700  56.3400  3
 -15.5400  56.4100  2
 -15.5600  56.7300  3
 -15.5500  56.7500  2
 -15.5800  56.8000  2
 -15.5900  56.7500  2
 -15.6600  56.7800  2
 -15.6600  56.7200  2
 -15.5600  56.9700  3
 -15.5800  56.8800  2
 -15.6500  56.9100  2
 -15.6600  56.9800  2
 -15.5900  56.9700  2
 -15.5200  56.9100  2
 -12.4100  56.5300  3
 -12.4900  56.6000  2
 -12.6000  56.7000  2
 -12.7500  56.8600  2
 -12.8700  56.9800  2
 -12.9900  57.1200  2
 -13.1100  57.2500  2
 -13.2100  57.3500  2
 -13.3200  57.4600  2
 -13.4600  57.5900  2
 -13.5200  57.6700  2
 -13.5600  57.7000  2
 -13.4100  57.3900  3
 -13.3400  57.4900  2
 -12.4800  56.5300  3
 -12.4200  56.5900  2
 -12.7600  57.1000  3
 -12.7200  57.1600  2
 -12.7400  57.2300  2
 -12.7900  57.2000  2
 -12.7900  57.1700  2
 -12.8300  57.2300  2
 -12.8600  57.1800  2
 -12.8600  57.1300  2
 -12.7500  57.3100  3
 -12.7700  57.2700  2
 -12.8400  57.2800  2
 -12.8500  57.3400  2
 -12.7800  57.3500  2
 -12.7100  57.3300  2
 -12.7200  57.3100  3
  99.0000   0.0000  3
 94X 121 908  49  65.83   0.00 AN    29 3
 -13.9700  56.0200  3
 -14.0800  56.1200  2
 -14.0800  56.1700  3
 -14.1400  56.2100  2
 -14.1900  56.2800  3
 -14.2200  56.3300  2
 -14.3200  56.3900  3
 -14.3500  56.4600  2
 -14.3900  56.5500  3
 -14.4600  56.5700  2
 -14.5100  56.6300  3
 -14.5700  56.6700  2
 -13.8000  56.1700  3
 -13.7800  56.2100  2
 -13.8400  56.1800  2
 -13.8700  56.2400  2
 -13.9200  56.3000  3
 -13.8900  56.3700  2
 -13.7600  56.4000  2
 -13.7500  56.3400  2
 -13.8200  56.3300  2
 -13.8500  56.3800  2
 -13.8200  56.3800  2
 -16.4800  55.2700  3
 -16.5800  55.4300  2
 -16.6900  55.5800  2
 -16.8300  55.7100  2
 -16.9400  55.8500  2
 -17.0400  55.9900  2
 -17.1200  56.1200  2
 -17.2100  56.2300  2
 -17.2800  56.3400  2
 -17.4000  56.4700  2
 -17.4700  56.5400  2
 -17.3000  56.2100  3
 -17.1900  56.3000  2
 -16.3900  55.4600  3
 -16.3800  55.5200  2
 -16.4300  55.5400  2
 -16.5300  55.4400  2
 -16.5200  55.5400  2
 -16.5200  55.6700  3
 -16.5300  55.7400  2
 -16.4100  55.7400  2
 -16.3700  55.6700  2
 -16.4400  55.6600  2
 -16.4800  55.6900  2
 -16.4400  55.7300  2
  -9.7800  61.2600  3
  99.0000   0.0000  3
 94X 122 908  29  64.71   0.00 AN    28 2
 -17.2400  54.7300  3
 -17.3500  54.8500  2
 -17.5000  55.0300  2
 -17.6500  55.2300  2
 -17.8100  55.3800  2
 -17.8600  55.5100  2
 -17.9600  55.6200  2
 -18.0300  55.7300  2
 -18.1100  55.8000  2
 -18.1800  55.8700  2
 -18.1900  55.9000  2
 -17.9800  55.5500  3
 -17.9400  55.6200  2
 -17.1200  54.8500  3
 -17.1100  54.9100  2
 -17.1900  54.8800  2
 -17.2000  54.8200  2
 -17.2300  54.9000  2
 -17.0900  55.0300  3
 -17.1100  54.9900  2
 -17.1500  55.0100  2
 -17.1600  55.0600  2
 -17.2300  55.0600  2
 -17.2300  55.0000  2
 -17.1900  55.0000  2
 -17.1600  55.0500  2
 -17.1200  55.0600  2
 -17.0900  55.0300  2
 -11.4600  58.4900  3
  99.0000   0.0000  3
 94X 123 908  27  63.00   0.00 RI 000   1
 -14.8000  55.2100  3
 -14.9100  55.4100  2
 -14.9500  55.4800  2
 -15.0600  55.6500  2
 -15.1600  55.7800  2
 -15.2200  55.8500  2
 -15.3000  55.9300  2
 -15.3700  56.0000  2
 -15.4000  56.0400  2
 -17.8000  54.2100  3
 -17.8700  54.3000  2
 -17.9400  54.3900  2
 -18.0200  54.4800  2
 -18.1200  54.5800  2
 -18.2300  54.7200  2
 -18.3300  54.8200  2
 -18.4100  54.9300  2
 -18.4800  55.0400  2
 -18.5700  55.1200  2
 -18.6400  55.2400  2
 -18.7500  55.3500  2
 -18.8100  55.4200  2
 -15.2400  55.6800  3
 -15.1200  55.7200  2
 -18.6000  55.0100  3
 -18.5300  55.0700  2
 -18.5300  55.0800  3
  99.0000   0.0000  3
 94X 125 908  32  64.71   0.00 AN    28 2
   0.2200  52.5500  3
   0.1800  52.6500  2
   0.1300  52.8200  3
   0.0500  52.9600  2
   0.1000  52.9500  3
   0.0100  52.8900  2
  -0.3000  53.3100  3
  -0.3900  53.4100  2
  -0.3900  53.3400  3
  -0.3100  53.3800  2
   0.0000  53.0000  3
   0.0300  53.0100  2
   0.0400  53.0700  2
  -0.0900  53.0600  2
  -0.0600  53.1300  2
   0.1000  53.1700  3
   0.0500  53.1600  2
   0.0500  53.2000  2
   0.0300  53.2600  2
  -0.0200  53.2400  2
  -0.0100  53.1800  2
   0.0300  53.2000  2
   0.1000  53.2200  2
   0.1000  53.1600  2
   0.1200  53.2400  3
   0.1500  53.2600  2
   0.1600  53.3200  2
   0.1000  53.2900  2
   0.0600  53.3100  2
   0.0200  53.3500  3
   0.0100  53.3700  2
   4.8900  57.0000  3
  99.0000   0.0000  3
 94X 126 908  88  63.28   0.00 AN    27 1
   1.2500  52.7500  3
   1.2200  52.8000  2
   1.2000  52.8600  3
   1.1400  52.9600  3
   1.1200  53.0000  2
   1.1000  53.0800  3
   1.0600  53.1300  2
   1.0300  53.1700  3
   0.9900  53.2500  2
   0.9600  53.2800  3
   0.8900  53.4000  2
   0.8500  53.4800  3
   0.8000  53.5500  2
   0.7600  53.6500  3
   0.7300  53.7100  2
   0.6600  53.8000  3
   0.6100  53.8900  2
   0.5700  53.9400  3
   0.5300  54.0000  2
   0.4900  54.0900  3
   0.4400  54.1400  2
   0.4100  54.2400  3
   0.3900  54.2400  2
   0.3700  54.3000  2
   0.5100  53.9000  3
   0.6100  53.9800  2
   0.8200  53.3600  3
   0.9000  53.4300  2
   1.4200  52.8800  3
   1.4600  52.9000  2
   1.4700  52.9800  2
   1.4200  52.9500  2
   1.3000  52.8700  2
   1.3100  52.9900  2
   1.4400  53.0900  3
   1.4500  53.2200  2
   1.3100  53.1600  2
   0.2000  54.2900  3
   0.1500  54.3600  2
   0.0900  54.4800  2
   0.0500  54.6000  2
  -0.0300  54.6900  2
  -0.1000  54.7900  2
  -0.1700  54.9200  2
  -0.2700  55.0800  2
  -0.3500  55.2100  2
  -0.4200  55.3600  2
  -0.4300  55.4300  2
   0.3700  54.4800  3
   0.4000  54.5200  2
   0.3500  54.5700  2
   0.2300  54.4800  2
   0.2300  54.5800  2
   0.0700  54.4400  3
   0.1100  54.5500  2
  -0.9600  56.5500  3
  -1.0100  56.6600  2
  -1.0600  56.7700  2
  -1.1400  56.8900  2
  -0.8000  56.2900  3
  -0.7900  56.3700  2
  -0.8600  56.4400  2
  -0.9500  56.3600  2
  -0.9400  56.4500  2
  -0.8400  56.5400  3
  -0.8200  56.6100  2
  -0.9500  56.5600  2
  -0.9100  57.5400  3
  -0.9600  57.6200  2
  -1.0300  57.7400  2
  -1.0900  57.8600  2
  -1.1700  58.0300  2
  -1.2300  58.1700  2
  -1.2900  58.2900  2
  -1.3700  58.4300  2
  -1.4200  58.5800  2
  -1.4600  58.6400  2
  -1.2900  58.4100  3
  -1.4200  58.3400  2
  -0.7700  57.6700  3
  -0.7700  57.7500  2
  -0.8300  57.7800  2
  -0.9800  57.7000  2
  -0.9700  57.8000  2
  -0.7900  57.8700  3
  -0.8000  58.0100  2
  -0.9700  57.9500  2
  -0.9700  57.9600  3
  99.0000   0.0000  3
 94X 127 908  82  60.48   0.00 AN    26 6
   1.7500  53.0500  3
   1.6800  53.1600  2
   1.5800  53.3200  2
   1.4000  53.6800  2
   1.3200  53.8100  2
   1.2400  53.9500  2
   1.1700  54.0900  2
   1.1000  54.2000  2
   1.0300  54.3200  2
   0.9400  54.4800  2
   0.9000  54.5800  2
   0.8700  54.6200  2
   1.0100  54.2400  3
   1.0800  54.2900  2
   1.3600  53.6200  3
   1.4400  53.6600  2
   1.6200  53.1300  3
   1.6600  53.2000  2
   1.9800  53.1800  3
   2.0200  53.2600  2
   1.9800  53.3000  2
   1.8300  53.1900  2
   1.8000  53.2900  2
   1.9800  53.5400  3
   1.9900  53.4600  2
   1.8600  53.4300  2
   1.8100  53.5200  2
   1.8900  53.5500  2
   1.9200  53.4800  2
   1.8700  53.4300  2
   0.8400  54.6800  3
   0.7600  54.7900  2
   0.6600  54.9500  2
   0.5400  55.1600  2
   0.4500  55.3400  2
   0.3800  55.5000  2
   0.3200  55.6000  2
   0.2700  55.6900  2
   0.2500  55.7700  2
   0.4800  55.1800  3
   0.5400  55.3300  2
   0.2500  55.9200  3
   0.1600  56.0600  2
   0.0800  56.2400  2
  -0.0200  56.3800  2
  -0.1200  56.5600  2
  -0.2100  56.7300  2
  -0.2600  56.8700  2
  -0.3300  57.0000  2
  -0.4400  57.1600  2
  -0.5100  57.3100  2
  -0.5900  57.4300  2
  -0.6800  57.5600  2
  -0.6900  57.6100  2
  -0.4200  56.9400  3
  -0.3300  56.9900  2
  -0.1500  56.6700  3
  -0.2800  56.7300  2
  -0.3700  58.0000  3
  -0.4100  58.0600  2
  -0.4800  58.1900  2
  -0.5600  58.3200  2
  -0.6300  58.4800  2
  -0.6900  58.6000  2
  -0.7600  58.7200  2
  -0.7900  58.7900  2
  -0.7700  58.6200  3
  -0.6600  58.6500  2
  -0.1000  58.0500  3
  -0.0600  58.1400  2
  -0.0900  58.2200  2
  -0.2600  58.0900  2
  -0.2400  58.2300  2
  -0.0900  58.4300  3
  -0.0500  58.3700  2
  -0.1300  58.3200  2
  -0.2200  58.3400  2
  -0.2300  58.4000  2
  -0.1800  58.4500  2
  -0.1200  58.4200  2
  -0.1500  58.3300  2
  -0.1500  58.3300  3
  99.0000   0.0000  3
 94X 128 908  88  58.94   0.00 AN    25 5
   2.3500  53.4500  3
   2.2300  53.6800  2
   2.1000  53.8900  2
   2.0200  54.0400  2
   1.9700  54.1100  2
   1.8800  54.2400  2
   1.7800  54.4500  2
   1.6700  54.6000  2
   1.6000  54.7500  2
   1.5200  54.9200  2
   1.4800  54.9900  2
   1.5900  54.6700  3
   1.6600  54.7400  2
   1.7800  54.3100  3
   1.7800  54.5000  2
   1.9800  53.9600  3
   2.0800  54.0400  2
   2.6000  53.6000  3
   2.6400  53.6500  2
   2.6200  53.7400  2
   2.5400  53.7100  2
   2.4300  53.6000  2
   2.4200  53.7100  2
   2.6300  53.9600  3
   2.6300  53.8600  2
   2.5300  53.8400  2
   2.5500  53.9300  2
   2.5000  53.9700  2
   2.4400  53.9200  2
   2.4700  53.8500  2
   1.5200  55.0800  3
   1.4500  55.2100  2
   1.3400  55.4200  2
   1.2000  55.6200  2
   1.1100  55.8300  2
   1.0400  55.9500  2
   0.9700  56.0700  2
   0.9100  56.2000  2
   1.7000  55.2500  3
   1.7300  55.3100  2
   1.6900  55.3700  2
   1.5800  55.2600  2
   1.5800  55.3800  2
   1.7400  55.5900  3
   1.7100  55.5000  2
   1.6500  55.5000  2
   1.6600  55.5600  2
   1.6000  55.5900  2
   1.5400  55.5500  2
   1.5600  55.5100  2
   0.9700  56.3200  3
   0.8400  56.5200  2
   0.7300  56.7200  2
   0.6400  56.9100  2
   0.5400  57.0800  2
   0.4600  57.2200  2
   0.3800  57.3600  2
   0.3100  57.4600  2
   0.2400  57.5800  2
   1.1400  56.4800  3
   1.1800  56.5400  2
   1.1500  56.6100  2
   1.0300  56.5100  2
   0.9900  56.4700  2
   0.9700  56.6000  2
   1.1700  56.8400  3
   1.1900  56.7300  2
   1.0900  56.7300  2
   1.1100  56.8100  2
   1.0300  56.8400  2
   0.9800  56.7700  2
   1.0300  56.7300  2
   0.7100  56.8600  3
   0.6000  56.8700  2
   0.3800  57.2200  3
   0.4800  57.2700  2
   0.1100  58.6500  3
   0.0300  58.8000  2
  -0.0900  58.9600  2
  -0.1600  59.0800  2
  -0.0800  58.8700  3
   0.0000  58.9000  2
   0.4900  58.4500  3
   0.5600  58.5000  2
   0.5200  58.5400  2
   0.3800  58.4300  2
   0.3700  58.5500  2
   0.3800  58.5600  3
  99.0000   0.0000  3
 94X 129 908  43  55.64   0.00 AN    24 4
   3.4300  54.7400  3
   3.3800  54.8600  2
   3.2500  55.0900  2
   3.0700  55.3700  2
   3.0300  55.4200  2
   2.9800  55.5000  2
   2.9100  55.6500  2
   2.8800  55.7100  2
   2.8700  55.7400  2
   2.9100  55.5400  3
   2.9600  55.5900  2
   3.2600  54.9200  3
   3.3600  55.0400  2
   2.3900  56.6700  3
   2.3400  56.7300  2
   2.2900  56.8100  2
   2.2600  56.9000  2
   2.2400  56.9500  2
   3.0400  56.0200  3
   3.0800  56.1100  2
   3.0400  56.1300  2
   2.9200  56.0100  2
   2.9100  56.0900  2
   2.8900  56.3800  3
   3.0900  56.3800  2
   2.9600  56.2600  2
   2.9400  56.4000  2
   2.1400  57.4200  3
   2.0800  57.5200  2
   2.0300  57.6400  2
   1.9700  57.7600  2
   1.9200  57.8700  2
   1.8400  57.9800  2
   1.7300  58.1800  2
   1.6300  58.3500  2
   1.5900  58.4000  2
   1.8300  57.8700  3
   1.9200  57.9000  2
   1.8400  57.8700  3
   1.9700  57.8000  2
   2.0100  57.5300  3
   2.0800  57.6000  2
   9.9500  66.1600  3
  99.0000   0.0000  3
 94X 130 908  25  54.29   0.00 AN    23 3
   4.3500  55.2300  3
   4.2500  55.4000  2
   4.1900  55.4500  2
   3.9500  55.8400  2
   3.9000  55.9300  2
   3.8300  56.1000  2
   3.8000  56.2100  2
   3.7600  56.2800  2
   3.7400  56.1600  3
   3.8200  56.2200  2
   4.1900  55.3900  3
   4.2800  55.4000  2
   4.7800  54.8800  3
   4.8200  54.9200  2
   4.8000  54.9800  2
   4.6500  54.8600  2
   4.6100  54.9900  2
   4.7900  55.1200  3
   4.8300  55.1900  2
   4.7900  55.2300  2
   4.7500  55.1900  2
   4.6800  55.2400  2
   4.6400  55.1900  2
   4.6600  55.1200  2
  11.2500  61.5500  3
  99.0000   0.0000  3
 94X 131 908   9  25.74   0.00 AN     7 6
   5.7900  57.4100  3
   5.7300  57.5000  2
   5.6800  57.6000  2
   5.6600  57.4500  3
   5.7900  57.5200  2
   5.7800  57.8900  3
   5.7900  58.0200  2
   5.6000  57.9500  2
   6.2900  58.8200  3
  99.0000   0.0000  3
 94X 132 908  17  19.90   0.00 AN     6 2
   6.2900  57.8100  3
   6.2100  57.9400  2
   6.1600  58.0200  3
   6.0600  58.1500  2
   6.1100  57.9900  3
   6.1300  58.0800  2
   6.2000  57.8400  3
   6.2600  57.8800  2
   6.1700  58.4700  3
   6.1900  58.3900  2
   6.1000  58.3600  2
   6.0300  58.4100  2
   6.0300  58.4900  2
   6.1200  58.4900  2
   6.1100  58.4100  2
   6.1000  58.3900  2
   6.1000  58.3900  3
  99.0000   0.0000  3
 94X 133 908  18   9.67   0.00 AN     5 2
   7.5300  58.0000  3
   7.5000  58.0600  2
   7.4500  58.1400  2
   7.2100  58.5900  2
   7.1600  58.6500  2
   7.1600  58.5700  3
   7.2300  58.6000  2
   7.4700  58.0100  3
   7.5000  58.0800  2
   7.5200  58.1700  2
   7.3300  58.9700  3
   7.3300  58.8700  2
   7.2400  58.8800  2
   7.2600  58.9300  2
   7.2200  58.9900  2
   7.1600  58.9600  2
   7.1600  58.8800  2
   7.1600  58.8800  3
  99.0000   0.0000  3
 94X  35 908  52  63.28   0.00 AN    27 1
  -1.6000  58.4100  3
  -1.5800  58.3000  2
  -1.4600  58.1200  2
  -1.3800  57.9900  2
  -1.3200  57.9100  2
  -1.2500  57.7900  2
  -1.1900  57.6700  2
  -1.1500  57.6100  2
  -1.1100  57.5300  2
  -1.0700  57.4700  2
  -1.0400  57.4100  2
  -1.0300  57.4200  3
  -1.6300  57.0300  3
  -1.5800  56.9700  2
  -1.5400  56.8600  2
  -1.4700  56.7800  2
  -1.3200  56.5400  2
  -1.2500  56.3700  2
  -1.1900  56.3000  2
  -1.0700  56.0200  2
  -0.9900  55.9100  2
  -0.8500  55.7400  2
  -0.8100  55.6300  2
  -0.7500  55.5300  2
  -0.6800  55.4100  2
  -0.6400  55.3300  2
  -0.6400  55.3400  3
  -0.5400  55.2700  3
  -0.3700  55.0400  2
  -0.2900  54.8700  2
  -0.2500  54.7900  2
  -0.1600  54.6700  2
  -0.0900  54.6000  2
  -0.0200  54.4300  2
   0.0500  54.3200  2
   0.0900  54.2500  2
   0.0900  54.2400  3
   0.2700  54.2000  3
   0.3400  54.0800  2
   0.4000  53.9700  2
   0.4800  53.8100  2
   0.5900  53.6400  2
   0.6700  53.4800  2
   0.7400  53.3100  2
   0.8100  53.2500  2
   0.8900  53.1000  2
   0.9400  52.9700  2
   1.0100  52.8600  2
   1.0900  52.7200  2
   1.0800  52.6600  2
   1.0800  52.6600  3
   4.1400  60.6100  3
  99.0000   0.0000  3
 94X  36 908  44  60.48   0.00 AN    26 6
  -0.8200  58.7000  3
  -0.7800  58.5400  2
  -0.7300  58.4300  2
  -0.5700  58.2900  2
  -0.5000  58.1200  2
  -0.4400  57.9700  2
  -0.3600  57.8600  2
  -0.3400  57.8200  2
  -0.3400  57.8300  3
  -0.7500  57.4900  3
  -0.7200  57.4300  2
  -0.6100  57.2800  2
  -0.5400  57.0800  2
  -0.4700  56.9500  2
  -0.3500  56.7700  2
  -0.2400  56.6100  2
  -0.1500  56.4600  2
  -0.0600  56.2900  2
   0.0700  56.1000  2
   0.1600  55.9400  2
   0.1900  55.8300  2
   0.1900  55.8100  3
   0.1700  55.6600  3
   0.2200  55.5900  2
   0.2800  55.4900  2
   0.3500  55.3600  2
   0.4500  55.1900  2
   0.5500  55.0500  2
   0.6300  54.9000  2
   0.7100  54.7000  2
   0.7600  54.5800  2
   0.7600  54.5800  3
   0.7800  54.4700  3
   0.7900  54.3900  2
   0.8800  54.2700  2
   0.9700  54.1500  2
   1.0900  53.9200  2
   1.2200  53.7100  2
   1.3500  53.5100  2
   1.4700  53.3200  2
   1.5200  53.1500  2
   1.5900  53.0300  2
   1.6000  53.0000  3
   0.0000  70.2300  3
  99.0000   0.0000  3
 94X  37 908  49  58.94   0.00 AN    25 5
  -0.2400  59.0400  3
  -0.1400  58.9400  2
  -0.1100  58.8400  2
  -0.0700  58.7300  2
   0.0100  58.6100  2
   0.2000  58.3900  2
   0.2200  58.2400  2
   0.2600  58.1700  2
   0.2700  58.1700  3
  -0.0300  57.9100  3
   0.0200  57.8200  2
   0.0900  57.7100  2
   0.1600  57.5700  2
   0.2500  57.4200  2
   0.3200  57.2900  2
   0.3800  57.1600  2
   0.4500  57.0300  2
   0.5300  56.9000  2
   0.5900  56.7700  2
   0.6500  56.6500  2
   0.7200  56.5200  2
   0.8200  56.3800  2
   0.8600  56.2600  2
   0.8600  56.2500  3
   0.8000  56.0700  3
   0.8500  55.9500  2
   0.9400  55.7600  2
   1.0500  55.6500  2
   1.1500  55.5100  2
   1.2600  55.2600  2
   1.3300  55.1600  2
   1.4100  55.0200  2
   1.4100  55.0300  3
   1.3900  54.8700  3
   1.4700  54.8100  2
   1.5100  54.6500  2
   1.5600  54.5900  2
   1.6100  54.4500  2
   1.7200  54.3000  2
   1.8100  54.1800  2
   1.9100  54.0400  2
   2.0000  53.9100  2
   2.0600  53.7500  2
   2.1200  53.6000  2
   2.1700  53.5000  2
   2.2400  53.3900  2
   2.2600  53.3300  2
   2.2600  53.3300  3
   5.5300  69.0900  3
  99.0000   0.0000  3
 94X  38 908  43  55.64   0.00 AN    24 4
   1.2800  58.6700  3
   1.3300  58.5800  2
   1.4200  58.4800  2
   1.5100  58.2800  2
   1.5600  58.2100  2
   1.6900  58.0700  2
   1.7700  57.8800  2
   1.8600  57.7400  2
   1.9100  57.6200  2
   1.9600  57.5200  2
   2.0300  57.4000  2
   2.1000  57.2500  2
   2.1600  57.1300  2
   2.2000  57.0500  2
   2.2400  56.9700  2
   2.2400  56.9800  3
   2.1100  56.8700  3
   2.1400  56.8000  2
   2.2300  56.6800  2
   2.3100  56.5300  2
   2.4000  56.3200  2
   2.5100  56.1700  2
   2.5600  56.0500  2
   2.6000  55.9400  2
   2.6600  55.8400  2
   2.7100  55.7700  2
   2.7300  55.7400  3
   2.7300  55.6300  3
   2.7700  55.6000  2
   2.8500  55.5100  2
   2.9300  55.3800  2
   3.0000  55.2200  2
   3.0700  55.1000  2
   3.1600  54.9200  2
   3.2200  54.8200  2
   3.3100  54.6700  2
   3.3700  54.5400  2
   3.4300  54.4400  2
   3.5000  54.3200  2
   3.5400  54.2100  2
   3.5800  54.1200  2
   3.6000  54.0600  3
   6.1500  69.3100  3
  99.0000   0.0000  3
 94X  39 908  15  54.29   0.00 AN    23 3
   3.5900  56.2000  3
   3.6400  56.1400  2
   3.6900  55.9900  2
   3.7800  55.8300  2
   3.8700  55.7000  2
   3.9500  55.5800  2
   4.0200  55.3700  2
   4.1500  55.1800  2
   4.2400  54.9800  2
   4.3100  54.8700  2
   4.3800  54.7500  2
   4.4300  54.6500  2
   4.4500  54.5700  2
   4.4600  54.5800  3
   6.1300  68.1200  3
  99.0000   0.0000  3
 94X 400 908 200  70.00   0.00 BA 0     7
  -7.4400  59.2500  3
  -7.5100  59.2800  2
  -7.6400  59.3000  2
  -7.8200  59.6700  2
  -7.8800  59.8300  2
  -7.9800  59.9300  2
  -8.0900  60.1400  2
  -8.1800  60.3600  2
  -8.4300  60.5200  2
  -8.6900  60.6300  2
  -8.9900  60.7400  2
  -9.1500  60.8800  2
  -9.2800  60.9700  2
  -9.3700  61.0400  2
  -9.3600  61.1200  2
  -9.4500  61.3300  2
  -9.4200  61.6800  2
  -9.5100  61.8100  2
  -9.6400  61.9400  2
  -9.7200  62.1400  2
  -9.8600  62.2900  2
 -10.0500  62.5100  2
 -10.1600  62.6300  2
 -10.3000  62.7500  2
 -10.2900  62.9100  2
 -10.3700  63.0100  2
 -10.5200  63.0400  2
 -10.5800  62.8100  2
 -10.7500  62.6800  2
 -11.0000  62.5800  2
 -11.2400  62.4700  2
 -11.3500  62.3900  2
 -11.5800  62.3100  2
 -11.7200  62.2100  2
 -11.7700  62.3700  2
 -11.7500  62.4300  2
 -11.9200  62.3200  2
 -11.9700  62.1500  2
 -12.0000  62.0500  2
 -11.9800  61.9600  2
 -12.0800  61.7900  2
 -12.0700  61.6200  2
 -12.2100  61.5200  2
 -12.2900  61.5000  2
 -12.4800  61.2700  2
 -12.5400  61.1300  2
 -12.6800  61.0500  2
 -12.7600  61.0700  2
 -12.9300  61.1000  2
 -12.9600  61.1300  2
 -13.0500  61.1500  2
 -13.1500  61.1200  2
 -13.2500  61.2600  2
 -13.4400  61.1500  2
 -13.6400  61.2600  2
 -13.7200  61.3100  2
 -13.9600  61.2400  2
 -14.1300  61.2400  2
 -14.2800  61.2000  2
 -14.3300  61.2600  2
 -14.3300  61.4400  2
 -14.4000  61.5700  2
 -14.5800  61.5400  2
 -14.6400  61.4800  2
 -14.8600  61.2600  2
 -15.0400  61.2000  2
 -15.1900  61.3100  2
 -15.2600  61.3800  2
 -15.4100  61.5300  2
 -15.5800  61.4800  2
 -15.8900  61.3200  2
 -16.3700  60.9100  3
 -16.4200  60.8100  2
 -16.5700  60.6500  2
 -16.6500  60.5800  2
 -16.8300  60.5500  2
 -16.9500  60.5300  2
 -17.1900  60.3600  2
 -17.3400  60.2400  2
 -17.5200  60.0800  2
 -17.6300  59.9200  2
 -17.7200  59.7700  2
 -17.7900  59.6600  2
 -17.8100  59.5100  2
 -17.8800  59.3300  2
 -17.9200  59.1900  2
 -17.9000  59.1000  2
 -17.8400  59.0100  2
 -17.7700  58.9600  2
 -17.6500  58.9700  2
 -17.6200  58.9500  2
 -17.5300  58.9500  2
 -17.4100  58.9600  2
 -17.2900  58.8400  2
 -17.3600  58.6400  2
 -17.1800  58.4700  2
 -17.0500  58.4400  2
 -17.0600  58.6300  2
 -17.0500  58.8500  2
 -16.9000  58.9100  2
 -16.6700  58.9600  2
 -16.3400  59.0000  2
 -16.1400  59.0300  2
 -16.0200  59.0900  2
 -15.8800  59.1600  2
 -15.7100  59.3700  2
 -15.6300  59.5900  2
 -15.6000  59.6900  2
 -15.5400  59.6100  2
 -15.4600  59.9000  2
 -15.4500  60.0900  2
 -15.3200  60.1600  2
 -15.1400  60.0700  2
 -15.0400  60.0000  2
 -15.0300  59.9900  2
 -14.8200  59.9300  2
 -14.5400  59.9400  2
 -14.2900  60.0200  2
 -14.1200  60.0700  2
 -13.8500  60.1600  2
 -13.6600  60.2900  2
 -13.4100  60.3600  2
 -13.1100  60.4300  2
 -12.9800  60.6100  2
 -12.8300  60.6500  2
 -12.6300  60.6100  2
 -12.4900  60.6400  2
 -12.3000  60.7200  2
 -12.2800  60.8000  2
 -12.1100  60.8000  2
 -11.9600  60.7600  2
 -11.7400  60.7200  2
 -11.5700  60.6100  2
 -11.4100  60.5000  2
 -11.2700  60.3900  2
 -11.0600  60.2000  2
 -10.7600  59.9900  2
 -10.5300  59.9700  2
 -10.3800  59.9200  2
 -10.2200  59.7700  2
  -9.9900  59.6700  2
  -9.8400  59.5400  2
  -9.5400  59.3600  2
  -9.2900  59.3200  2
  -9.2300  59.2200  2
  -9.0800  59.0900  2
  -8.9000  58.9900  2
  -8.8200  59.0300  2
  -8.7200  59.1300  2
  -8.5600  58.9100  2
  -8.4600  58.8200  2
  -8.2900  58.8200  2
  -8.0800  58.7600  2
  -7.8900  58.7400  2
  -7.6900  58.5200  2
  -7.5700  58.3000  2
  -7.4900  58.1100  2
  -7.3500  57.9500  2
  -7.1200  57.8100  2
  -6.9800  57.7100  2
  -6.8100  57.5900  2
  -6.7400  57.3700  2
  -6.5800  57.1900  2
  -6.4300  57.0700  2
  -6.2600  57.0100  2
  -6.2000  57.1400  2
  -6.0100  57.0500  2
  -5.9100  56.9300  2
  -5.8100  56.8900  2
  -5.8900  56.6200  2
  -6.2800  56.4600  2
  -6.5100  56.3300  2
  -6.6600  56.2400  2
  -6.6800  56.0600  2
  -6.6000  56.0000  2
  -6.4800  55.9900  2
  -6.3000  56.0600  2
  -6.2300  56.1600  2
  -5.8800  56.2000  2
  -5.7100  56.2000  2
  -5.5300  56.1800  2
  -5.4400  55.9700  2
  -5.3800  55.7100  2
  -5.3700  55.5700  2
  -5.2600  55.3300  2
  -5.1300  55.1000  2
  -5.0700  54.7900  2
  -5.0100  54.5400  2
  -4.9800  54.3400  2
  -4.8500  54.0800  2
  -4.7700  53.8700  2
  -4.7100  53.7300  2
  -4.6000  53.7700  2
  -4.3800  53.9000  2
  -4.3900  54.0100  2
  -4.3200  54.0700  2
  -4.0700  54.1900  2
  -3.8600  54.3000  2
  -3.7500  54.4100  2
  -3.6500  54.5700  2
  99.0000   0.0000  3
 94X 400 908  55  70.00   0.00 BA 0     7
  -3.6400  54.7100  3
  -3.4700  54.8100  2
  -3.5600  54.8200  2
  -3.5800  55.0300  2
  -3.5700  55.2600  2
  -3.6000  55.5700  2
  -3.6000  55.7200  2
  -3.6200  55.9000  2
  -3.7400  56.1000  2
  -3.8700  56.3600  2
  -3.9700  56.4000  2
  -4.1100  56.5600  2
  -4.3100  56.6500  2
  -4.3600  56.7100  2
  -4.5300  56.7500  2
  -4.6400  56.7600  2
  -4.7700  56.9500  2
  -4.9500  57.1300  2
  -4.9600  57.2000  2
  -4.9000  57.2700  2
  -5.2400  57.4900  2
  -5.3700  57.5800  2
  -5.5600  57.8200  2
  -5.7200  58.0200  2
  -5.8800  58.1500  2
  -6.1900  58.3700  2
  -6.3700  58.5000  2
  -6.5800  58.4900  2
  -6.8100  58.5300  2
  -7.0100  58.6100  2
  -7.1300  58.8300  2
  -7.0500  58.9200  3
  -7.0900  58.9700  2
  -7.1600  58.9400  2
  -7.1500  58.8500  2
  -7.2100  58.9100  2
  -7.2000  59.0600  3
  -7.1900  59.0100  2
  -7.2500  58.9500  2
  -7.2600  58.9900  2
  -7.2500  59.0400  2
  -7.1900  59.0500  2
  -7.2700  59.1400  3
  -7.2700  59.0900  2
  -7.3200  59.0400  2
  -7.3500  59.0800  2
  -7.3300  59.1200  2
  -7.2800  59.1300  2
  -7.3600  59.2400  3
  -7.3400  59.1800  2
  -7.3800  59.1300  2
  -7.4400  59.1800  2
  -7.4000  59.2300  2
  -7.3600  59.2300  2
  -7.3600  59.2200  3
  99.0000   0.0000  3
 94X 400 908 200  70.00   0.00 BA 500   6
  -6.5600  56.1100  3
  -6.5100  56.2800  2
  -6.3600  56.3800  2
  -6.2600  56.4400  2
  -6.1000  56.4600  2
  -5.9700  56.4900  2
  -5.8700  56.5400  2
  -5.7600  56.7000  2
  -5.6000  56.9700  2
  -5.5400  57.0700  2
  -5.4600  57.1500  2
  -5.3300  57.1900  2
  -5.2200  57.1300  2
  -5.1400  57.0300  2
  -5.0600  56.9400  2
  -4.9700  56.9000  2
  -4.8900  56.7800  2
  -4.8200  56.6700  2
  -4.7500  56.6000  2
  -4.6200  56.6300  2
  -4.5800  56.5900  2
  -4.5600  56.4700  2
  -4.4600  56.3700  2
  -4.3900  56.3500  2
  -4.3000  56.3200  2
  -4.2200  56.2700  2
  -4.1600  56.2300  2
  -4.0500  56.2200  2
  -3.9300  56.1600  2
  -3.8200  55.9900  2
  -3.7500  55.8600  2
  -3.7200  55.6300  2
  -3.7000  55.4700  2
  -3.6600  55.2700  2
  -3.6100  55.1400  2
  -3.7100  54.8300  2
  -3.8700  54.5700  2
  -4.0400  54.4000  2
  -4.2200  54.2200  2
  -4.3400  54.1000  2
  -4.5100  53.9900  2
  -4.6600  53.9400  2
  -4.7500  54.0100  2
  -4.7800  54.1900  2
  -4.8200  54.3300  2
  -4.8300  54.4700  2
  -4.8900  54.6200  2
  -4.9100  54.7500  2
  -5.0100  54.8700  2
  -5.0600  55.1400  2
  -5.1400  55.3400  2
  -5.2500  55.4200  2
  -5.2900  55.5400  2
  -5.3000  55.6800  2
  -5.3200  55.8700  2
  -5.3900  56.0300  2
  -5.4400  56.1400  2
  -5.5900  56.2200  2
  -5.7800  56.2400  2
  -5.9900  56.2200  2
  -6.1500  56.1800  2
  -6.3100  56.1500  2
  -6.4100  56.0700  2
  -6.5000  56.0700  2
  -6.5700  56.1600  2
  -6.5100  56.2800  2
  -6.3700  56.3700  2
  -6.3100  56.4200  2
  -8.2700  60.0800  3
  -8.2700  60.1700  2
  -8.5800  60.2300  2
  -8.7700  60.3100  2
  -8.9500  60.3600  2
  -9.1400  60.4300  2
  -9.3000  60.3800  2
  -9.4500  60.2900  2
  -9.4900  60.1500  2
  -9.3300  60.1000  2
  -9.2100  60.0200  2
  -9.0500  60.0200  2
  -8.9000  60.0000  2
  -8.7600  59.9800  2
  -8.6300  60.0800  2
  -8.4500  60.1400  2
  -8.3400  60.0600  2
  -8.2500  60.0800  2
  -9.5500  59.6400  3
  -9.7500  59.7500  2
  -9.9300  59.7800  2
 -10.1100  59.8400  2
 -10.2500  59.9100  2
 -10.3500  59.9500  2
 -10.4800  60.0000  2
 -10.5600  60.0500  2
 -10.7000  60.0600  2
 -10.9100  60.1700  2
 -11.0700  60.2800  2
 -11.1600  60.3700  2
 -11.3900  60.5800  2
 -11.5200  60.7000  2
 -11.6800  60.8300  2
 -11.8800  60.8800  2
 -12.0600  60.9100  2
 -12.2400  60.9000  2
 -12.3600  60.8500  2
 -12.3500  60.7500  2
 -12.5200  60.6800  2
 -12.7200  60.7100  2
 -12.9300  60.6400  2
 -13.1200  60.5300  2
 -13.3000  60.3900  2
 -13.5000  60.3400  2
 -13.6200  60.3000  2
 -13.7500  60.2200  2
 -14.1000  60.1000  2
 -14.2900  60.0300  2
 -14.5100  59.9400  2
 -14.7400  59.9200  2
 -14.8700  59.9700  2
 -14.9300  60.0900  2
 -14.9600  60.2200  2
 -15.1100  60.2400  2
 -15.2300  60.2400  2
 -15.3400  60.3100  2
 -15.5200  60.2700  2
 -15.6200  60.1100  2
 -15.6000  59.8300  2
 -15.6800  59.6600  2
 -15.7300  59.4700  2
 -15.8700  59.2500  2
 -16.0500  59.1300  2
 -16.2200  59.1100  2
 -16.3100  59.1200  2
 -16.3600  59.1700  2
 -16.4100  59.2400  2
 -16.5500  59.1500  2
 -16.6700  59.1200  2
 -16.7900  59.1400  2
 -16.8800  59.0500  2
 -17.1000  59.1400  2
 -17.2300  59.1200  2
 -17.3400  59.1900  2
 -17.5000  59.2000  2
 -17.6700  59.0700  2
 -17.7000  59.3200  2
 -17.6000  59.5100  2
 -17.4800  59.5900  2
 -17.2800  59.6300  2
 -17.1200  59.6700  2
 -16.9500  59.8100  2
 -16.7700  59.9100  2
 -16.6100  60.0600  2
 -16.4300  60.1300  2
 -16.3000  60.3600  2
 -16.2500  60.4100  2
 -16.1600  60.4600  2
 -16.1000  60.7200  2
 -16.1000  60.8600  2
 -16.1000  61.0500  2
 -16.0700  61.1900  2
 -15.8300  61.2700  2
 -15.7300  61.3500  2
 -15.6400  61.4100  2
 -15.5300  61.4600  2
 -15.4500  61.3800  2
 -15.3300  61.2100  2
 -15.1900  61.0700  2
 -15.0400  61.0000  2
 -14.8100  61.1700  2
 -14.6900  61.2900  2
 -14.5900  61.4100  2
 -14.4500  61.4700  2
 -14.4000  61.3500  2
 -14.3800  61.1000  2
 -14.2900  61.1300  2
 -14.1200  61.1100  2
 -13.9500  61.1600  2
 -13.8400  61.1800  2
 -13.6500  61.1100  2
 -13.5700  60.9700  2
 -13.4900  60.8500  2
 -13.3300  60.7200  2
 -13.2300  60.7600  2
 -13.1600  60.8400  2
 -12.9800  60.8600  2
 -12.7800  60.9500  2
 -12.6500  61.0100  2
 -12.5000  61.0400  2
 -12.4000  61.1900  2
 -12.2900  61.3500  2
 -12.2000  61.4100  2
 -12.0400  61.5200  2
 -12.0000  61.7300  2
 -11.9000  61.9300  2
 -11.9000  62.0600  2
 -11.8700  62.2100  2
 -11.7800  62.1100  2
 -11.6500  62.0400  2
 -11.5900  62.2100  2
 -11.4200  62.2400  2
  99.0000   0.0000  3
 94X 400 908  24  70.00   0.00 BA 500   6
 -11.3200  62.2400  3
 -11.2500  62.2300  2
 -11.1200  62.3200  2
 -10.9000  62.3700  2
 -10.7500  62.4200  2
 -10.5800  62.5000  2
 -10.3700  62.4600  2
 -10.2000  62.3800  2
 -10.0600  62.2400  2
  -9.9100  62.0400  2
  -9.8300  61.9200  2
  -9.7100  61.7300  2
  -9.6400  61.4100  2
  -9.5500  61.2900  2
  -9.6200  61.0700  2
  -9.7400  60.7300  2
  -9.7800  60.6300  2
  -9.8400  60.4600  2
  -9.8700  60.2800  2
  -9.7900  60.0500  2
  -9.6400  59.8400  2
  -9.5100  59.6700  2
  -9.4100  59.6200  2
  -9.4200  59.6400  3
  99.0000   0.0000  3
 94X 400 908 148  40.00   0.00 TA 000   1
 -13.2400  66.6700  3
 -13.5200  66.3300  2
 -13.8000  65.9100  2
 -14.0600  65.4900  2
 -14.2400  65.1900  2
 -14.4900  64.8300  2
 -14.8700  64.4400  2
 -15.1300  64.1600  2
 -15.4100  63.8700  2
 -15.6400  63.6500  2
 -12.0900  65.5000  3
 -12.2000  65.3000  2
 -12.3800  65.0100  2
 -12.6400  64.6600  2
 -12.9800  64.2500  2
 -13.1800  63.8700  2
 -13.4800  63.3600  2
 -13.7000  63.0800  2
  -8.8600  67.4800  3
  -9.0600  67.2500  2
  -9.4100  66.8100  2
  -9.7800  66.2600  2
 -10.0100  65.9500  2
 -10.2200  65.3700  3
 -10.3900  65.1800  2
 -10.6300  64.9100  2
 -10.9400  64.5700  2
 -11.1500  64.2800  2
 -11.3500  64.0400  2
 -11.6300  63.7000  2
 -11.8500  63.4400  2
 -12.0400  63.1700  2
 -12.5100  63.2800  3
 -12.2700  63.5700  2
 -12.0800  63.8300  2
 -11.7800  64.3300  2
 -11.5000  64.7500  2
 -11.1900  65.1000  2
 -10.9800  65.3900  2
 -10.7300  65.7600  2
 -10.5700  65.9500  2
 -10.3600  66.1500  2
 -10.1000  66.5100  2
  -9.8700  66.8100  2
  -9.7200  67.0100  2
 -10.2600  63.2400  3
 -10.1000  63.5600  2
  -9.8700  64.0100  2
  -9.7600  64.2800  2
  -9.6300  64.5900  2
  -9.5100  64.7700  2
  -8.8900  65.7600  3
  -8.5900  66.1400  2
  -8.3400  66.4400  2
  -8.1500  66.7100  2
  -7.7800  67.0800  2
  -7.5100  67.3700  2
  -7.3400  67.5900  2
  -7.2400  67.7400  2
  -5.4200  68.6000  3
  -5.7900  68.1600  2
  -6.0800  67.8600  2
  -6.2500  67.6600  2
  -6.3900  67.4900  2
  -6.2800  67.3600  3
  -6.6300  66.9500  2
  -6.9600  66.6100  2
  -7.3700  66.1600  2
  -7.6700  65.8200  2
  -8.0000  65.3700  2
  -7.9900  65.1000  2
  -8.1900  64.6800  2
  -8.4600  64.2100  2
  -8.6800  63.7500  2
  -9.1300  63.6500  3
  -8.8300  64.0600  2
  -8.3400  65.1800  2
  -8.1400  65.5700  2
  -7.8500  66.0200  2
  -7.6600  66.3200  2
  -7.2000  66.7400  2
  -6.8200  67.1500  2
  -6.6200  67.4200  2
  -6.4000  67.5400  2
  -6.0600  67.9100  2
  -4.0300  68.4500  3
  -4.5000  67.9500  2
  -4.8500  67.6200  2
  -5.3000  67.1900  2
  -5.6300  66.9100  2
  -6.0300  66.4800  2
  -6.4100  66.0600  2
  -6.6300  65.7900  2
  -7.1300  64.9900  2
  -2.6200  68.1500  3
  -2.8900  67.7900  2
  -3.1300  67.3900  2
  -3.3500  67.0100  2
  -3.8100  66.5300  2
  -4.3300  66.1200  2
  -4.6900  65.8800  2
 -16.5400  62.8000  3
 -16.2900  62.9500  2
 -15.9800  63.3200  2
 -15.7300  63.6200  2
 -15.3600  64.0000  2
 -14.9500  64.3700  2
 -14.6800  64.6900  2
 -14.3200  65.0900  2
 -13.9700  65.6000  2
 -13.6700  66.0700  2
 -13.4200  66.4500  2
 -13.2100  66.7200  2
 -19.9200  66.7100  3
 -20.0300  66.5100  2
 -20.1900  66.2900  2
 -20.3300  65.9700  2
 -20.4800  65.6700  2
 -20.5900  65.4300  2
 -20.7700  65.0900  2
 -20.8400  64.9400  2
 -21.0000  64.7400  2
 -21.1400  64.5500  2
 -21.3000  64.3100  2
 -21.4700  64.0300  2
 -21.6100  63.7800  2
 -22.2900  63.2700  3
 -22.4300  63.2300  2
 -22.5700  63.2000  2
 -22.7300  63.1700  2
 -22.9000  63.1400  2
 -23.1300  63.1000  2
 -23.2900  63.0900  2
 -23.4600  63.0400  2
 -23.6400  62.9300  2
 -23.7800  62.8600  2
 -23.8700  62.7900  2
 -23.9800  62.6400  2
 -24.2600  62.4600  2
 -24.5300  62.3500  2
 -24.7500  62.2800  2
 -25.0800  62.1200  2
 -25.3500  62.0500  2
 -25.6300  61.9900  2
 -25.9100  61.9400  2
 -26.0800  61.8900  2
 -26.1900  61.8600  2
 -20.1100  67.3000  3
  99.0000   0.0000  3
