 1XX 521 112  77 600.00   0.00 CS 000   7
  28.3200 -82.8400  3
  28.0000 -82.8700  2
  27.8200 -82.7900  2
  27.5000 -82.6100  2
  27.1800 -82.4800  2
  26.9700 -82.3200  2
  26.9100 -82.1600  2
  26.6200 -82.0900  2
  26.6700 -81.9800  2
  26.3300 -82.0600  2
  26.0200 -81.7900  2
  25.8800 -81.5800  2
  25.6200 -81.3500  2
  25.3400 -81.2300  2
  25.1600 -81.0100  2
  25.2800 -80.6000  2
  25.6200 -80.3000  2
  26.0900 -80.1500  2
  26.4900 -80.1100  2
  26.7800 -80.1400  2
  26.9000 -80.1400  2
  25.2300 -78.2600  3
  25.2300 -78.1600  2
  25.0700 -78.0500  2
  24.7900 -77.8600  2
  24.5700 -77.8200  2
  24.4300 -78.1000  2
  24.5700 -78.3100  2
  24.7900 -78.4700  2
  25.0300 -78.3600  2
  25.2200 -78.3100  2
  22.5700 -78.7100  3
  22.4100 -78.6100  2
  22.3900 -78.3200  2
  22.2100 -78.1400  2
  22.0600 -77.9400  2
  21.9800 -77.7500  2
  22.1700 -77.7300  2
  22.3400 -78.0100  2
  22.5200 -78.3100  2
  22.5800 -78.5700  2
  22.5500 -78.7800  2
  24.1800 -77.9400  3
  24.0700 -77.8800  2
  24.2700 -77.7200  2
  24.4000 -77.7900  2
  24.3300 -77.8300  2
  24.1800 -77.9400  2
  24.2400 -77.6700  3
  24.1000 -77.7900  2
  23.9600 -77.8100  2
  23.8500 -77.7300  2
  23.8000 -77.6000  2
  24.2100 -77.6900  2
  23.6500 -75.3100  3
  23.2200 -75.1700  2
  23.0900 -75.0800  2
  22.9700 -74.9500  2
  23.2000 -74.9900  2
  23.3500 -75.1900  2
  23.6400 -75.3100  2
  25.3000 -76.2500  3
  25.1100 -76.3000  2
  24.8800 -76.4100  2
  24.7000 -76.2300  2
  25.1200 -76.2500  2
  25.2800 -76.2900  2
  24.8200 -75.7900  3
  24.5900 -75.6700  2
  24.3800 -75.5200  2
  24.2000 -75.5300  2
  24.1800 -75.3400  2
  24.3700 -75.3900  2
  24.4500 -75.5400  2
  24.7700 -75.7500  2
  24.8000 -75.8400  2
  24.7600 -75.7500  3
  99.0000   0.0000  3
 1XX 522 112  13 600.00   0.00 GR 000   7
  25.0200 -81.0400  3
  25.0000 -80.0200  2
  25.0000 -79.0300  2
  26.0000 -80.0200  3
  25.0500 -80.0200  2
  24.0300 -80.0100  2
  25.0000 -85.3100  3
  24.9900 -84.9800  2
  24.9600 -83.9600  2
  25.9900 -85.0200  3
  24.9700 -85.0200  2
  24.3600 -84.9900  2
  24.3700 -84.9800  3
  99.0000   0.0000  3
 1XX 523 112  43 180.00   0.00 MA 000   4
  29.7800 -88.5000  3
  29.5700 -88.1400  2
  29.2900 -87.6500  2
  29.0500 -87.4700  2
  28.6800 -87.3300  2
  28.3900 -87.0500  2
  28.1400 -86.4700  2
  27.8800 -86.0100  2
  27.3800 -85.4000  2
  26.8100 -85.0900  2
  26.2900 -84.9300  2
  25.6600 -84.8500  2
  25.0200 -84.5400  2
  24.5100 -84.0800  2
  24.1200 -83.4700  2
  23.7800 -82.8800  2
  23.5800 -82.2700  2
  23.4000 -81.6100  2
  23.2000 -81.0400  2
  23.0900 -80.6700  2
  22.8900 -80.2500  2
  22.9500 -80.6100  2
  22.6900 -80.2800  2
  22.5100 -80.0100  2
  22.3500 -79.6100  2
  22.0000 -79.0300  2
  21.7800 -78.5700  2
  21.6100 -77.9700  2
  21.4400 -77.4100  2
  21.2600 -76.9000  2
  21.1400 -76.5100  2
  21.0300 -76.0300  2
  20.9400 -75.6600  2
  20.9300 -75.4500  2
  21.0700 -75.3600  2
  21.4300 -75.1600  2
  21.9600 -74.8600  2
  22.2900 -74.6900  2
  22.7600 -74.5600  2
  23.2700 -74.4000  2
  23.6200 -74.2800  2
  23.7000 -74.2300  2
  23.7000 -74.2300  3
  99.0000   0.0000  3
 1XX 524 112  29 180.00   0.00 SS 000   4
  29.7200 -85.9100  3
  29.3100 -85.4800  2
  28.8800 -84.6400  2
  28.5400 -83.5800  2
  28.4100 -83.1800  2
  28.2700 -82.7200  2
  27.9800 -82.2900  2
  27.6900 -81.8600  2
  27.4600 -81.4700  2
  27.1700 -81.0700  2
  27.0100 -80.7000  2
  26.8700 -80.2900  2
  26.7400 -79.9300  2
  26.5800 -79.5200  2
  26.4600 -79.1300  2
  26.3200 -78.7100  2
  26.1100 -78.2000  2
  25.9100 -77.6000  2
  25.7200 -77.0500  2
  25.5100 -76.5400  2
  25.2300 -76.0500  2
  25.0400 -75.8300  2
  24.7000 -75.5000  2
  24.4300 -75.2400  2
  24.1000 -74.8000  2
  23.9300 -74.5700  2
  23.6900 -74.3200  2
  23.5200 -74.1100  2
  23.5300 -74.1500  3
  99.0000   0.0000  3
 1XX 524 112   7 180.00   0.00 SS 000   4
  25.7600 -76.8900  3
  25.6300 -76.9400  2
  25.6400 -77.0600  3
  25.4300 -76.9000  2
  25.4200 -77.0400  3
  25.6000 -76.9200  2
  25.6000 -76.9200  3
  99.0000   0.0000  3
 1XX 525 112  24 180.00   0.00 MA 000   4
  22.0200 -81.6100  3
  22.0400 -81.3400  2
  21.9600 -81.0600  3
  21.8900 -80.8000  2
  21.8100 -80.4500  3
  21.7000 -80.2600  2
  21.5600 -79.9100  3
  21.5100 -79.6800  2
  21.4700 -79.3100  3
  21.4800 -79.0500  2
  21.4400 -78.8100  3
  21.3900 -78.6600  2
  21.0200 -78.4900  3
  20.9100 -78.1500  2
  20.8900 -77.7800  3
  20.8500 -77.4100  2
  20.7800 -76.8600  3
  20.7300 -76.4300  2
  20.7000 -76.0000  3
  20.7800 -75.7000  2
  20.8400 -75.4300  3
  20.9600 -75.3600  2
  21.0900 -75.2700  3
  21.0900 -75.2700  3
  99.0000   0.0000  3
