 61X  14 602  13 560.00   0.00 GR 000   7
  36.0200 134.9800  3
  35.0400 135.0100  2
  34.0100 134.9300  2
  35.0400 133.9800  3
  35.0200 134.9800  2
  35.0400 135.9600  2
  38.0300 136.9800  3
  37.0200 136.9800  2
  36.0400 136.9800  2
  37.0200 136.0000  3
  37.0300 136.9900  2
  37.0900 137.9700  2
  34.7200 141.0200  3
  99.0000   0.0000  3
 61X  15 602  64 560.00   0.00 CS 000   7
  38.8300 139.8300  3
  38.6300 139.7100  2
  38.3000 139.5200  2
  37.9500 139.1500  2
  37.1000 138.0300  2
  36.7500 137.1600  2
  37.0900 137.1000  2
  37.4900 137.3500  2
  37.3200 136.9100  2
  36.6300 136.6100  2
  36.2000 136.1600  2
  35.6800 136.0800  2
  35.5600 135.2900  2
  35.7400 135.3100  2
  35.5100 133.9300  2
  35.5200 132.9600  2
  34.9400 132.1200  2
  34.3500 130.9300  2
  34.0100 130.9700  2
  33.9700 131.5800  2
  33.8300 132.1600  2
  34.2600 132.4100  2
  34.1900 132.7400  2
  34.4900 133.7800  2
  34.4100 133.9600  2
  34.7700 134.5900  2
  34.6600 135.4800  2
  33.8300 135.2800  2
  33.4700 135.8000  2
  33.8000 136.1900  2
  34.1400 136.4300  2
  34.2100 136.9000  2
  35.0400 136.8500  2
  34.5600 137.2400  2
  34.5400 138.2900  2
  35.0300 138.7400  2
  34.5500 139.0400  2
  35.3300 139.4400  2
  35.2300 139.7800  2
  35.6500 140.1700  2
  34.8200 139.9900  2
  35.6300 140.7600  2
  31.0600 130.8200  3
  31.4200 131.2600  2
  31.4500 131.4500  2
  32.8900 132.0600  2
  33.2900 131.6200  2
  33.7000 131.6400  2
  33.7200 131.1700  2
  33.9500 130.7100  2
  33.5000 130.2200  2
  33.4800 129.8500  2
  33.2400 129.6400  2
  32.8900 129.9000  2
  32.5300 129.7200  2
  32.7000 130.4400  2
  33.1900 130.3200  2
  32.6800 130.6000  2
  32.0700 130.3600  2
  31.4700 130.2000  2
  31.1700 130.5500  2
  31.6600 130.7000  2
  31.0500 130.7700  2
  31.0600 130.7900  3
  99.0000   0.0000  3
 61X  16 602  69  43.00   0.00 MA 000   1
  35.6600 130.2600  3
  35.8500 130.8600  2
  36.1200 131.6500  2
  36.3000 132.4200  2
  36.7900 134.1200  3
  37.2200 134.7200  2
  37.3900 135.6900  2
  37.9900 136.1700  2
  38.5600 136.7700  2
  38.7900 137.2000  2
  38.4500 137.7000  2
  39.1100 138.1700  2
  39.4700 138.4900  2
  39.8700 138.8600  2
  39.9900 139.1300  2
  40.1300 139.2100  2
  31.0200 132.6600  3
  31.4800 133.3100  2
  31.8200 133.7600  2
  32.2200 134.4900  2
  32.5600 135.0000  2
  32.7400 135.7300  2
  33.0000 136.7300  2
  33.3800 137.4800  2
  33.8300 138.1000  2
  34.4200 138.3500  2
  34.9600 138.3900  2
  35.2000 138.4000  2
  35.5700 138.9800  2
  34.9800 139.4500  2
  34.8500 139.6300  2
  34.5800 140.0700  2
  34.3600 140.6500  2
  34.2400 141.0700  2
  34.1400 141.5900  2
  35.9300 130.4400  3
  35.7700 130.4800  2
  36.2900 131.4600  3
  36.1200 131.5400  2
  36.4300 132.1200  3
  36.2700 132.2000  2
  37.4500 134.8200  3
  37.3700 134.8800  2
  37.7300 135.8000  3
  37.6200 136.0100  2
  38.5400 136.5100  3
  38.4400 136.6400  2
  38.8700 137.8100  3
  38.7700 137.9600  2
  39.3500 138.2300  3
  39.2400 138.3900  2
  39.9800 138.8500  3
  39.9200 138.9800  2
  31.1200 132.7600  3
  31.3800 132.8700  2
  31.3100 133.0800  2
  32.1900 134.4600  3
  32.3800 134.5500  2
  32.2900 134.7200  2
  32.7100 135.6500  3
  32.8100 135.7200  2
  33.0400 136.7500  3
  33.2000 136.8100  2
  33.0900 136.9900  2
  34.4500 138.4100  3
  34.5400 138.2000  2
  34.5500 138.4500  2
  18.4500 145.1800  3
  99.0000   0.0000  3
 61X  17 602  30  84.00   0.00 MA 000   2
  31.1200 130.8700  3
  31.6200 131.0000  2
  32.0600 131.0500  2
  32.4900 131.6900  2
  32.6400 132.3800  2
  33.0900 133.5300  2
  33.5300 134.4700  2
  33.7900 135.6100  2
  34.0200 136.5700  2
  34.5000 137.6500  2
  35.2000 138.2400  2
  35.7900 138.7200  2
  35.6100 139.3500  2
  35.0700 140.1000  2
  34.9800 140.3500  2
  34.8200 141.0100  2
  34.8200 141.2000  2
  32.6100 132.1300  3
  32.7800 132.2000  2
  32.7000 132.3800  2
  33.7600 135.5300  3
  33.9100 135.6200  2
  33.8200 135.8000  2
  34.8800 138.0200  3
  35.0200 137.9700  2
  35.0200 138.1600  2
  35.7000 139.1100  3
  35.7700 139.4500  2
  35.5600 139.3900  2
  35.5600 139.4000  3
  99.0000   0.0000  3
 61X  18 602  34 138.00   0.00 MA 000   3
  32.1000 130.8900  3
  32.5900 131.5400  2
  33.1000 132.4200  2
  33.4500 133.6200  2
  33.7700 134.7700  2
  34.0200 135.8000  2
  34.2200 136.6000  2
  34.5100 137.2600  2
  35.0800 137.9400  2
  35.5900 138.1100  2
  35.9900 138.1800  2
  36.2300 138.8500  2
  36.1100 139.4800  2
  35.7800 140.1400  2
  35.7800 140.6200  2
  35.7500 140.1700  3
  35.8400 140.3300  2
  35.7800 140.4400  2
  36.0700 138.2700  3
  36.2500 138.3800  2
  36.1800 138.5200  2
  34.3800 137.0500  3
  34.6100 137.0800  2
  34.5200 137.2900  2
  33.5600 133.9900  3
  33.7200 134.0900  2
  33.6300 134.1900  2
  33.0600 132.3000  3
  33.2000 132.3400  2
  33.1200 132.4600  2
  32.2500 130.9500  3
  32.4100 130.9100  2
  32.3900 131.1500  2
  32.4000 131.1600  3
  99.0000   0.0000  3
 61X  19 602  18 170.00   0.00 MA 000   4
  32.2700 130.2700  3
  32.5900 130.8000  2
  33.0500 131.5100  2
  33.5800 132.3100  2
  33.8700 133.2300  2
  34.1100 134.2100  2
  34.3300 135.2000  2
  34.5600 136.2700  2
  34.7000 137.1400  2
  35.0500 137.7400  2
  35.3700 137.9200  2
  35.8300 138.0500  2
  36.3200 138.0400  3
  36.5500 138.6300  2
  36.3400 139.5000  2
  36.1000 139.9500  2
  36.1500 140.4600  2
  36.1800 140.4800  3
  99.0000   0.0000  3
 61X  20 602  22 225.00   0.00 MA 000   5
  32.7000 130.4300  3
  33.0700 131.1200  2
  33.7100 132.0500  2
  34.1600 133.2100  2
  34.6000 134.6700  2
  34.9700 136.0900  2
  35.3700 137.1600  2
  35.7000 137.7200  2
  35.9400 138.0300  2
  36.5800 137.9100  3
  36.7300 138.2000  2
  36.7400 138.7100  2
  36.5900 139.3800  2
  36.3900 139.9600  2
  36.4400 140.3200  2
  35.1700 136.5700  3
  35.3800 136.7000  2
  35.3100 136.9500  2
  34.2700 133.4500  3
  34.4200 133.5100  2
  34.3500 133.7200  2
  11.8500 145.8200  3
  99.0000   0.0000  3
 61X  21 602  23 245.00   0.00 MA 000   6
  32.9800 130.2200  3
  33.4900 131.1400  2
  34.1300 132.2200  2
  34.8000 133.8000  2
  35.0400 134.8800  2
  35.5500 136.1300  2
  35.7300 136.7300  2
  35.7700 137.1500  2
  36.3200 137.6500  2
  36.5300 137.8800  2
  33.2300 130.1100  3
  33.6100 130.8000  2
  34.1800 131.7600  2
  34.6600 132.6200  2
  35.0800 133.5100  2
  35.2400 134.9000  2
  35.5700 135.6200  2
  35.9900 136.3100  2
  36.0400 137.0700  2
  36.4300 137.4600  2
  37.0400 137.8500  2
  37.0400 137.8500  3
  99.0000   0.0000  3
 43X   6 602  46 405.00   0.00 CS 000   1
  47.2800 141.0300  3
  46.5900 140.7500  2
  46.1100 140.3500  2
  45.5800 139.8200  2
  44.7000 139.2500  2
  44.2400 139.1900  2
  43.7300 139.5100  2
  43.2500 139.8000  2
  42.7300 139.7000  2
  42.1700 139.3000  2
  41.7600 138.8900  2
  41.4400 138.7600  2
  41.1800 139.0400  2
  41.0000 139.5400  2
  40.5300 139.5900  2
  40.1200 139.3500  2
  39.7100 139.5400  2
  39.0700 139.7800  2
  38.4600 140.0000  2
  37.6900 140.2000  2
  36.8600 140.4000  2
  36.1800 140.5400  2
  35.7300 140.7400  2
  35.2700 141.0200  2
  34.7800 141.3600  2
  34.3300 141.5900  2
  34.0500 141.8200  2
  34.0700 141.8400  2
  34.7600 142.0700  2
  35.6400 142.4300  2
  36.6000 143.0400  2
  37.2700 143.6400  2
  38.1600 144.0700  2
  38.9400 144.2000  2
  39.7000 144.3000  2
  40.1300 144.4900  2
  40.1500 143.6600  3
  39.4000 143.6300  2
  38.7100 143.7400  2
  38.0100 143.5200  2
  37.3300 143.0000  2
  36.6600 142.5200  2
  35.8200 142.0400  2
  35.0700 141.6500  2
  34.7700 141.3400  2
  34.3700 141.7800  3
  99.0000   0.0000  3
 43X   6 602  45 250.00   0.00 CS 000   7
  35.5300 131.7800  3
  35.5700 131.6500  2
  35.4700 131.5500  2
  35.3700 131.5800  2
  35.3700 131.8600  2
  35.3300 131.9800  2
  35.2000 131.9600  2
  35.1600 131.8300  2
  35.1500 131.6700  2
  35.3900 132.3900  3
  35.3900 132.3300  2
  35.3400 132.3700  2
  35.3800 132.4200  2
  35.3800 132.3800  2
  36.3200 133.7500  3
  36.4300 133.9500  2
  36.3900 133.9100  3
  36.2100 134.0000  2
  36.0900 134.0600  2
  35.9800 133.9700  2
  35.9800 133.8000  2
  36.0500 133.7500  2
  36.3100 134.8400  3
  36.4600 134.8300  2
  36.7200 134.8400  2
  36.5700 135.0600  2
  36.4500 135.2200  2
  36.7300 135.9600  3
  36.8900 135.8800  2
  37.0400 135.7700  2
  37.1200 135.9400  2
  37.0900 136.0700  2
  37.0100 136.1100  2
  36.9200 135.9800  2
  36.8900 135.8800  2
  37.1000 136.9600  3
  37.2400 136.9400  2
  37.4900 136.9300  2
  37.3500 137.1700  2
  37.2300 137.3200  2
  37.4900 138.0200  3
  37.8200 137.8400  2
  37.6200 138.3100  2
  37.9600 138.1600  2
  37.7100 138.7200  3
  99.0000   0.0000  3
