 2XX 573 204  21 180.00   0.00 MA 000   4
  11.3600 -73.2900  3
  11.6500 -72.9000  3
  11.9100 -72.4400  2
  12.1800 -71.8100  3
  12.2300 -71.6900  2
  12.2600 -71.1500  3
  12.2300 -70.9500  2
  12.1100 -70.3900  3
  12.0600 -70.2300  2
  11.9000 -69.6300  3
  11.8700 -69.5000  2
  11.6600 -68.9400  3
  11.5800 -68.7100  2
  11.4600 -68.3700  3
  11.4200 -68.2800  2
  11.2800 -67.8800  3
  11.2300 -67.6500  2
  11.2000 -67.3000  3
  11.1600 -67.2000  2
  11.1600 -67.1900  2
  11.1500 -67.2100  3
  99.0000   0.0000  3
 2XX 574 204  24  10.00   0.00 SS 000   1
  11.4700 -74.1700  3
  11.3700 -73.7700  2
  11.2900 -72.9400  2
  11.1800 -72.0600  2
  11.1400 -71.7600  2
  11.1500 -71.4000  2
  11.2100 -71.0400  2
  11.2900 -70.6300  2
  11.3600 -70.2700  2
  11.4400 -69.7500  2
  11.4500 -69.2800  2
  11.4100 -68.8500  2
  11.2900 -68.3500  2
  11.1300 -67.7800  2
  11.0500 -67.4200  2
  11.0600 -67.2200  2
  11.0800 -67.1300  2
  11.3600 -71.2300  3
  11.2400 -71.2200  2
  11.4800 -71.3100  3
  11.3300 -71.1600  2
  11.4900 -71.1700  3
  11.3300 -71.3000  2
  11.3300 -71.2900  3
  99.0000   0.0000  3
 2XX 575 204  18  10.00   0.00 MA 000   1
  11.4800 -73.7100  3
  11.8800 -73.2000  3
  12.2100 -72.6800  2
  12.5100 -71.9600  3
  12.5700 -71.7300  2
  12.6100 -71.3500  3
  12.5400 -70.7900  2
  12.4600 -70.3700  3
  12.2800 -69.7800  2
  12.1200 -69.2800  3
  11.9100 -68.8200  2
  11.7500 -68.2000  3
  11.5900 -67.7200  2
  11.4700 -67.3600  3
  11.4000 -67.0100  2
  11.3300 -66.5900  3
  11.3200 -66.4500  2
  11.3400 -66.3900  3
  99.0000   0.0000  3
 1XX 554 119  96 100.00   0.00 CS 000   7
  11.0400 -85.8600  3
  10.5600 -85.8600  2
   9.8100 -85.3300  2
  10.0700 -85.1900  2
  10.0900 -85.0100  2
   9.8600 -84.7200  2
   9.4900 -84.4100  2
   9.2800 -83.8500  2
   8.8600 -83.6400  2
   8.5200 -83.5100  2
   8.4700 -83.3600  2
   8.6700 -83.3600  2
   8.4900 -83.1100  2
   8.3700 -83.0300  2
   8.1900 -82.8800  2
   8.3700 -82.7200  2
   8.3700 -82.3700  2
   8.2000 -81.8100  2
   8.0300 -81.6200  2
   7.8000 -81.4900  2
   7.6400 -81.2500  2
   7.7400 -81.1300  2
   7.3200 -80.9200  2
   7.2000 -80.6500  2
   7.3000 -80.4400  2
   7.5300 -80.1400  2
   7.8000 -80.3900  2
   8.1400 -80.4700  2
   8.4600 -80.0000  2
   8.6700 -79.7200  2
   9.0100 -79.3700  2
   8.9100 -79.0000  2
   8.6200 -78.5400  2
   8.5100 -78.2600  2
   8.4800 -78.0900  2
   8.2200 -78.3200  2
   7.8700 -78.2800  2
   7.3900 -77.9200  2
   6.9900 -77.7200  2
   6.5700 -77.5400  2
   6.3300 -77.4200  2
   5.8700 -77.3300  2
   5.5800 -77.3800  2
   5.1000 -77.4300  2
   4.4400 -77.3900  2
   4.0100 -77.3900  2
   3.8900 -77.3500  2
   3.9000 -77.2400  2
   3.9600 -77.0000  2
   8.0300 -76.8900  3
   8.1900 -77.0200  2
   8.4900 -77.3000  2
   8.7900 -77.5900  2
   9.1700 -78.0000  2
   9.4400 -78.3700  2
   9.5700 -78.7200  2
   9.6100 -79.2800  2
   9.6900 -79.6700  2
   9.5500 -79.8200  2
   9.3700 -79.8700  2
   9.1900 -80.0000  2
   9.3000 -80.1300  2
   9.1700 -80.6000  2
   9.0300 -80.9400  2
   8.9600 -81.3900  2
   9.0500 -81.8700  2
   9.1200 -82.2500  2
   9.3900 -82.3500  2
   9.6100 -82.5800  2
   9.7800 -82.7700  2
   9.9700 -83.0100  2
  10.2500 -83.3100  2
  10.5800 -83.5300  2
  10.9000 -83.7100  2
  11.0500 -83.7700  2
  11.1800 -83.8100  2
  18.5900 -72.4700  3
  18.5900 -72.7900  2
  18.5400 -73.0900  2
  18.5700 -73.5500  2
  18.6100 -73.9900  2
  18.6300 -74.3400  2
  18.4800 -74.4000  2
  18.1800 -74.0700  2
  18.1100 -73.8700  2
  18.2700 -73.5000  2
  18.2000 -73.0000  2
  18.1900 -72.6300  2
  18.2300 -72.1500  2
  18.0800 -71.8400  2
  17.8200 -71.7000  2
  17.6800 -71.5600  2
  17.9700 -71.2700  2
  18.1900 -71.0700  2
  18.2400 -71.0300  2
  25.0700 -54.6500  3
  99.0000   0.0000  3
 1XX 555 119  36 100.00   0.00 GR 000   7
  10.0000 -86.0500  3
  10.0200 -85.0200  2
   9.0000 -85.0200  3
   9.9900 -85.0400  2
  11.0000 -84.9800  3
  10.0100 -81.0600  3
  10.0300 -80.0200  2
  10.0300 -79.0600  2
  11.0200 -80.0400  3
  10.0600 -80.0600  2
   9.0300 -80.0000  2
  15.0100 -80.5900  3
  15.0200 -80.0300  2
  15.0300 -79.0000  2
  15.4800 -80.0400  3
  14.9900 -80.0400  2
  14.0500 -80.0200  2
  15.0300 -76.0400  3
  15.0200 -75.0300  2
  15.0300 -74.0200  2
  16.0300 -75.0600  3
  15.0300 -75.0400  2
  14.0300 -75.0200  2
  15.0400 -71.0300  3
  15.0300 -70.0200  2
  15.0500 -68.9900  2
  16.0400 -70.0200  3
  15.0500 -70.0300  2
  14.0100 -70.0600  2
  15.0600 -66.0000  3
  15.0100 -65.0000  2
  15.0500 -63.9800  2
  16.0100 -65.0200  3
  15.0000 -64.9800  2
  14.0300 -65.0000  2
  13.5400 -70.2800  3
  99.0000   0.0000  3
 1XX 556 119 107 100.00   0.00 MA 000   7
  11.2500 -87.5000  3
  11.1200 -86.8100  3
  10.9500 -85.8800  2
  10.9300 -84.4900  3
  11.0100 -84.1000  2
  11.1800 -83.7600  3
  11.4100 -83.3900  2
  11.6300 -83.0800  3
  11.8700 -82.8600  2
  12.4200 -82.4200  3
  12.6600 -82.3400  2
  13.2200 -82.0100  3
  13.6000 -81.8300  2
  14.1000 -81.4600  3
  14.5400 -81.1800  2
  15.0900 -80.5900  3
  15.3500 -80.2500  2
  15.7900 -79.6700  3
  15.9900 -79.2900  2
  16.3100 -78.7000  3
  16.5300 -78.1500  2
  16.8700 -77.6300  3
  17.1900 -77.2300  2
  17.5100 -76.8400  3
  17.6000 -76.6900  2
  17.8600 -76.3800  3
  18.1300 -76.0200  2
  18.3700 -75.5800  3
  18.4700 -75.2500  2
  18.5900 -74.7900  3
  18.7200 -74.3600  2
  18.7500 -73.7700  3
  18.6400 -73.4200  2
  18.6300 -72.7900  3
  18.6400 -72.3800  2
  18.5500 -71.9100  3
  18.4400 -71.5300  2
  18.2300 -71.0700  3
  17.9400 -70.6100  2
  17.7000 -70.2200  2
  17.5600 -69.9200  3
  17.4700 -69.5800  2
  17.4200 -69.1600  3
  17.3700 -68.7400  2
  17.3700 -68.2000  3
  17.3800 -67.6600  2
  17.4800 -67.2200  3
  17.5200 -66.9500  2
  17.5400 -66.7000  3
  17.7300 -66.3100  2
  17.8600 -65.9800  3
  17.9500 -65.5600  2
  18.0900 -65.0700  3
  18.1700 -64.7700  2
  18.3400 -64.3100  3
  18.4400 -64.0000  3
  18.4400 -64.0000  2
  18.4800 -63.8600  3
   4.0200 -77.0300  3
   4.4000 -76.9500  2
   4.8700 -76.8200  3
   5.2900 -76.6800  2
   5.8500 -76.5600  3
   6.1900 -76.5700  2
   6.6000 -76.5200  3
   7.0400 -76.5800  2
   7.5200 -76.5700  3
   7.8200 -76.6900  2
   8.0600 -76.7100  3
   8.3500 -76.8700  2
   8.7400 -76.9500  3
   9.0200 -77.0500  2
   9.3200 -76.9700  3
   9.6200 -76.9000  2
  10.0300 -76.5900  3
  10.3400 -76.3700  2
  10.6000 -76.0100  3
  10.8800 -75.8100  2
  11.1700 -75.5800  3
  11.5000 -75.2800  2
  11.8800 -74.8000  3
  12.0100 -74.6300  2
  12.3200 -74.2800  3
  12.6900 -73.8500  2
  13.0400 -73.5000  3
  13.4100 -73.0000  3
  13.4100 -73.0000  2
  13.6300 -72.5300  3
  13.8000 -71.9400  2
  13.9300 -71.3900  3
  13.8800 -70.9400  2
  13.8300 -70.3500  3
  13.7900 -69.9700  2
  13.6500 -69.3300  3
  13.6000 -68.9800  2
  13.5100 -68.3800  3
  13.4400 -68.0600  2
  13.2700 -67.3600  3
  13.0300 -66.8400  2
  12.9300 -66.6300  3
  12.7200 -66.5700  2
  12.5300 -66.5100  3
  12.3100 -66.0400  2
  12.2200 -65.5200  3
  12.1900 -65.4100  2
  12.1700 -65.2900  3
  12.1700 -65.3000  3
  99.0000   0.0000  3
 1XX 557 119  38  10.00   0.00 TE 000   1
   9.4300 -81.9000  3
   9.5500 -81.3800  3
   9.8000 -81.2300  2
  10.2300 -80.3600  2
  10.2000 -79.9600  2
  10.4400 -79.5500  2
  10.6000 -78.8800  2
  10.5300 -78.3900  2
  10.3600 -77.8800  2
  10.1100 -77.5700  2
   9.7200 -77.3300  2
   9.3800 -77.1400  2
   9.0800 -77.0000  2
   8.8600 -76.9200  2
   8.6100 -76.8500  2
   9.6500 -81.3100  3
   9.6000 -81.1300  2
   9.8200 -81.1900  2
  10.2100 -80.6700  3
  10.0500 -80.5400  2
  10.2000 -80.4700  3
  10.2900 -79.7700  2
  10.1400 -79.6300  2
  10.3400 -79.5900  3
  10.3400 -79.5900  2
  10.5200 -79.2200  3
  10.3800 -79.1000  2
  10.5100 -79.0200  2
  10.5400 -78.5500  3
  10.4100 -78.4800  2
  10.4900 -78.3300  2
  10.2500 -77.7700  3
  10.1000 -77.7700  2
  10.1400 -77.6400  2
   9.6800 -77.3400  3
   9.5400 -77.3900  2
   9.4700 -77.2600  2
   9.4700 -77.2600  3
  99.0000   0.0000  3
 1XX 501 119  56  80.00   0.00 TA 000   2
  11.8200 -63.9400  3
  11.8900 -63.8600  2
  12.0100 -63.7300  2
  12.1500 -63.6000  2
  12.3800 -63.3700  2
  12.5900 -63.2700  2
  12.7700 -63.1600  2
  12.9300 -63.0300  2
  13.0300 -62.9600  2
  13.1000 -62.9000  2
  13.1900 -62.8300  2
  13.2400 -62.8300  2
  13.2800 -62.7800  2
  13.2100 -62.5700  2
  13.1600 -62.4100  2
  13.0900 -62.1600  2
  13.0200 -61.9400  2
  12.9700 -61.7500  2
  12.9500 -61.6300  2
  12.9400 -61.5800  2
  13.1500 -61.4900  2
  13.4400 -61.4000  2
  13.6600 -61.3500  2
  13.9000 -61.3200  2
  14.1200 -61.2900  2
  14.3500 -61.2800  2
  14.5400 -61.2300  2
  14.7600 -61.2000  2
  15.1300 -61.2200  2
  15.4400 -61.1900  2
  15.6500 -61.1900  2
  15.9100 -61.1700  2
  16.1700 -61.1500  2
  16.4000 -61.1400  2
  16.6100 -61.1500  2
  16.6700 -61.1500  2
  16.9100 -61.1400  2
  17.1300 -61.1400  2
  17.3800 -61.1800  2
  17.6100 -61.2100  2
  17.8200 -61.2100  2
  18.0400 -61.3000  2
  18.2800 -61.3600  2
  18.4900 -61.4300  2
  18.7100 -61.5200  2
  19.1000 -61.7800  2
  19.2000 -61.8300  2
  19.2800 -61.8700  2
  11.8200 -63.8400  3
  11.7900 -63.7900  2
  11.8000 -63.6800  3
  11.6900 -63.7400  2
  11.8000 -63.7500  3
  11.7600 -63.7300  2
  11.7100 -63.6800  2
  11.7100 -63.6800  3
  11.9100 -63.8800  3
  12.0300 -63.7700  2
  12.2000 -63.6200  2
  12.5100 -63.3800  2
  12.7900 -63.1800  2
  13.0000 -63.0200  2
  13.1600 -62.9200  2
  13.3200 -62.8300  2
  13.4900 -62.7400  2
  13.6800 -62.7200  2
  13.8700 -62.6800  2
  14.0600 -62.6500  2
  14.2700 -62.6600  2
  14.4000 -62.6900  2
  14.5400 -62.7000  2
  14.6600 -62.7200  2
  14.8000 -62.7200  2
  14.8800 -62.6600  2
  14.9300 -62.5400  2
  14.9400 -62.3700  2
  14.9500 -62.2600  2
  14.9500 -61.9400  2
  14.9400 -61.7500  2
  14.9400 -61.5800  2
  14.9400 -61.4200  2
  14.9800 -61.1700  2
  -4.3600 -51.9800  3
  99.0000   0.0000  3
 1XX 503 119  32 100.00   0.00 CS 000   7
  15.6600 -61.3200  3
  15.6600 -61.3600  2
  15.4000 -61.3900  2
  15.2800 -61.3100  2
  15.2700 -61.2400  2
  15.4100 -61.1700  2
  15.6100 -61.1700  2
  15.6900 -61.3700  2
  16.5500 -61.4800  3
  16.3600 -61.5800  2
  16.3800 -61.7500  2
  16.2700 -61.7900  2
  16.0900 -61.7900  2
  16.0600 -61.6500  2
  16.2300 -61.5700  2
  16.2500 -61.3800  2
  16.3500 -61.2500  2
  16.4200 -61.2600  2
  16.4500 -61.3800  2
  16.5700 -61.3900  2
  16.5500 -61.5000  2
  17.1900 -61.8000  3
  17.0700 -61.8800  2
  17.0400 -61.7800  2
  17.1400 -61.7000  2
  17.2100 -61.8400  2
  17.4700 -62.9100  3
  17.4300 -62.7700  2
  17.3200 -62.7900  2
  17.3900 -62.8800  2
  17.4800 -62.9000  2
  20.3300 -59.3300  3
  99.0000   0.0000  3
 1XX 577 118   7  43.00   0.00 SS 000   1
  19.7600 -71.8800  3
  19.8600 -71.8400  2
  20.0300 -71.9000  3
  19.9100 -71.7600  2
  20.0600 -71.7800  3
  19.9000 -71.8900  2
  99.0000   0.0000  3
 1XX 549 118  37  59.00   0.00 SS 000   2
  20.0300 -73.5500  3
  20.0000 -73.1700  2
  20.0000 -72.8300  2
  19.9400 -72.3300  2
  19.7500 -71.6800  2
  19.6400 -71.2900  2
  19.4300 -70.9700  2
  19.1900 -70.6600  2
  18.9100 -70.3700  2
  18.6800 -70.1100  2
  18.3900 -69.8000  2
  18.1700 -69.4700  2
  18.8900 -70.3900  3
  18.9900 -70.2700  2
  19.2000 -70.2700  3
  18.9700 -70.1400  2
  19.2000 -70.1200  3
  18.9500 -70.2700  2
   2.4000 -52.5900  3
  99.0000   0.0000  3
 1XX 550 118  51  15.00   0.00 SS 000   1
  20.0200 -74.0000  3
  20.1400 -73.6300  2
  20.2300 -72.8800  2
  20.2600 -72.4800  2
  20.2600 -72.1000  2
  20.2700 -71.5600  2
  20.0700 -71.0200  2
  19.9200 -70.4500  2
  19.8100 -69.9500  2
  19.6200 -69.3800  2
  19.5100 -68.9000  2
  19.4000 -68.3900  2
  19.7200 -69.6500  3
  19.6000 -69.7300  2
  19.5600 -69.7400  3
  19.4000 -69.6000  2
  19.5500 -69.5400  3
  19.4200 -69.6500  2
  20.1700 -72.4600  3
  20.1100 -72.2900  2
  20.0300 -72.0900  2
  19.8700 -71.6800  2
  19.6700 -71.1900  2
  19.5400 -70.7800  2
  19.4200 -70.3100  2
  19.3300 -69.9600  2
  19.2700 -69.5000  2
  19.2600 -69.0000  2
  19.2200 -68.4300  2
  19.2400 -68.0500  2
  19.2200 -67.7300  2
  19.2200 -67.4900  2
  19.2200 -67.4100  2
  99.0000   0.0000  3
 1XX 551 118  13 100.00   0.00 TE 000   3
  20.1400 -71.3300  3
  19.7200 -70.1100  2
  19.2500 -68.9400  2
  99.0000   0.0000  3
 1XX 506 118  18 600.00   0.00 CS 000   7
  19.9000 -71.7400  3
  19.9600 -71.6700  2
  19.9300 -70.8500  2
  19.7200 -70.0000  2
  19.5000 -69.8200  2
  19.4000 -69.3400  2
  19.3700 -69.2000  2
  19.2000 -69.5000  2
  19.1000 -69.4100  2
  19.0500 -68.8700  2
  18.8400 -68.6300  2
  18.6800 -68.3900  2
  18.3700 -68.5300  2
  18.2600 -68.7400  2
  18.4300 -69.1000  2
  18.4900 -69.7500  2
  18.4100 -70.0500  2
  18.4900 -69.6500  3
  99.0000   0.0000  3
 1XX 507 118  48  43.00   0.00 TA 000   1
  19.9400 -72.3400  3
  19.8600 -72.1000  2
  19.8000 -71.8000  2
  19.7200 -71.5300  2
  19.6200 -71.2900  2
  19.4800 -71.0700  2
  19.3200 -70.8100  2
  19.1400 -70.6200  2
  18.9600 -70.4500  2
  18.7900 -70.2300  2
  18.6700 -70.1100  2
  18.4700 -69.9000  2
  18.2600 -69.6600  2
  18.0500 -69.4200  2
  17.9300 -69.1400  2
  17.9000 -68.8800  2
  19.9500 -71.9200  3
  19.9000 -71.6800  2
  19.7900 -71.4300  2
  19.6300 -71.0200  2
  19.5800 -70.7400  2
  19.4400 -70.3600  2
  19.3700 -70.1000  2
  19.3300 -69.7700  2
  19.2800 -69.5000  2
  19.2700 -69.2400  2
  19.2800 -69.0000  2
  19.1800 -68.8000  2
  19.1900 -68.4600  2
  19.1900 -68.0300  2
  19.1800 -67.6900  2
  19.2200 -67.4800  2
  20.2500 -72.2500  3
  20.2600 -71.8300  2
  20.2500 -71.4400  2
  20.1400 -71.0400  2
  20.0000 -70.6200  2
  19.9200 -70.2300  2
  19.8300 -69.8800  2
  19.7100 -69.4400  2
  19.5800 -69.0500  2
  19.4600 -68.5600  2
  19.3400 -67.9900  2
  19.2300 -67.4100  2
  19.1800 -66.9500  2
  19.1600 -66.7800  2
  19.1600 -66.5800  2
   2.0600 -54.2500  3
  99.0000   0.0000  3
 1XX 507 118  14  84.00   0.00 TE 000   2
  20.1200 -71.3300  3
  20.0100 -71.0400  2
  19.8300 -70.5100  2
  19.6400 -70.1100  2
  19.5100 -69.9200  2
  19.3400 -69.6100  2
  19.2500 -69.2400  2
  19.2300 -68.7700  2
  19.1700 -68.2200  2
  19.0900 -67.7600  2
  19.0400 -67.3900  2
  19.0000 -67.2200  2
  18.9500 -67.0600  2
  18.9500 -67.0500  3
  99.0000   0.0000  3
 1XX 526 115  33  80.00   0.00 TE 000   2
  20.8000 -85.7200  3
  21.1100 -85.3700  2
  21.4500 -84.8800  2
  21.7300 -84.5700  2
  22.1400 -84.1600  2
  22.4600 -83.8000  2
  22.6200 -83.6200  2
  22.6900 -83.6200  2
  22.7300 -83.8000  2
  22.8100 -83.9200  2
  22.9000 -83.5700  2
  23.0500 -82.9100  2
  23.1500 -82.4400  2
  23.0900 -81.8600  2
  23.0500 -81.5400  2
  22.9800 -81.2900  2
  23.0100 -80.9300  2
  22.8200 -80.6200  2
  22.5900 -80.1700  2
  22.2400 -79.3700  2
  21.9500 -78.8300  2
  21.7100 -78.2300  2
  21.5000 -77.5700  2
  21.2600 -76.7500  2
  21.1000 -76.0500  2
  20.9100 -75.5000  2
  20.7900 -75.2300  2
  20.6400 -74.8100  2
  20.4500 -74.4400  2
  20.3000 -74.1800  2
  20.1700 -73.8900  2
  20.0600 -73.7100  2
  20.0600 -73.7000  3
  99.0000   0.0000  3
 1XX 527 115  23 100.00   0.00 TE 000   3
  21.0500 -85.0600  3
  21.7100 -84.3300  2
  22.6000 -83.2400  2
  22.7300 -81.1200  2
  22.5500 -80.7500  2
  22.3900 -80.2600  2
  22.1900 -79.7100  2
  22.0500 -79.3500  2
  21.7400 -78.7500  2
  21.5900 -78.3200  2
  21.4000 -77.8000  2
  21.2400 -77.1800  2
  21.0700 -76.6000  2
  20.9100 -76.1900  2
  20.7000 -75.7800  2
  20.5900 -75.2900  2
  20.5000 -74.9500  2
  20.3300 -74.6700  2
  20.2000 -74.4900  2
  20.0900 -74.2900  2
  20.0200 -74.1700  2
  19.9800 -74.1000  2
  19.9800 -74.1100  3
  99.0000   0.0000  3
 1XX 528 115  22  75.00   0.00 MA 000   2
  20.6200 -85.7200  3
  20.7300 -85.5600  2
  21.1000 -84.6800  2
  21.2100 -83.3100  2
  21.1800 -83.0200  2
  21.0800 -82.8300  2
  21.2400 -82.6300  2
  21.3700 -82.1700  2
  21.4000 -81.7200  2
  21.3500 -81.1700  2
  21.3000 -80.7400  2
  21.2400 -80.3100  2
  21.1300 -79.9800  2
  20.9900 -79.6100  2
  20.8200 -79.1500  2
  20.6800 -78.6100  2
  20.6100 -78.1200  2
  20.5700 -77.4300  2
  20.5500 -77.0000  2
  20.5300 -76.7000  2
  20.5100 -76.4300  2
  20.5000 -76.4300  3
  99.0000   0.0000  3
 1XX 529 115  22  75.00   0.00 SS 000   2
  17.3000 -87.3000  3
  17.5300 -87.2000  2
  17.8400 -87.0500  2
  18.2800 -86.8700  2
  18.6900 -86.7600  2
  18.9600 -86.6800  2
  19.3000 -86.5800  2
  19.5600 -86.4700  2
  19.9100 -86.2100  2
  20.1500 -86.0500  2
  20.3700 -85.9000  2
  20.5500 -85.8100  2
  20.6700 -85.7800  2
  20.7300 -85.7600  2
  20.7000 -85.7800  3
  20.6600 -85.7200  2
  20.6100 -85.6200  2
  20.6000 -85.5400  3
  20.5300 -85.3800  2
  20.7100 -85.4600  3
  20.5000 -85.4500  2
  20.5100 -85.4600  3
  99.0000   0.0000  3
 1XX 530 115  48 500.00   0.00 SS 000   2
  20.6800 -85.7700  3
  21.2500 -85.6500  2
  21.7000 -85.4500  2
  22.1900 -85.1200  2
  22.5900 -84.6100  2
  22.8700 -84.1200  2
  23.0600 -83.5700  2
  23.2500 -82.8700  2
  23.2900 -82.3000  2
  23.2600 -81.7900  2
  23.1700 -81.1900  2
  23.0300 -80.6100  2
  22.8600 -79.9700  2
  22.5800 -79.3500  2
  22.3200 -78.8500  2
  22.0200 -78.2100  2
  21.7400 -77.4600  2
  21.5300 -76.9600  2
  21.3100 -76.3800  2
  21.1500 -75.7200  2
  21.0200 -75.2400  2
  20.7900 -74.6900  2
  20.5300 -74.2700  2
  20.4400 -74.1200  2
  20.2000 -73.6900  2
  20.0700 -73.4400  2
  22.2600 -85.0200  3
  22.2000 -84.7900  2
  22.4000 -84.7800  2
  23.2400 -82.8400  3
  23.0800 -82.6700  2
  23.2500 -82.5700  2
  23.2000 -81.4000  3
  22.9900 -81.3100  2
  23.1900 -81.1300  2
  22.6800 -79.7300  3
  22.4800 -79.6900  2
  22.5500 -79.4900  2
  22.1800 -78.4600  3
  21.8800 -78.3900  2
  21.9800 -78.1700  2
  21.1800 -75.9900  3
  21.0100 -75.8600  2
  21.1600 -75.7800  2
  20.5600 -74.4200  3
  20.3600 -74.4400  2
  20.4300 -74.2300  2
  20.4300 -74.2300  3
  99.0000   0.0000  3
 1XX 534 115  45 600.00   0.00 CS 000   7
  20.5200 -77.0800  3
  20.6500 -77.3800  2
  20.7400 -78.0900  2
  21.2900 -78.6200  2
  21.5900 -78.9200  2
  21.5700 -79.5800  2
  21.7500 -80.1600  2
  22.0700 -80.6500  2
  22.0700 -81.0900  2
  22.1100 -81.6400  2
  22.2100 -82.0400  2
  22.3400 -82.1500  2
  22.4600 -81.8700  2
  22.6000 -82.1200  2
  22.6100 -82.8600  2
  22.4200 -83.2600  2
  22.2500 -83.5800  2
  22.0900 -83.9800  2
  21.8500 -84.4000  2
  21.8200 -84.6300  2
  21.8400 -84.9400  2
  22.0400 -84.6500  2
  22.3500 -84.5100  2
  22.6400 -84.2600  2
  22.9100 -83.7800  2
  23.0500 -83.2400  2
  23.1700 -82.6500  2
  23.2200 -82.0300  2
  23.1700 -81.3900  2
  23.0000 -80.2200  2
  22.7000 -79.7700  2
  22.4200 -79.0700  2
  22.2700 -78.5800  2
  22.0300 -78.1200  2
  21.7200 -77.4400  2
  21.4300 -76.9000  2
  21.2500 -76.3700  2
  21.1900 -75.8500  2
  20.8400 -75.7500  2
  20.8200 -75.2900  2
  20.6800 -74.8800  2
  20.4100 -74.5500  2
  20.3400 -74.3100  2
  20.2000 -74.4300  2
  20.1700 -74.5100  3
  99.0000   0.0000  3
 2XX 576 205  57  10.00   0.00 TE 000   1
  12.2800 -74.1800  3
  12.8000 -73.7900  2
  13.1600 -73.3200  2
  13.6500 -72.1200  2
  13.8300 -71.6000  2
  13.8000 -70.9500  2
  13.7000 -70.1400  2
  13.6000 -69.4700  2
  13.4400 -68.5700  2
  13.2600 -67.7900  2
  13.1300 -67.2800  2
  12.8200 -66.7300  2
  12.5800 -66.6000  2
  12.4200 -66.5700  2
  12.9500 -73.6400  3
  12.8900 -73.5000  2
  13.0800 -73.4700  2
  13.7600 -71.7500  3
  13.5600 -71.5300  2
  13.7300 -71.4200  2
  13.6300 -69.5300  3
  13.4500 -69.4400  2
  13.5700 -69.3000  2
  13.3000 -67.7000  3
  13.0700 -67.6100  2
  13.1900 -67.4600  2
  11.4400 -73.6700  3
  11.6100 -73.4800  2
  11.8100 -73.1900  2
  12.1300 -72.8400  2
  12.3800 -72.3300  2
  12.5000 -71.9100  2
  12.5600 -71.5400  2
  12.5700 -70.9900  2
  12.5000 -70.3500  2
  12.3200 -69.7900  2
  12.1200 -69.2800  2
  11.9800 -68.6700  2
  11.7600 -67.8500  2
  11.5300 -67.1000  2
  11.4400 -66.6400  2
  11.3700 -66.4300  2
  11.4300 -66.1800  2
  11.3900 -65.7100  2
  11.3400 -65.2000  2
  11.3500 -64.6300  2
  11.3500 -64.0800  2
  11.3600 -63.5400  2
  11.3400 -62.9400  2
  11.3100 -62.2000  2
  11.2300 -61.7000  2
  11.1700 -61.0000  2
  11.0800 -60.5600  2
  10.9600 -60.0600  2
  10.8900 -59.5400  2
  10.8200 -59.2600  2
  10.8200 -59.2600  3
  99.0000   0.0000  3
 2XX 576 205   7  10.00   0.00 TE 000   1
  11.3900 -63.2300  3
  11.2600 -63.2300  2
  11.5400 -63.1400  3
  11.3600 -63.2800  2
  11.5500 -63.3200  3
  11.3500 -63.1400  2
  12.4600 -59.3500  3
  99.0000   0.0000  3
 2XX 566 202  45  10.00   0.00 SS 000   1
   0.5900 -77.4300  3
   1.1000 -76.9100  2
   2.1500 -75.7900  2
   3.2200 -74.5200  2
   3.6100 -74.1400  2
   4.1600 -73.6000  2
   4.5700 -73.2200  2
   4.8700 -72.9200  2
   5.1000 -72.7300  2
   5.3000 -72.5300  2
   5.3800 -72.4700  2
   4.7500 -73.4400  3
   4.5800 -73.3000  2
   4.9000 -73.4600  3
   4.7300 -73.5200  2
   4.9200 -73.6200  3
   4.7700 -73.4300  2
  11.4200 -74.2000  3
  11.0700 -74.1800  2
  10.8100 -74.1400  2
  10.4800 -74.1000  2
  10.0600 -74.0500  2
   9.7300 -73.9600  2
   9.3600 -73.7600  2
   8.9200 -73.5700  2
   8.5700 -73.4300  2
   8.1500 -73.3100  2
   7.7800 -73.2200  2
   7.3700 -73.1000  2
   7.1300 -73.0300  2
   6.9800 -72.9800  3
   6.7500 -72.9100  2
   6.5500 -72.8400  3
   6.2900 -72.8100  2
   6.0900 -72.7200  3
   5.8000 -72.6700  2
   5.6400 -72.6100  3
   5.4000 -72.5700  2
   7.7700 -73.2300  3
   7.7000 -73.3300  2
   7.7600 -73.4400  3
   7.5800 -73.5300  2
   7.7400 -73.5800  3
   7.6400 -73.4200  2
   7.6300 -73.4200  3
  99.0000   0.0000  3
 2XX 567 202  35 180.00   0.00 MA 000   4
   0.7200 -77.5900  3
   1.3600 -77.0600  3
   2.0800 -76.8600  2
   2.7600 -76.4800  3
   2.8700 -76.4300  2
   3.2400 -76.2500  3
   3.5400 -76.0900  2
   3.9000 -75.9000  3
   4.0700 -75.8600  2
   4.3900 -75.7300  3
   4.6100 -75.7100  2
   4.9800 -75.6500  3
   5.3100 -75.6300  2
   5.6000 -75.5700  3
   5.7800 -75.6300  2
   6.2400 -75.6900  3
   6.4600 -75.7000  2
   6.8200 -75.7000  3
   7.1100 -75.6500  2
   7.4700 -75.5900  3
   7.7200 -75.5900  2
   8.0900 -75.5600  3
   8.3300 -75.5700  2
   8.7000 -75.5500  3
   9.0000 -75.4900  2
   9.4900 -75.3600  3
   9.7300 -75.2400  2
  10.1100 -74.9600  3
  10.2300 -74.8400  2
  10.4900 -74.5700  3
  10.5100 -74.5600  2
  10.6900 -74.3200  3
  10.7300 -74.2600  2
  10.8000 -74.1800  2
   0.7100 -60.4200  3
  99.0000   0.0000  3
 2XX 568 202  18  84.00   0.00 TE 000   2
   1.1500 -78.7200  3
   1.9900 -78.3400  2
   3.1700 -77.5900  2
   4.4000 -76.8500  2
   4.9900 -76.7000  2
   5.7900 -76.6100  2
   6.5500 -76.5800  2
   7.2000 -76.5200  2
   7.9900 -76.2800  2
   8.7000 -76.0400  2
   9.3500 -75.8200  2
   9.9800 -75.5300  2
  10.3700 -75.3600  2
  10.9400 -75.0900  2
  11.3100 -74.6100  2
  11.4400 -74.3300  2
  11.4600 -74.2400  2
  11.4700 -74.2100  3
  99.0000   0.0000  3
 2XX 569 202  13 600.00   0.00 GR 000   7
   5.0400 -76.0300  3
   5.0600 -75.0300  2
   5.0600 -74.0200  2
   6.0300 -75.0500  3
   5.0600 -75.0400  2
   4.0600 -75.0200  2
  10.0500 -76.0500  3
  10.0300 -75.0300  2
  10.0200 -74.0700  2
  11.0500 -75.0000  3
  10.0300 -75.0400  2
   9.0300 -75.0400  2
   9.0300 -75.0300  3
  99.0000   0.0000  3
 2XX 570 202  25  10.00   0.00 TE 000   1
   6.8600 -76.6100  3
   7.7400 -76.7000  2
   8.4900 -76.8600  2
   9.6900 -76.8400  2
  10.0900 -76.5700  2
  10.5500 -76.1800  2
  10.7200 -75.8400  2
  10.9100 -75.7100  2
  11.2400 -75.5500  2
  11.4500 -75.2400  2
  11.8400 -74.7900  2
  12.1300 -74.5200  2
  12.2700 -74.3300  2
  12.3500 -74.1600  2
  12.4300 -74.0200  2
   9.6500 -76.8100  3
   9.6200 -76.6000  2
   9.8200 -76.6800  2
  10.9000 -75.7700  3
  10.8900 -75.5800  2
  11.0500 -75.7000  2
  11.7900 -74.8400  3
  11.7100 -74.6300  2
  11.9200 -74.6700  2
  11.9200 -74.6600  3
  99.0000   0.0000  3
 1XX 561 120  23  10.00   0.00 TE 000   1
  19.2700 -61.8200  3
  18.9300 -61.1000  2
  17.8900 -59.9700  2
  16.5700 -59.2500  2
  16.2300 -59.1000  2
  15.7000 -58.7600  2
  15.3400 -58.4700  2
  15.0100 -58.1200  2
  14.7100 -57.8700  2
  14.3400 -57.7700  2
  13.8900 -57.6500  2
  13.2700 -57.5600  2
  12.7400 -57.5200  2
  12.2500 -57.4400  2
  11.6400 -57.4000  2
  11.0200 -57.6300  2
  10.5800 -57.8600  2
  10.4300 -58.0000  2
  10.3800 -58.1600  2
  10.5200 -58.5900  2
  10.6300 -58.8500  2
  10.7600 -59.1300  2
   8.0400 -46.0900  3
  99.0000   0.0000  3
 1XX 562 120  17  80.00   0.00 TE 000   1
  16.4700 -60.5200  3
  16.0500 -60.3300  2
  15.6000 -60.0200  2
  15.1000 -59.8200  2
  14.7000 -59.9000  2
  14.3100 -59.8400  2
  13.9800 -59.6300  2
  13.5700 -59.5000  2
  13.2100 -59.5000  2
  12.7600 -59.5500  2
  12.2200 -59.7000  2
  11.6900 -59.8200  2
  11.3300 -59.8800  2
  11.2100 -59.9000  3
  99.0000   0.0000  3
 1XX 502 120  56  80.00   0.00 TA 000   2
  19.1400 -61.8100  3
  18.9700 -61.7300  2
  18.7900 -61.6000  2
  18.6600 -61.5200  2
  18.5200 -61.4400  2
  18.3200 -61.3200  2
  18.0700 -61.2600  2
  17.9000 -61.2100  2
  17.6600 -61.1800  2
  17.4500 -61.1500  2
  17.2000 -61.1300  2
  16.9000 -61.1200  2
  16.6200 -61.1400  2
  16.3400 -61.1400  2
  15.9800 -61.1300  2
  15.6100 -61.1300  2
  15.2700 -61.1400  2
  15.0000 -61.1600  2
  14.9400 -61.1700  2
  14.7900 -61.1800  2
  14.4800 -61.2500  2
  14.2000 -61.2800  2
  13.8500 -61.3600  2
  13.5400 -61.3800  2
  13.2700 -61.4500  2
  12.9900 -61.5400  2
  12.7800 -61.6300  2
  12.5900 -61.6700  2
  12.4900 -61.7300  2
  12.4000 -61.7900  2
  12.3200 -61.8500  2
  12.1600 -61.9400  2
  12.0300 -62.0400  2
  11.8900 -62.1400  2
  11.8000 -62.2100  2
  11.7200 -62.2800  2
  13.2600 -62.8300  3
  13.1500 -62.8700  2
  12.9300 -62.9900  2
  12.7900 -63.1000  2
  12.6100 -63.1900  2
  12.4800 -63.3000  2
  12.3600 -63.4400  2
  12.2000 -63.5700  2
  12.0900 -63.6700  2
  11.9300 -63.8100  2
  11.8700 -63.8600  2
  11.8600 -63.8600  3
  11.7400 -63.7700  2
  11.7900 -63.6000  3
  11.7300 -63.6500  2
  11.6500 -63.7300  2
  11.7900 -63.7200  3
  11.7400 -63.6700  2
  11.6800 -63.6400  2
  11.6800 -63.6300  3
  99.0000   0.0000  3
 1XX 503 120  27 100.00   0.00 CS 000   7
  12.2300 -61.5900  3
  12.2000 -61.6900  2
  12.0700 -61.7400  2
  12.0900 -61.6100  2
  12.2300 -61.5900  2
  13.3700 -61.0700  3
  13.1300 -61.0900  2
  13.1700 -61.0400  2
  13.2700 -61.0000  2
  13.3700 -61.0000  2
  14.1100 -60.9000  3
  13.9500 -60.9600  2
  13.7900 -61.0100  2
  13.7900 -60.9000  2
  13.8600 -60.8500  2
  14.0400 -60.8700  2
  14.0600 -60.8800  2
  14.9400 -61.1800  3
  14.8700 -61.1600  2
  14.6700 -61.1100  2
  14.5200 -60.9900  2
  14.5100 -60.8700  2
  14.6400 -60.9100  2
  14.8100 -61.0000  2
  14.9200 -61.0700  2
  14.9500 -61.1600  2
  14.9400 -61.1600  3
  99.0000   0.0000  3
 1XX 530 114  27  75.00   0.00 MA 000   2
  17.5600 -86.7700  3
  17.7700 -86.5200  2
  18.0100 -86.3000  2
  18.2400 -85.9900  2
  18.5100 -85.5400  2
  18.7800 -85.0100  2
  19.1300 -84.5600  2
  19.4300 -84.1000  2
  19.6900 -83.6600  2
  19.9300 -83.2100  2
  20.1400 -82.7800  2
  20.1100 -82.5500  2
  20.2800 -82.3300  2
  20.4300 -82.0500  2
  20.6100 -81.5200  2
  20.7100 -80.8000  2
  20.7200 -80.2900  2
  20.5600 -79.6900  2
  20.4000 -79.2200  2
  20.2900 -78.5100  2
  20.2800 -77.9100  2
  20.3200 -77.4000  2
  20.3100 -76.9900  2
  20.3200 -76.7400  2
  20.3400 -76.6000  2
  20.3500 -76.5200  2
  20.3600 -76.5300  3
  99.0000   0.0000  3
 1XX 531 114  27  43.00   0.00 SS 000   1
  17.3500 -87.1800  3
  17.5100 -86.7500  2
  17.6800 -86.1800  2
  18.0300 -85.1500  2
  18.1200 -84.7400  2
  18.2700 -84.2400  2
  18.4200 -83.7200  2
  18.5700 -83.2200  2
  18.7200 -82.7600  2
  18.8500 -82.2700  2
  18.9100 -81.8100  2
  19.0100 -81.2400  2
  19.1200 -80.8600  2
  19.2400 -80.3600  2
  19.3200 -79.7000  2
  19.3900 -79.1500  2
  19.4500 -78.4800  2
  19.5400 -78.0000  2
  19.6400 -77.4200  2
  19.7600 -76.8000  2
  19.8500 -76.3900  2
  19.8700 -75.8500  2
  19.8600 -75.4000  2
  19.8600 -74.9500  2
  19.8900 -74.5600  2
  19.9700 -74.2000  2
  20.0700 -74.1500  3
  99.0000   0.0000  3
 1XX 532 114   7 600.00   0.00 CS 000   7
  20.3800 -77.1600  3
  20.0300 -77.7300  2
  19.9800 -75.9200  2
  20.0500 -74.7300  2
  20.1300 -74.5000  2
  20.1800 -74.3500  2
  20.1800 -74.3500  3
  99.0000   0.0000  3
 1XX 533 114  13 600.00   0.00 GR 000   7
  20.0200 -81.0300  3
  20.0000 -80.0000  2
  20.9800 -79.9900  3
  19.0000 -80.0100  2
  20.0200 -80.0300  3
  19.9800 -78.9700  2
  20.0200 -76.0300  3
  20.0600 -75.0000  2
  20.0200 -73.9900  2
  20.3400 -74.9900  3
  20.0300 -75.0000  2
  19.5700 -74.9800  2
  19.5700 -74.9900  3
  99.0000   0.0000  3
 1XX 503 121  21 100.00   0.00 CS 000   7
  18.5000 -67.2400  3
  18.3300 -67.2600  2
  18.0200 -67.1100  2
  17.9600 -66.2700  2
  18.0500 -66.0200  2
  18.2300 -65.7700  2
  18.4500 -65.8400  2
  18.5100 -65.9400  2
  18.5200 -66.4800  2
  18.5100 -66.8900  2
  18.5400 -67.1700  2
  18.5000 -67.2300  2
  18.3300 -67.2700  2
  18.1700 -67.1800  2
  18.0100 -67.1300  2
  18.4400 -64.9300  3
  18.4000 -65.0300  2
  18.3400 -65.0200  2
  18.3600 -64.9200  2
  18.4600 -64.9400  2
  18.4600 -64.9400  3
  99.0000   0.0000  3
 1XX 504 121  43  10.00   0.00 TA 000   1
  18.1400 -69.7100  3
  18.1400 -69.3400  2
  18.1400 -69.3400  2
  18.2200 -68.6800  2
  18.3000 -68.3500  2
  18.4400 -68.0700  2
  18.6200 -67.7700  2
  18.8300 -67.3900  2
  18.9500 -67.1200  2
  19.0500 -66.8300  2
  19.1300 -66.5700  2
  19.1600 -65.9900  2
  19.2200 -65.5200  2
  19.2700 -65.1400  2
  19.3300 -64.7700  2
  19.3900 -64.3800  2
  19.4500 -63.9800  2
  19.5000 -63.5300  2
  19.5100 -63.1500  2
  19.5000 -62.7100  2
  19.4100 -62.3000  2
  19.3200 -61.9500  2
  19.0300 -61.3400  2
  18.8300 -60.8800  2
  18.5400 -60.5900  2
  18.1000 -69.6800  3
  17.9600 -69.2900  2
  17.9000 -68.8900  2
  17.8700 -68.3300  2
  17.8400 -67.5200  2
  17.8500 -66.5700  2
  17.8300 -65.9800  2
  17.9500 -65.4100  2
  18.1000 -64.8400  2
  18.2400 -64.4900  2
  18.4100 -64.1200  2
  18.6500 -63.7000  2
  18.8900 -63.1100  2
  19.0800 -62.6400  2
  19.1600 -62.3400  2
  19.2500 -62.0600  2
  19.3000 -61.9300  2
  19.3100 -61.9200  3
  99.0000   0.0000  3
 1XX 542 116  34   1.00   0.00 SS 000   1
  17.7800 -81.8200  3
  17.8100 -81.4500  2
  17.8600 -81.1000  2
  18.0700 -80.0600  2
  18.2400 -79.5600  2
  18.3300 -79.1100  2
  18.4700 -78.6600  2
  18.5300 -78.2100  2
  18.5800 -77.8800  2
  18.6200 -77.5100  2
  18.5700 -77.1700  2
  18.5200 -76.8900  2
  18.3600 -76.6000  2
  18.2900 -76.2200  2
  18.3400 -75.8700  2
  18.4100 -75.6200  2
  18.5500 -75.0900  2
  18.6400 -74.7000  2
  18.6900 -74.2300  2
  18.7200 -73.8000  2
  18.6600 -73.2700  2
  18.6200 -72.8100  2
  18.5700 -72.3000  2
  18.4900 -71.8200  2
  18.3800 -71.4100  2
  18.2300 -70.9700  2
  18.1200 -70.6700  2
  18.5000 -78.5800  3
  18.6600 -78.5800  2
  18.8100 -78.6500  3
  18.6900 -78.5400  2
  18.7000 -78.6500  3
  18.8400 -78.5300  2
  18.8500 -78.4900  3
  99.0000   0.0000  3
 1XX 577 116  15  10.00   0.00 SS 000   1
  18.3000 -79.1800  3
  18.4800 -79.1600  2
  18.6700 -79.3000  3
  18.6000 -79.2100  2
  18.5300 -79.1700  2
  18.6700 -79.1700  3
  18.5900 -79.2200  2
  18.4900 -79.2700  2
  19.0400 -72.2700  3
  18.9300 -72.3300  2
  18.9700 -72.4400  3
  18.8000 -72.2900  2
  18.9200 -72.2900  3
  18.8300 -72.4400  2
  18.8300 -72.4200  3
  18.9000 -81.6400  3
  19.0400 -81.0600  2
  19.2700 -79.7400  2
  19.6200 -77.7900  2
  19.7400 -77.1900  2
  19.8000 -76.6700  2
  19.8700 -75.9900  2
  19.8700 -75.4500  2
  19.8700 -74.8500  2
  19.8800 -74.5800  2
  19.9200 -74.3900  2
  10.8800 -60.4800  3
  19.8700 -74.3700  3
  19.7300 -73.8500  2
  19.3600 -72.7800  2
  18.8700 -71.7900  2
  18.7300 -71.4400  2
  18.5600 -71.1300  2
  18.3500 -70.8800  2
  18.1600 -70.7200  2
  18.0500 -70.6000  2
  17.9900 -70.5500  2
  19.7400 -73.8700  3
  19.6400 -73.8900  2
  19.5900 -73.9100  2
  19.5700 -74.0700  3
  19.3800 -73.9400  2
  19.5400 -73.9200  3
  19.3600 -74.0800  2
  99.0000   0.0000  3
 1XX 545 116  11  45.00   0.00 MA 000   1
  18.6200 -76.6800  3
  18.7900 -76.4300  2
  19.0000 -76.1200  2
  19.2100 -75.7900  2
  19.3000 -75.5100  2
  19.3900 -75.1400  2
  19.5300 -74.6400  2
  19.6200 -74.4200  2
  19.7500 -74.1600  2
  19.8000 -74.0400  2
  19.8000 -74.0400  3
  99.0000   0.0000  3
 1XX 553 116   8 100.00   0.00 CS 000   7
  19.2800 -72.8000  3
  18.7900 -72.5100  2
  18.7400 -72.8700  3
  18.9300 -73.3600  2
  18.8100 -73.2400  2
  18.7500 -72.9800  2
  18.7400 -72.8800  2
  18.7400 -72.8700  3
  99.0000   0.0000  3
 2XX 571 203  91  10.00   0.00 SS 000   1
   5.3200 -72.5500  3
   5.7500 -72.2000  2
   6.3000 -71.9400  2
   7.1900 -72.3300  2
   7.3500 -72.3500  2
   7.5200 -71.9900  2
   7.8300 -71.6200  2
   8.1100 -71.3100  2
   8.4400 -70.9800  2
   8.8400 -70.7600  2
   9.1600 -70.5400  2
   9.3800 -70.2800  2
   9.6600 -69.9200  2
   9.9000 -69.5300  2
  10.1200 -69.1700  2
  10.3700 -68.7200  2
  10.5300 -68.4100  2
  10.7300 -67.9800  2
  10.8300 -67.7600  2
  10.8700 -67.6800  2
  11.1100 -67.3000  2
  11.2300 -66.9700  2
  11.3000 -66.6600  2
  11.3500 -66.4100  2
  10.7200 -68.4800  3
  10.5800 -68.3800  2
  10.8900 -68.4100  3
  10.6600 -68.4900  2
  10.8500 -68.5400  3
  10.6800 -68.4000  2
  11.4500 -74.2100  3
  11.2500 -74.2100  2
  11.0400 -74.1800  2
  10.7100 -74.1200  2
  10.3500 -74.0600  2
  10.0500 -74.0500  2
   9.7100 -73.9500  2
   9.3400 -73.7200  2
   8.9700 -73.5900  2
   8.4900 -73.4500  2
   8.1200 -73.3200  2
   7.7200 -73.1900  2
   7.4100 -73.1000  2
   7.0800 -73.0100  2
   6.9000 -72.9400  2
   6.7700 -72.8900  3
   6.5400 -72.8400  2
   6.3400 -72.7700  3
   6.1500 -72.7400  2
   5.9500 -72.6800  3
   5.7700 -72.6600  2
   5.5700 -72.6000  3
   5.5000 -72.6000  2
   8.7300 -73.5200  3
   8.7700 -73.3800  2
   8.8700 -73.3500  3
   8.7500 -73.1700  2
   8.9300 -73.2300  3
   8.7200 -73.3000  2
  11.4600 -74.1900  3
  11.4200 -73.9400  2
  11.3400 -73.6200  2
  11.2700 -73.2400  2
  11.2500 -72.7600  2
  11.2200 -72.3600  2
  11.2100 -71.8900  2
  11.1900 -71.4000  2
  11.2200 -71.0800  2
  11.3300 -70.7400  2
  11.3500 -70.2900  2
  11.4600 -69.8400  2
  11.5000 -69.2800  2
  11.4400 -68.8700  2
  11.3600 -68.4800  2
  11.2200 -68.0200  2
  11.1000 -67.6700  2
  11.0600 -67.3600  2
  11.1100 -67.1800  2
  11.1900 -71.9300  3
  11.0200 -71.9100  2
  10.9900 -72.0200  3
  10.8600 -71.8800  2
  11.0000 -71.8800  3
  10.8700 -72.0100  2
   7.1500 -72.2400  3
   6.8600 -72.2900  2
   6.9800 -72.0200  2
   6.6500 -71.8900  3
   6.5700 -72.0800  2
   6.4300 -71.8700  2
   6.4000 -71.8700  3
  99.0000   0.0000  3
 2XX 572 203  25 600.00   0.00 CS 000   7
  11.1700 -71.6500  3
  11.0000 -71.6200  2
  10.5900 -71.6600  2
  10.0400 -71.9700  2
   9.7800 -71.9700  2
   9.4900 -71.7300  2
   9.1200 -71.5000  2
   9.1400 -71.2300  2
   9.4400 -71.0600  2
   9.8500 -71.1400  2
  10.3400 -71.3300  2
  10.6400 -71.4400  2
  10.8900 -71.3600  2
  11.1300 -71.0400  2
  11.2800 -70.6800  2
  11.4500 -70.3000  2
  11.4900 -69.8300  2
  11.5200 -69.4400  3
  11.3800 -69.1000  2
  11.3200 -68.5500  2
  11.2100 -68.3700  2
  10.9900 -68.2400  2
  10.7900 -68.1600  2
  10.6600 -68.1100  2
  10.6500 -68.0900  3
  99.0000   0.0000  3
 2XX 572 203   7 600.00   0.00 CS 000   7
  10.0300 -71.0500  3
  10.0900 -70.0000  2
  10.0400 -69.3600  2
  11.0500 -70.0300  3
  10.0800 -70.0000  2
   9.5700 -70.0300  2
   9.5700 -70.0300  3
  99.0000   0.0000  3
 1XX 577 117  13  43.00   0.00 SS 000   1
  19.7200 -73.9000  3
  19.8400 -73.8700  2
  20.0000 -73.9100  3
  19.8600 -73.7900  2
  20.0000 -73.8100  3
  19.8700 -73.9100  2
  18.8400 -70.3800  3
  18.7300 -70.4800  2
  18.8500 -70.6200  3
  18.6700 -70.4900  2
  18.8200 -70.4900  3
  18.6900 -70.6100  2
  25.4100 -60.8900  3
  99.0000   0.0000  3
 1XX1181 117   7  43.00   0.00 SS 000   1
  19.7700 -71.8600  3
  19.9100 -71.8400  2
  20.0800 -71.9100  3
  19.9000 -71.7500  2
  20.0700 -71.7600  3
  19.9400 -71.8600  2
  19.9100 -71.8400  3
  99.0000   0.0000  3
 1XX 546 117  22  21.00   0.00 SS 000   1
  19.9100 -74.3100  3
  19.7500 -73.8800  2
  19.6500 -73.5300  2
  19.4200 -72.9400  2
  19.2900 -72.7100  2
  19.1500 -72.4200  2
  19.0300 -72.1400  2
  18.9000 -71.8000  2
  18.8000 -71.5300  2
  18.7300 -71.3300  2
  18.5600 -71.0500  2
  18.3900 -70.8500  2
  18.1900 -70.7100  2
  18.0500 -70.5900  2
  17.9800 -70.5500  2
  19.0600 -72.2800  3
  19.2100 -72.1600  2
  19.3300 -72.1800  3
  19.1700 -71.9900  2
  19.3700 -71.9800  3
  19.1500 -72.1300  2
  24.7400 -60.9600  3
  99.0000   0.0000  3
 1XX 547 117  21  59.00   0.00 SS 000   2
  20.1000 -73.5200  3
  20.0800 -73.1800  2
  19.9600 -72.4900  2
  19.8000 -71.7400  2
  19.6700 -71.3700  2
  19.4600 -71.0200  2
  19.1900 -70.6800  2
  18.9700 -70.4100  2
  18.7600 -70.2000  2
  18.5300 -69.9800  2
  18.2700 -69.7300  2
  18.1100 -69.5300  2
  17.9800 -69.2900  2
  17.9200 -69.0300  2
  17.9300 -68.8100  2
  17.9000 -68.4000  2
  17.8800 -68.0500  2
  17.8400 -67.2400  2
  17.8100 -66.5700  2
  17.8000 -66.2800  2
  25.1200 -58.5800  3
  99.0000   0.0000  3
 1XX 548 117  21  20.00   0.00 TE 000   1
  18.2300 -70.8300  3
  17.9900 -70.5900  2
  17.6100 -70.0600  2
  17.4000 -69.1200  2
  17.3400 -68.4200  2
  17.3500 -67.8900  2
  17.3700 -67.5600  2
  17.5300 -67.0600  2
  17.6300 -66.6900  2
  17.7400 -66.3900  2
  17.7800 -66.2000  2
  17.5400 -69.9100  3
  17.6700 -69.6900  2
  17.4800 -69.6100  2
  17.4100 -68.8700  3
  17.6200 -68.6900  2
  17.4300 -68.5400  2
  17.3500 -67.6900  3
  17.5400 -67.6100  2
  17.4100 -67.4600  2
  25.1100 -57.4000  3
  99.0000   0.0000  3
 1XX 552 117  12 100.00   0.00 CS 000   7
  19.7800 -71.8400  3
  19.7600 -72.4300  2
  19.8800 -73.3200  2
  19.5300 -72.8500  2
  19.2900 -72.8000  2
  18.4200 -70.9400  3
  18.4300 -70.7500  2
  18.2000 -70.6500  2
  18.2500 -70.3300  2
  18.3900 -70.1100  2
  18.4400 -70.0200  2
  19.5700 -68.4500  3
  99.0000   0.0000  3
 1XX 515 111  13 600.00   0.00 GR 000   7
  20.0200 -95.4600  3
  20.0100 -95.0200  2
  19.9800 -94.0000  2
  20.9900 -94.9900  3
  20.0200 -95.0000  2
  19.3300 -95.0100  2
  19.9900 -91.0300  3
  19.9800 -89.9900  2
  19.9700 -88.9900  2
  20.9800 -89.9700  3
  19.9900 -89.9700  2
  18.9800 -90.0100  2
  28.8800 -77.0400  3
  99.0000   0.0000  3
 1XX 516 111  62 600.00   0.00 CS 000   7
  18.2800 -94.1900  3
  18.3200 -94.0200  2
  18.4500 -93.8100  2
  18.5100 -93.4600  2
  18.5300 -93.0200  2
  18.6400 -92.6900  2
  18.8200 -92.3700  2
  18.7400 -92.1000  2
  18.6900 -91.9500  2
  18.5600 -91.7400  2
  18.6000 -91.4700  2
  18.7600 -91.3000  2
  18.9700 -91.3300  2
  19.1600 -91.1100  2
  19.4800 -90.8600  2
  19.8400 -90.7300  2
  20.1300 -90.5900  2
  20.5200 -90.5400  2
  20.9200 -90.4500  2
  21.2100 -90.2700  2
  21.3500 -89.9400  2
  21.4300 -89.4900  2
  21.4400 -89.0300  2
  21.6100 -88.5800  2
  21.6600 -88.1300  2
  21.6600 -87.9000  2
  21.5000 -87.7800  2
  21.5000 -87.6800  2
  21.5700 -87.5200  2
  21.5500 -87.2200  2
  21.5200 -86.9800  2
  21.3200 -86.9100  2
  21.0700 -86.9300  2
  20.6600 -87.1700  2
  20.4300 -87.4100  2
  20.0900 -87.4900  2
  19.8100 -87.6500  2
  19.6500 -87.5900  2
  19.4600 -87.6300  2
  19.2700 -87.6000  2
  18.8900 -87.6700  2
  18.4400 -87.8500  2
  18.1500 -87.9100  2
  18.2100 -88.0100  2
  18.4200 -88.0200  2
  18.5200 -88.0900  2
  18.8000 -88.1200  2
  18.7300 -88.2900  2
  18.4500 -88.3700  2
  18.2700 -88.1700  2
  17.9100 -88.2600  2
  17.5500 -88.2900  2
  17.1000 -88.3200  2
  16.7200 -88.4100  2
  16.5300 -88.5600  2
  16.2900 -88.8000  2
  16.0300 -88.9100  2
  15.9200 -88.8500  2
  15.8100 -88.6900  2
  15.8100 -88.5000  2
  15.7400 -88.3600  2
  15.7400 -88.3700  3
  99.0000   0.0000  3
 1XX 517 111  36 160.00   0.00 SS 000   4
  23.1400 -97.5000  3
  22.8000 -97.4200  2
  22.2700 -97.1100  2
  21.6400 -96.7300  2
  21.3300 -96.5700  2
  21.0600 -96.3900  2
  20.6200 -96.0100  2
  20.2500 -95.6800  2
  19.9000 -95.4000  2
  19.5600 -95.1500  2
  19.2700 -94.9600  2
  18.8800 -94.6800  2
  18.6400 -94.4900  2
  18.3300 -94.2500  2
  18.1200 -94.0500  2
  17.8400 -93.8400  2
  17.5600 -93.6100  2
  17.3300 -93.3800  2
  17.0400 -93.1000  2
  16.8300 -92.8700  2
  16.6300 -92.5900  2
  16.5200 -92.3100  2
  16.3200 -91.9500  2
  16.1400 -91.6500  2
  16.0000 -91.3500  2
  15.8400 -91.0000  2
  15.6700 -90.7200  2
  15.5400 -90.4300  2
  15.4200 -90.1800  2
  15.3700 -89.9800  2
  15.3300 -89.9300  2
  15.2900 -89.6900  2
  15.2500 -89.5100  2
  15.2300 -89.3300  2
  15.2100 -89.2300  2
  15.2100 -89.2300  3
  99.0000   0.0000  3
 1XX 519 111  35 180.00   0.00 MA 000   4
  15.4000 -89.0800  3
  15.5600 -88.7900  2
  16.0200 -88.4500  2
  16.5600 -88.0800  2
  16.7600 -87.9200  2
  16.9500 -87.7200  2
  17.2300 -87.4600  2
  17.5300 -87.2400  2
  17.8400 -87.1300  2
  18.2400 -87.0200  2
  18.7000 -86.8700  2
  19.1000 -86.6900  2
  19.4500 -86.4900  2
  19.7800 -86.3100  2
  20.0500 -86.1600  2
  20.2500 -86.0100  2
  20.3600 -85.9100  2
  20.4900 -85.7800  2
  20.6600 -85.6900  2
  20.8400 -85.5900  2
  21.1300 -85.1500  2
  21.2400 -84.7400  2
  21.3000 -84.4400  2
  21.4200 -84.0400  2
  21.4800 -83.6700  2
  21.5500 -83.3100  2
  21.6600 -82.9800  2
  21.7000 -82.5500  2
  21.8300 -82.2900  2
  21.9700 -82.1300  2
  22.0900 -81.9900  2
  22.2100 -81.8700  2
  22.2300 -81.8500  2
  22.2800 -81.7800  2
  22.2900 -81.7800  3
  99.0000   0.0000  3
 1XX 519 111  11 180.00   0.00 MA 000   4
  17.0400 -87.8100  3
  17.0200 -87.7400  2
  17.0000 -87.7000  2
  16.9900 -87.6700  2
  16.9400 -87.6000  2
  16.9400 -87.5900  2
  17.1800 -87.9000  3
  17.0200 -87.8200  2
  17.0100 -87.9400  3
  17.1700 -87.8100  2
  17.2600 -87.7600  3
  99.0000   0.0000  3
 1XX 520 111  25 180.00   0.00 NO 000   4
  19.9000 -92.2300  3
  20.3100 -92.3700  2
  20.9000 -92.5400  2
  21.4600 -92.6200  2
  22.0000 -92.6800  2
  22.2800 -92.2100  2
  22.5900 -91.5700  2
  22.9200 -90.7200  2
  23.0500 -90.2800  2
  23.3600 -90.1600  2
  23.6900 -89.7000  2
  24.0400 -89.1200  2
  24.3400 -88.6200  2
  24.6100 -88.5500  2
  24.8300 -87.9100  2
  24.8300 -87.1600  2
  24.5800 -86.5000  2
  24.2600 -86.2800  2
  23.6900 -86.2500  2
  23.2000 -86.3500  2
  23.3600 -86.0100  2
  23.6600 -85.5600  2
  23.4300 -85.0900  2
  23.3000 -84.6800  2
  23.2900 -84.6700  3
  99.0000   0.0000  3
 1XX1051 111  31 160.00   0.00 MA 000   4
  19.6700 -95.1600  3
  19.8300 -95.0300  2
  20.1300 -94.8600  2
  20.4800 -94.6800  2
  20.8300 -94.4500  2
  21.1800 -94.2400  2
  21.6000 -94.0300  2
  21.9700 -93.8800  2
  22.4700 -93.7000  2
  22.8300 -93.5100  2
  23.1800 -93.3300  2
  23.5000 -93.0500  2
  23.7300 -92.7000  2
  23.9600 -92.1500  2
  24.2000 -91.5300  2
  24.3400 -91.0300  2
  24.5600 -90.4800  2
  24.8100 -90.0400  2
  24.9800 -89.7100  2
  25.2500 -89.3600  2
  25.5600 -88.9300  2
  25.8200 -88.5200  2
  26.0100 -88.1800  2
  26.0200 -87.8200  2
  25.9400 -87.5100  2
  25.8100 -87.1800  2
  25.6700 -86.8200  2
  25.6100 -86.4800  2
  25.6300 -86.1500  2
  25.6600 -86.0400  2
  25.6600 -86.0400  3
  99.0000   0.0000  3
 1XX 505 110  42 200.00   0.00 SS 000   4
  32.3500-114.9500  3
  32.2000-114.6900  2
  32.0500-114.3800  2
  31.8800-114.0400  2
  31.7100-113.6900  2
  31.5100-113.4200  2
  31.3500-113.0700  2
  31.1500-112.8300  2
  31.0000-112.5800  2
  30.8700-112.2800  2
  30.7400-112.0100  2
  30.5500-111.7600  2
  30.2500-111.3300  2
  30.0400-111.0100  2
  29.8100-110.6600  2
  29.6000-110.3100  2
  29.4300-110.0300  2
  29.2200-109.7800  2
  29.0700-109.4900  2
  28.8600-109.1400  2
  28.5600-108.7000  2
  28.3100-108.3200  2
  28.1200-107.9500  2
  27.9100-107.5900  2
  27.6700-107.2300  2
  27.3800-106.7800  2
  27.1700-106.3900  2
  26.9400-106.0400  2
  26.6400-105.5800  2
  26.4000-105.1900  2
  26.1400-104.7500  2
  25.9100-104.2500  2
  25.7600-103.8100  2
  25.6100-103.4700  2
  25.5400-103.3000  2
  25.7700-103.7900  3
  25.5900-103.9000  2
  25.6000-104.0200  3
  25.4300-103.8800  2
  25.4500-104.0500  3
  25.6000-103.8900  2
  31.5700 -92.2400  3
  99.0000   0.0000  3
 1XX 506 110  40 160.00   0.00 SS 000   4
  24.9900 -98.2600  3
  24.7500 -98.1800  2
  24.4100 -97.9200  3
  23.8200 -97.6700  3
  23.6300 -97.6400  2
  23.2600 -97.5300  3
  23.2000 -97.5200  2
  22.8600 -97.4100  2
  22.5200 -97.2800  2
  22.2100 -97.1400  2
  22.1200 -97.0800  3
  22.0100 -97.0400  2
  21.8700 -96.9300  2
  21.5200 -96.7100  2
  21.1500 -96.4800  2
  20.7500 -96.1700  2
  20.4100 -95.8800  2
  20.0200 -95.5700  2
  19.7300 -95.3400  2
  19.3900 -95.1100  2
  19.0900 -94.8400  2
  18.7000 -94.5300  2
  18.2700 -94.1900  2
  17.8000 -93.7500  2
  17.3900 -93.3600  2
  17.0700 -92.9600  2
  16.7800 -92.7000  2
  16.5400 -92.3700  2
  16.3500 -92.0500  2
  16.0600 -91.5000  2
  15.8900 -91.1900  2
  15.6800 -90.8100  2
  15.5000 -90.4600  2
  15.4100 -90.0600  2
  15.3200 -89.7800  2
  15.2500 -89.6300  2
  15.1900 -89.4500  2
  15.1800 -89.3300  2
  15.1700 -89.2500  2
  17.7800 -87.3600  3
  99.0000   0.0000  3
 1XX 507 110  72  10.00   0.00 SS 000   1
  33.6500-115.9200  3
  33.4200-115.8300  2
  33.1400-115.6200  2
  32.7300-115.2300  2
  32.3000-114.9100  2
  31.9100-114.5700  2
  31.6000-114.3500  2
  31.4200-114.2300  2
  31.2300-114.0400  2
  30.9900-113.8400  2
  30.8300-113.7100  2
  30.7100-113.6100  2
  30.6500-113.5600  2
  30.5600-113.7000  2
  30.4700-113.7800  2
  30.3300-113.6800  2
  30.1500-113.5700  2
  30.0100-113.4600  2
  29.9400-113.3700  2
  29.7800-113.4800  2
  29.6200-113.6200  2
  29.5100-113.6700  2
  29.3000-113.4800  2
  29.1000-113.1500  2
  28.8300-112.7400  2
  28.5100-112.3500  2
  28.3000-112.0800  2
  28.1200-111.8500  2
  27.9300-111.6700  2
  27.7100-111.3800  2
  27.6100-111.2300  2
  27.4800-111.0400  2
  27.3100-110.8200  2
  27.1900-110.6400  2
  27.0400-110.4400  2
  26.8200-110.1900  2
  26.6400-109.9700  2
  26.5200-109.8100  2
  26.4700-109.7200  2
  26.4200-109.6800  2
  26.2300-109.7200  2
  26.0700-109.7500  2
  25.8400-109.6700  2
  25.6600-109.4000  2
  25.4100-109.0900  2
  25.2300-108.8400  2
  25.0400-108.5900  2
  24.8300-108.3800  2
  24.6800-108.2700  2
  24.5700-108.2900  2
  24.3000-108.2900  2
  24.1100-108.1700  2
  23.9000-107.9600  2
  23.7400-107.7700  2
  23.5000-107.5400  2
  23.2300-107.2500  2
  22.9600-106.8800  2
  22.6800-106.5800  2
  22.5500-106.4300  2
  22.4300-106.4700  2
  22.2200-106.5700  2
  21.9300-106.7100  2
  21.7800-106.7600  2
  21.6400-106.7100  2
  21.5300-106.5700  2
  21.3700-106.3700  2
  21.1700-106.2500  2
  21.0700-106.1300  2
  20.8800-106.0000  2
  20.7400-105.8800  2
  20.6700-105.8000  2
  20.6700-105.8000  3
  99.0000   0.0000  3
 1XX 508 110  41  70.00   0.00 SS 000   2
  20.0900-105.9400  3
  19.8600-105.8000  2
  19.5900-105.5700  2
  19.3800-105.3500  2
  19.0300-105.0200  2
  18.7300-104.6200  2
  18.4100-104.1600  2
  18.0400-103.6100  2
  17.8200-103.2000  2
  17.6000-102.8600  2
  17.3300-102.3000  2
  17.1700-101.8300  2
  16.9800-101.3700  2
  16.8100-100.9200  2
  16.6300-100.4800  2
  16.4800-100.0100  2
  16.3200 -99.5100  2
  16.1300 -98.8600  2
  15.9300 -98.3200  2
  15.8000 -97.8300  2
  15.6700 -97.3400  2
  15.5300 -96.7900  2
  15.4200 -96.2000  2
  15.3700 -95.7200  2
  15.3400 -95.2900  2
  15.2900 -94.7400  2
  15.2800 -93.9700  2
  15.2100 -93.3900  2
  15.1400 -92.7200  2
  15.0700 -92.1900  2
  15.0300 -91.7100  2
  14.9800 -91.2100  2
  14.9300 -90.7700  2
  14.9300 -90.4100  2
  14.9700 -90.0900  2
  15.0600 -89.7600  2
  15.1600 -89.5300  2
  15.2900 -89.2000  2
  15.4800 -88.8400  2
  15.6200 -88.6100  2
  15.7500 -88.3800  3
  99.0000   0.0000  3
 1XX 508 110  26  20.00   0.00 TE 000   1
  20.2100-106.0300  3
  20.0200-106.1400  2
  19.5300-105.8900  2
  19.2700-105.6100  2
  18.9100-105.2200  2
  18.5600-104.7600  2
  18.2100-104.2800  2
  17.9500-103.8800  2
  17.6100-103.3700  2
  17.3900-102.9200  2
  17.1500-102.4300  2
  16.9300-101.8900  2
  16.7300-101.3400  2
  16.5800-100.8500  2
  16.4700-100.3900  2
  16.3400 -99.9200  2
  16.2000 -99.5200  2
  15.9900 -99.0900  2
  15.8400 -98.6900  2
  15.6500 -98.2500  2
  15.5400 -97.8500  2
  15.4700 -97.4300  2
  15.4000 -96.9600  2
  15.3500 -96.3700  2
  15.3100 -96.0500  2
  15.3000 -95.9700  3
  99.0000   0.0000  3
 1XX 512 110  85 600.00   0.00 CS 000   7
  31.6700-114.4400  3
  31.5600-114.2400  2
  31.4700-113.6600  2
  30.6800-112.9500  2
  30.4100-112.8200  2
  30.0200-112.6000  2
  29.5900-112.3600  2
  29.3200-112.2400  2
  29.1400-112.0600  2
  28.8400-111.8800  2
  28.5600-111.6500  2
  28.2900-111.3800  2
  28.0100-110.9900  2
  27.8600-110.6700  2
  27.6600-110.4800  2
  27.3900-110.4600  2
  27.1700-110.2400  2
  26.9800-110.0100  2
  26.7000-109.7100  2
  26.6400-109.6500  2
  26.5800-109.4500  2
  26.4500-109.3200  2
  26.2100-109.1700  2
  25.9100-109.2800  2
  25.6000-109.1900  2
  25.5400-108.9300  2
  25.5900-108.8400  2
  25.3800-108.7400  2
  25.2100-108.4700  2
  25.1600-108.2700  2
  25.0900-108.0400  2
  24.9000-107.8400  2
  24.6200-107.7900  2
  24.3000-107.5200  2
  24.0600-107.1900  2
  23.8400-106.8700  2
  23.6800-106.7300  2
  23.5300-106.6800  2
  23.3900-106.4600  2
  23.1000-106.2700  2
  22.8500-106.0400  2
  22.6700-105.7700  2
  22.5000-105.6000  2
  22.1300-105.5100  2
  21.8000-105.3500  2
  21.4700-105.1800  2
  20.9800-105.0800  2
  20.7200-105.2300  2
  20.4300-105.3100  2
  20.3300-105.4400  2
  19.7400-105.1700  2
  19.5300-105.0000  2
  19.2700-104.7100  2
  19.0900-104.3600  2
  19.0300-104.0500  2
  18.8100-103.7900  2
  18.5600-103.5100  2
  18.2700-103.2700  2
  18.1600-102.9000  2
  18.0000-102.4900  2
  17.8500-101.9900  2
  17.8800-101.7500  2
  17.6700-101.4800  2
  17.4000-101.1200  2
  17.1600-100.7300  2
  16.9900-100.2000  2
  16.8100 -99.7200  2
  16.6400 -99.2400  2
  16.4800 -98.8200  2
  16.4700 -98.6400  2
  16.2500 -98.2700  2
  16.0600 -97.8700  2
  15.9300 -97.4600  2
  15.7600 -96.6300  2
  15.6500 -96.0600  2
  15.7700 -95.6700  2
  15.9900 -95.3200  2
  16.1400 -94.9200  2
  16.1800 -94.5500  2
  16.0600 -94.1100  2
  15.8900 -93.6600  2
  15.7100 -93.3500  2
  15.5300 -93.1200  2
  15.3100 -92.8800  2
  15.2300 -92.9600  3
  99.0000   0.0000  3
 1XX 512 110  25 600.00   0.00 CS 000   7
  23.5000 -97.6200  3
  23.3400 -97.6100  2
  23.1300 -97.5800  2
  22.7200 -97.6000  2
  22.3300 -97.6400  2
  21.9800 -97.5100  2
  21.7900 -97.3600  2
  21.4400 -97.1100  2
  21.2000 -97.2300  2
  20.9600 -97.1200  2
  20.5600 -96.9000  2
  20.3200 -96.7100  2
  20.0700 -96.4700  2
  19.6700 -96.2800  2
  19.3000 -96.0900  2
  19.1300 -95.9500  2
  18.9500 -95.7900  2
  18.8200 -95.6800  2
  18.7200 -95.5000  2
  18.6400 -95.2400  2
  18.6400 -95.0300  2
  18.4400 -94.6900  2
  18.2700 -94.4400  2
  18.2900 -94.2300  2
  18.2800 -94.2300  3
  99.0000   0.0000  3
 1XX 513 110  19 600.00   0.00 GR 000   7
  24.9700-106.0000  3
  25.0100-105.0100  2
  24.9900-103.9900  2
  26.0000-105.0100  3
  25.0000-105.0100  2
  24.0400-105.0100  2
  19.9700-106.0000  3
  19.9800-105.0100  2
  19.9800-104.0000  2
  21.0000-105.0100  3
  19.9800-104.9800  2
  19.0000-105.0100  2
  19.9800-101.0200  3
  20.0100 -99.9800  2
  20.0000 -99.0000  2
  20.9700-100.0000  3
  19.9800 -99.9800  2
  18.9900-100.0100  2
  23.4400 -88.0900  3
  99.0000   0.0000  3
 1XX 510 105  72  10.00   0.00 SS 000   1
  40.3700-124.7200  3
  40.2400-124.3700  2
  39.7000-123.9000  2
  38.8400-123.3700  2
  38.6300-123.1800  2
  38.3600-122.9600  2
  37.9800-122.6700  2
  37.6900-122.4400  2
  37.3700-122.1400  2
  37.0400-121.8100  2
  36.6900-121.4300  2
  36.2100-120.8700  2
  35.7600-120.4100  2
  35.2900-119.8500  2
  34.9800-119.4000  2
  34.8700-119.0300  2
  34.7600-118.6400  2
  34.5200-118.0700  2
  34.3500-117.6400  2
  34.2200-117.2300  2
  34.0200-116.6600  2
  33.7600-116.1700  2
  33.5300-115.9000  2
  33.3200-115.7600  2
  33.0900-115.6100  2
  32.8000-115.4000  2
  32.5400-115.2300  2
  32.4000-115.1100  2
  32.2800-114.9800  2
  32.0900-114.8300  2
  32.0300-114.7500  2
  31.9300-114.7700  2
  31.6000-114.6200  2
  31.3100-114.3800  2
  31.0400-114.1600  2
  30.7800-113.9400  2
  30.5300-113.7700  2
  30.3200-113.6300  2
  30.1800-113.5600  2
  29.6700-113.9900  2
  29.5900-113.9000  2
  29.4100-113.6500  2
  29.2600-113.4300  2
  29.1900-113.2600  2
  29.0900-113.2400  2
  28.8500-113.0700  2
  28.6800-112.8600  2
  28.5000-112.5300  2
  28.3400-112.4600  2
  28.1000-112.4000  2
  27.9700-112.3500  2
  27.7100-112.1600  2
  27.4500-111.9700  2
  27.2400-111.7900  2
  27.0000-111.5300  2
  26.7500-111.3600  2
  26.5800-111.2200  2
  26.3500-111.0200  2
  26.0800-110.7900  2
  25.7500-110.5300  2
  25.4300-110.4400  2
  25.0000-110.3300  2
  24.6900-110.1400  2
  24.3500-109.8000  2
  23.9200-109.4800  2
  23.5900-109.3200  2
  23.3000-109.2800  2
  22.9800-109.4700  2
  22.8000-109.6500  2
  22.6800-109.7900  2
  22.6200-109.8500  2
  22.6400-109.8400  3
  99.0000   0.0000  3
 1XX 511 105 119 600.00   0.00 CS 000   7
  37.5600-122.3800  3
  37.2200-122.2400  2
  36.6800-121.7600  2
  35.8200-121.3200  2
  35.5400-120.9900  2
  35.3000-120.7300  2
  35.1700-120.6000  2
  34.7500-120.4800  2
  34.5200-120.3400  2
  34.4800-120.0200  2
  34.3900-119.7600  2
  34.4400-119.5300  2
  34.3200-119.2400  2
  34.1400-118.9800  2
  34.0100-118.7100  2
  34.0700-118.5600  2
  33.8800-118.3500  2
  33.7100-118.2500  2
  33.7100-117.9800  2
  33.5200-117.6400  2
  33.1400-117.3100  2
  32.6500-117.0600  2
  32.3800-116.9700  2
  32.0700-116.8100  2
  31.7700-116.5500  2
  31.4200-116.4100  2
  31.1000-116.2300  2
  30.7700-116.0300  2
  30.4300-115.8500  2
  30.3700-115.7500  2
  29.9300-115.6500  2
  29.6700-115.4900  2
  29.5400-115.2000  2
  29.3400-114.9100  2
  29.2900-114.7700  2
  29.0700-114.5400  2
  28.7200-114.2200  2
  28.4500-114.0000  2
  28.1100-113.9100  2
  27.8800-114.0200  2
  27.7800-114.2300  2
  27.7400-114.5700  2
  27.7800-114.8000  2
  27.7100-114.8700  2
  27.6200-114.8400  2
  28.3100-115.1000  3
  28.0500-115.2300  2
  27.9500-115.0600  2
  28.1200-115.0200  2
  28.3100-115.0700  2
  27.6100-114.8300  3
  27.6800-114.7200  2
  27.5100-114.5700  2
  27.4200-114.4100  2
  27.3100-114.2900  2
  27.1700-114.2100  2
  27.1100-113.9700  2
  26.9300-113.7400  2
  26.7500-113.4500  2
  26.7100-113.2100  2
  26.8200-113.0400  2
  26.5300-112.8500  2
  26.3100-112.6500  2
  26.1500-112.3400  2
  25.9200-112.1500  2
  25.5700-112.0000  2
  25.2100-111.9800  2
  24.7600-112.0000  2
  24.6100-111.7700  2
  24.4600-111.6100  2
  24.3100-111.3300  2
  24.0500-111.0400  2
  23.8200-110.7200  2
  23.4400-110.2300  2
  23.0700-110.0300  2
  22.8300-109.8600  2
  22.9500-109.6500  2
  23.0700-109.5300  2
  23.3400-109.3600  2
  23.5500-109.4400  2
  23.8900-109.6900  2
  24.1300-109.9500  2
  24.1400-110.1900  2
  24.2500-110.4400  2
  24.7300-110.6600  2
  25.0400-110.7000  2
  25.2800-110.8800  2
  25.4900-110.9800  2
  25.8000-111.1700  2
  26.1100-111.2400  2
  26.5100-111.3800  2
  26.7600-111.6200  2
  26.6100-111.6700  2
  26.4400-111.6300  2
  26.7700-111.8500  2
  26.8800-111.8600  2
  27.1100-111.9700  2
  27.3200-112.1800  2
  27.5700-112.3200  2
  27.8700-112.5600  2
  28.1600-112.6300  2
  28.4000-112.8900  2
  28.6100-113.0400  2
  28.8100-113.2900  2
  29.0900-113.4800  2
  29.3000-113.6900  2
  29.5100-113.8800  2
  29.6500-114.0900  2
  29.8000-114.2400  2
  30.0700-114.3600  2
  30.4500-114.5000  2
  30.8400-114.6100  2
  31.0000-114.6600  2
  31.2200-114.7200  2
  31.4100-114.7300  2
  31.6000-114.7600  2
  31.7500-114.7500  2
  31.9100-114.8200  2
  31.9000-114.8100  3
  99.0000   0.0000  3
 1XX 514 105  19 600.00   0.00 GR 000   7
  30.0100-115.9600  3
  30.0000-114.9800  2
  29.9800-114.0000  2
  31.0100-114.9800  3
  30.0100-115.0100  2
  29.0200-114.9700  2
  34.9900-121.0200  3
  34.9900-120.0100  2
  35.0500-118.9600  2
  34.0200-119.9700  3
  34.9900-119.9700  2
  35.4600-119.9700  2
  25.0000-110.9900  3
  24.9800-109.9900  2
  24.9600-109.4500  2
  25.7300-110.0000  3
  25.0200-110.0000  2
  23.9900-109.9900  2
  21.0800 -91.2000  3
  99.0000   0.0000  3
 1XX 577 113   8  43.00   0.00 SS 000   1
  18.5300 -78.5800  3
  18.3900 -78.5800  2
  18.2900 -78.6400  3
  18.1100 -78.4800  2
  18.3400 -78.5200  3
  18.2300 -78.5500  2
  18.1100 -78.6000  2
  16.8500 -80.0700  3
  99.0000   0.0000  3
 1XX 535 113  65 600.00   0.00 CS 000   7
  15.1300 -92.8200  3
  14.9900 -92.7200  2
  14.6900 -92.3700  2
  14.3700 -91.9300  2
  14.1200 -91.6700  2
  13.9500 -91.2800  2
  13.9000 -90.6700  2
  13.8400 -90.1700  2
  13.5700 -89.7400  2
  13.4400 -89.1700  2
  13.2400 -88.7600  2
  13.2300 -88.1900  2
  13.4300 -87.8100  2
  13.2400 -87.5400  2
  13.1000 -87.4800  2
  12.8700 -87.5800  2
  12.5400 -87.2800  2
  12.3800 -87.0600  2
  12.1200 -86.8000  2
  11.8600 -86.5400  2
  11.7500 -86.4600  2
  11.6100 -86.3000  2
  11.8800 -83.7200  3
  12.1400 -83.6900  2
  12.5200 -83.6200  2
  13.0900 -83.5800  2
  13.6800 -83.5500  2
  14.2500 -83.3900  2
  14.8600 -83.3200  2
  15.2100 -83.4500  2
  15.4900 -83.8900  2
  15.8000 -84.3900  2
  15.8000 -84.6800  2
  15.9300 -85.0900  2
  15.8900 -85.6700  2
  15.9400 -85.9500  2
  15.8100 -86.3900  2
  15.7800 -86.7900  2
  15.7300 -87.3000  2
  15.7800 -87.6500  2
  15.7700 -88.1200  2
  15.7600 -88.3800  2
  15.8100 -88.4700  2
  15.7700 -88.7200  2
  18.4000 -78.3700  3
  18.2800 -78.2900  2
  18.2200 -78.0800  2
  17.9900 -77.9000  2
  17.9100 -77.6000  2
  17.8200 -77.3300  2
  17.8800 -77.1500  2
  17.9400 -76.9600  2
  17.9600 -76.7100  2
  17.9700 -76.4400  2
  18.1900 -76.4700  2
  18.2600 -76.7600  2
  18.4000 -77.0000  2
  18.4900 -77.4200  2
  18.5800 -77.9200  2
  18.4600 -78.2200  2
  18.4000 -78.3800  2
  18.2800 -78.3000  2
  18.1000 -77.9700  2
  17.9800 -77.8200  2
  17.9300 -77.7600  3
  99.0000   0.0000  3
 1XX 536 113   7 600.00   0.00 GR 000   7
  15.0000 -86.0400  3
  15.0100 -85.0300  2
  15.0000 -84.0300  2
  16.0000 -85.0500  3
  15.0000 -85.0400  2
  14.0000 -85.0200  2
  13.1600 -54.8300  3
  99.0000   0.0000  3
 1XX 537 113  42  60.00   0.00 SS 000   2
  15.4300 -96.0200  3
  15.4400 -95.7700  2
  15.4100 -95.1300  2
  15.2400 -93.3600  2
  15.1800 -92.9600  2
  15.1100 -92.4500  2
  15.0200 -91.9000  2
  14.9600 -91.3000  2
  14.9200 -90.8000  2
  14.8500 -90.3100  2
  14.9600 -89.6400  2
  15.1400 -89.2400  2
  15.4000 -88.8100  2
  15.6500 -88.3800  2
  15.9400 -87.8400  2
  16.2500 -87.2600  2
  16.4000 -86.9600  2
  16.5100 -86.6000  2
  16.6900 -86.1000  2
  16.9500 -85.5100  2
  17.1100 -85.0100  2
  17.3400 -84.4500  2
  17.5400 -83.9100  2
  17.5800 -83.5100  2
  17.5900 -83.0500  2
  17.7100 -82.2600  2
  17.8000 -81.8200  2
  17.8400 -81.3600  2
  17.9300 -80.7300  2
  18.0100 -80.2300  2
  18.1100 -79.7900  2
  18.2500 -79.3100  2
  18.3700 -78.8900  2
  18.4900 -78.5100  2
  18.5800 -78.2200  2
  18.6200 -77.9200  2
  18.6300 -77.5300  2
  18.6000 -77.2800  2
  18.5900 -77.0400  2
  18.6000 -76.8200  2
  18.5800 -76.6400  2
  18.5400 -76.5000  3
  99.0000   0.0000  3
 1XX 537 113  33  60.00   0.00 SS 000   2
  17.1700 -84.6500  3
  16.9900 -84.6200  2
  16.9300 -84.6100  3
  16.7800 -84.4600  2
  17.0100 -84.4700  3
  16.7600 -84.6000  2
  16.9600 -84.3400  3
  16.9800 -84.2200  2
  16.8900 -84.2300  2
  16.8900 -84.1700  2
  16.7800 -84.2500  2
  16.9800 -84.0900  3
  16.8600 -84.1200  2
  16.8600 -84.0400  2
  16.9100 -84.0600  2
  16.8800 -84.1000  2
  17.8800 -80.6500  3
  17.7500 -80.6000  2
  17.7500 -80.6800  3
  17.6200 -80.5400  2
  17.7500 -80.5700  3
  17.5800 -80.6800  2
  17.6300 -80.8700  3
  17.4900 -80.9400  2
  17.4700 -80.8600  2
  17.5300 -80.8400  2
  17.5200 -80.9000  2
  17.6100 -80.8000  3
  17.5400 -80.8200  2
  17.5100 -80.7800  2
  17.5800 -80.7500  2
  17.6300 -80.7900  2
  17.6300 -80.7900  3
  99.0000   0.0000  3
 1XX 537 113   7  60.00   0.00 SS 000   2
  18.3400 -79.1300  3
  18.1900 -79.1200  2
  18.1600 -79.2100  3
  17.9900 -79.0900  2
  18.1500 -79.0900  3
  18.0100 -79.2100  2
  18.0000 -79.2000  3
  99.0000   0.0000  3
 1XX 538 113  16  43.00   0.00 TE 000   1
  15.3100 -95.9500  3
  15.1700 -95.6300  2
  14.9600 -95.2400  2
  14.3500 -94.1600  2
  14.0700 -93.6600  2
  13.8000 -93.1100  2
  13.5600 -92.6200  2
  13.2800 -92.0400  2
  12.9600 -91.3900  2
  12.5800 -90.5500  2
  12.2200 -89.6900  2
  11.9000 -88.9800  2
  11.6400 -88.4400  2
  11.3000 -87.8000  2
  11.2300 -87.6700  2
  -0.0500 -55.6300  3
  99.0000   0.0000  3
 1XX 539 113  88  84.00   0.00 TE 000   2
  15.3200 -94.5700  3
  15.1400 -94.2900  2
  14.4000 -93.1500  2
  13.0100 -90.1600  2
  12.6900 -89.3500  2
  12.3600 -88.7200  2
  12.0300 -88.1200  2
  11.8000 -87.5500  2
  11.7000 -87.0000  2
  11.6100 -86.4300  2
  11.5300 -85.8700  2
  11.4800 -85.2600  2
  11.4900 -84.7500  2
  11.5700 -84.3000  2
  11.9400 -83.6000  3
  12.2600 -83.1700  2
  12.7900 -82.7600  3
  13.1600 -82.5000  2
  13.5800 -82.2000  3
  13.9800 -81.8700  2
  14.3800 -81.5300  3
  14.6900 -81.3500  2
  15.1300 -80.8500  3
  15.3200 -80.6000  2
  15.7200 -80.0000  3
  16.0000 -79.6600  2
  16.3100 -79.0500  3
  16.4400 -78.8400  2
  16.7200 -78.2400  3
  16.8200 -78.1200  2
  17.1500 -77.6900  3
  17.4200 -77.3500  2
  17.6800 -77.0100  3
  17.8400 -76.7600  2
  18.0100 -76.5000  3
  18.1700 -76.3500  2
  18.3000 -76.0800  3
  18.3000 -76.0400  2
  18.1200 -75.9800  3
  17.9800 -76.2300  2
  17.7700 -76.6200  3
  17.5700 -76.8300  2
  17.3500 -77.0000  3
  17.0500 -77.4100  2
  16.8600 -77.6300  3
  16.6400 -78.0000  2
  16.3400 -78.4700  3
  16.2000 -78.7200  2
  16.0600 -78.8900  3
  15.8500 -79.4800  2
  15.7600 -79.6100  3
  15.5000 -80.0500  2
  15.2500 -80.3500  3
  14.9500 -80.7200  2
  14.7300 -80.8500  3
  14.4500 -81.2100  2
  14.1800 -81.3500  3
  13.8900 -81.6300  2
  13.5800 -81.6900  3
  13.1500 -82.0600  2
  12.9300 -82.1100  3
  12.5900 -82.4300  2
  12.2000 -82.5600  3
  11.8900 -82.8700  2
  11.5900 -83.1000  3
  11.3000 -83.6400  2
  11.2200 -83.8900  3
  11.0800 -84.4100  2
  11.0500 -84.8600  3
  11.0500 -85.2200  2
  11.1000 -85.5100  3
  11.0400 -85.9200  2
  11.1000 -86.4100  3
  11.1200 -86.7500  2
  11.2300 -87.0700  3
  11.2500 -87.4700  2
  11.2900 -87.6700  2
  11.3000 -87.8400  3
  14.0800 -92.3700  3
  14.1300 -92.1700  2
  13.9700 -92.1200  2
  12.7300 -89.3900  3
  12.7900 -89.2200  2
  12.6500 -89.1600  2
  11.8500 -87.5100  3
  12.0000 -87.3000  2
  11.8000 -87.1600  2
  14.1400 -77.5300  3
  99.0000   0.0000  3
 1XX 540 113  35 138.00   0.00 TE 000   3
  15.2700 -93.5400  3
  14.7500 -92.8100  2
  14.1300 -91.9300  2
  13.2400 -89.9800  2
  12.9900 -89.3300  2
  12.6600 -88.5600  2
  12.3200 -87.8800  2
  12.1100 -87.2600  2
  12.0000 -86.7000  2
  11.8800 -86.0400  2
  11.8400 -85.2400  2
  11.8400 -84.8200  2
  11.9100 -84.2800  2
  12.0900 -83.8500  2
  12.1500 -83.5700  2
  12.2000 -83.4300  2
  12.5700 -83.1000  3
  12.8500 -82.8000  2
  13.3800 -82.4000  3
  13.7100 -82.2000  2
  14.1500 -81.8700  3
  14.4700 -81.6500  2
  14.9400 -81.1800  3
  15.1900 -80.8400  2
  15.5400 -80.4900  3
  15.8300 -80.1300  2
  16.1200 -79.7300  3
  16.3800 -79.2300  2
  16.6800 -78.6000  3
  16.8900 -78.0700  2
  17.1900 -77.6600  3
  17.4700 -77.4000  2
  17.7600 -77.0300  3
  17.9500 -76.8000  2
  18.0300 -76.6800  3
  99.0000   0.0000  3
 1XX 541 113   5   1.00   0.00 RI 000   1
  18.9200 -81.8200  3
  18.5600 -81.8500  2
  18.1700 -81.9000  2
  17.7500 -81.9100  2
  17.7500 -81.9100  3
  99.0000   0.0000  3
 1XX 521 112  77 600.00   0.00 CS 000   7
  28.3200 -82.8400  3
  28.0000 -82.8700  2
  27.8200 -82.7900  2
  27.5000 -82.6100  2
  27.1800 -82.4800  2
  26.9700 -82.3200  2
  26.9100 -82.1600  2
  26.6200 -82.0900  2
  26.6700 -81.9800  2
  26.3300 -82.0600  2
  26.0200 -81.7900  2
  25.8800 -81.5800  2
  25.6200 -81.3500  2
  25.3400 -81.2300  2
  25.1600 -81.0100  2
  25.2800 -80.6000  2
  25.6200 -80.3000  2
  26.0900 -80.1500  2
  26.4900 -80.1100  2
  26.7800 -80.1400  2
  26.9000 -80.1400  2
  25.2300 -78.2600  3
  25.2300 -78.1600  2
  25.0700 -78.0500  2
  24.7900 -77.8600  2
  24.5700 -77.8200  2
  24.4300 -78.1000  2
  24.5700 -78.3100  2
  24.7900 -78.4700  2
  25.0300 -78.3600  2
  25.2200 -78.3100  2
  22.5700 -78.7100  3
  22.4100 -78.6100  2
  22.3900 -78.3200  2
  22.2100 -78.1400  2
  22.0600 -77.9400  2
  21.9800 -77.7500  2
  22.1700 -77.7300  2
  22.3400 -78.0100  2
  22.5200 -78.3100  2
  22.5800 -78.5700  2
  22.5500 -78.7800  2
  24.1800 -77.9400  3
  24.0700 -77.8800  2
  24.2700 -77.7200  2
  24.4000 -77.7900  2
  24.3300 -77.8300  2
  24.1800 -77.9400  2
  24.2400 -77.6700  3
  24.1000 -77.7900  2
  23.9600 -77.8100  2
  23.8500 -77.7300  2
  23.8000 -77.6000  2
  24.2100 -77.6900  2
  23.6500 -75.3100  3
  23.2200 -75.1700  2
  23.0900 -75.0800  2
  22.9700 -74.9500  2
  23.2000 -74.9900  2
  23.3500 -75.1900  2
  23.6400 -75.3100  2
  25.3000 -76.2500  3
  25.1100 -76.3000  2
  24.8800 -76.4100  2
  24.7000 -76.2300  2
  25.1200 -76.2500  2
  25.2800 -76.2900  2
  24.8200 -75.7900  3
  24.5900 -75.6700  2
  24.3800 -75.5200  2
  24.2000 -75.5300  2
  24.1800 -75.3400  2
  24.3700 -75.3900  2
  24.4500 -75.5400  2
  24.7700 -75.7500  2
  24.8000 -75.8400  2
  24.7600 -75.7500  3
  99.0000   0.0000  3
 1XX 522 112  13 600.00   0.00 GR 000   7
  25.0200 -81.0400  3
  25.0000 -80.0200  2
  25.0000 -79.0300  2
  26.0000 -80.0200  3
  25.0500 -80.0200  2
  24.0300 -80.0100  2
  25.0000 -85.3100  3
  24.9900 -84.9800  2
  24.9600 -83.9600  2
  25.9900 -85.0200  3
  24.9700 -85.0200  2
  24.3600 -84.9900  2
  24.3700 -84.9800  3
  99.0000   0.0000  3
 1XX 523 112  43 180.00   0.00 MA 000   4
  29.7800 -88.5000  3
  29.5700 -88.1400  2
  29.2900 -87.6500  2
  29.0500 -87.4700  2
  28.6800 -87.3300  2
  28.3900 -87.0500  2
  28.1400 -86.4700  2
  27.8800 -86.0100  2
  27.3800 -85.4000  2
  26.8100 -85.0900  2
  26.2900 -84.9300  2
  25.6600 -84.8500  2
  25.0200 -84.5400  2
  24.5100 -84.0800  2
  24.1200 -83.4700  2
  23.7800 -82.8800  2
  23.5800 -82.2700  2
  23.4000 -81.6100  2
  23.2000 -81.0400  2
  23.0900 -80.6700  2
  22.8900 -80.2500  2
  22.9500 -80.6100  2
  22.6900 -80.2800  2
  22.5100 -80.0100  2
  22.3500 -79.6100  2
  22.0000 -79.0300  2
  21.7800 -78.5700  2
  21.6100 -77.9700  2
  21.4400 -77.4100  2
  21.2600 -76.9000  2
  21.1400 -76.5100  2
  21.0300 -76.0300  2
  20.9400 -75.6600  2
  20.9300 -75.4500  2
  21.0700 -75.3600  2
  21.4300 -75.1600  2
  21.9600 -74.8600  2
  22.2900 -74.6900  2
  22.7600 -74.5600  2
  23.2700 -74.4000  2
  23.6200 -74.2800  2
  23.7000 -74.2300  2
  23.7000 -74.2300  3
  99.0000   0.0000  3
 1XX 524 112  29 180.00   0.00 SS 000   4
  29.7200 -85.9100  3
  29.3100 -85.4800  2
  28.8800 -84.6400  2
  28.5400 -83.5800  2
  28.4100 -83.1800  2
  28.2700 -82.7200  2
  27.9800 -82.2900  2
  27.6900 -81.8600  2
  27.4600 -81.4700  2
  27.1700 -81.0700  2
  27.0100 -80.7000  2
  26.8700 -80.2900  2
  26.7400 -79.9300  2
  26.5800 -79.5200  2
  26.4600 -79.1300  2
  26.3200 -78.7100  2
  26.1100 -78.2000  2
  25.9100 -77.6000  2
  25.7200 -77.0500  2
  25.5100 -76.5400  2
  25.2300 -76.0500  2
  25.0400 -75.8300  2
  24.7000 -75.5000  2
  24.4300 -75.2400  2
  24.1000 -74.8000  2
  23.9300 -74.5700  2
  23.6900 -74.3200  2
  23.5200 -74.1100  2
  23.5300 -74.1500  3
  99.0000   0.0000  3
 1XX 524 112   7 180.00   0.00 SS 000   4
  25.7600 -76.8900  3
  25.6300 -76.9400  2
  25.6400 -77.0600  3
  25.4300 -76.9000  2
  25.4200 -77.0400  3
  25.6000 -76.9200  2
  25.6000 -76.9200  3
  99.0000   0.0000  3
 1XX 525 112  24 180.00   0.00 MA 000   4
  22.0200 -81.6100  3
  22.0400 -81.3400  2
  21.9600 -81.0600  3
  21.8900 -80.8000  2
  21.8100 -80.4500  3
  21.7000 -80.2600  2
  21.5600 -79.9100  3
  21.5100 -79.6800  2
  21.4700 -79.3100  3
  21.4800 -79.0500  2
  21.4400 -78.8100  3
  21.3900 -78.6600  2
  21.0200 -78.4900  3
  20.9100 -78.1500  2
  20.8900 -77.7800  3
  20.8500 -77.4100  2
  20.7800 -76.8600  3
  20.7300 -76.4300  2
  20.7000 -76.0000  3
  20.7800 -75.7000  2
  20.8400 -75.4300  3
  20.9600 -75.3600  2
  21.0900 -75.2700  3
  21.0900 -75.2700  3
  99.0000   0.0000  3
