 63X  36 654  81  43.00   0.00 MA 000   1
  12.5100 100.1000  3
  12.0600 100.0000  2
  11.3900  99.5400  2
  10.6600  98.9700  2
   9.8200  98.4800  2
   8.8600  97.9800  2
   7.7800  97.6100  2
   6.8500  97.3200  2
   6.2000  97.1200  2
   5.5900  96.8900  2
   4.9800  96.6900  2
   4.6800  96.5500  2
   4.6300  96.6200  3
   4.0900  97.1300  2
   3.4400  97.8300  2
   2.7800  98.5300  2
   1.9000  99.1400  2
   0.9300  99.7000  2
   0.1100 100.2500  2
  -0.4800 100.6300  2
  -1.1600 100.9600  2
  -1.9600 101.4000  2
  -2.5600 101.7900  2
  -3.0400 102.2300  2
  -3.6100 102.6800  2
  -4.1600 103.2000  2
  -4.7200 103.8900  2
  -5.0800 104.2900  2
  -5.3700 104.6900  2
  -5.6400 104.8700  2
  -5.9700 105.0600  2
  11.0000 101.2100  3
  10.6200 101.2700  2
  10.0000 101.3700  2
   9.2700 101.2000  2
   9.5300 100.9400  3
   9.0800 101.0800  2
   8.2200 101.1800  2
   7.6200 101.1900  2
   7.0800 101.2800  2
   8.8700 102.4500  3
   8.1300 102.3500  2
   7.5200 102.5300  2
   6.7200 102.9100  2
   5.9800 103.5400  2
   5.4200 104.3100  2
   5.0100 105.0900  2
   4.8600 105.7700  2
   4.2400 106.4100  3
   4.6100 106.8800  2
   4.9300 107.2300  2
  99.0000   0.0000  3
 63X  37 654 140 560.00   0.00 CS 000   7
   5.2800  96.7200  3
   5.3200  97.1300  2
   5.1900  97.5500  2
   4.4100  98.3000  2
   3.4900  99.3600  2
   2.1900 100.7400  2
   2.2900 101.0300  2
   1.8500 101.5000  2
   1.2900 102.1800  2
   1.3900 102.2800  2
   1.0900 102.7800  2
   1.0700 103.1000  2
   0.7300 103.0000  2
   0.2100 102.8100  2
   0.5300 103.4700  2
   0.1100 103.8400  2
  -0.1500 103.6400  2
  -0.2600 103.8000  2
  -0.6800 103.5000  2
  -1.1000 103.9900  2
  -1.3400 104.6300  2
  -1.8300 104.7400  2
  -2.2400 105.0500  2
  -2.4700 105.6700  2
  -2.9000 106.0200  2
  -3.5700 106.0000  2
  -4.2200 106.0400  2
  -4.9500 105.9900  2
  -5.5600 105.9000  2
  -5.7800 105.7800  2
  -5.5600 105.4100  2
  -5.7600 105.2200  2
  -5.4400 104.7800  2
  -1.8700 105.2900  3
  -1.3900 105.5500  2
  -1.6900 105.8200  2
  -1.3900 105.9000  2
  -2.0400 106.3100  2
  -2.5200 106.8200  2
  -3.0700 106.6600  2
  -2.2900 106.0000  2
  -1.9400 105.7300  2
  -1.8600 105.2600  2
  10.0300  98.6300  3
   9.2100  98.3900  2
   8.1700  98.3400  2
   8.2200  98.7600  2
   7.9400  99.0900  2
   7.1700  99.6200  2
   6.5300 100.1100  2
   5.5700 100.4900  2
   4.6100 100.7000  2
   3.5600 101.1100  2
   2.4800 101.8800  2
   1.8100 102.8300  2
   1.5000 103.5100  2
   1.6000 103.7800  2
   1.3900 104.1500  2
   1.8000 104.3900  2
   2.3700 104.0800  2
   2.7600 103.8200  2
   3.1100 103.4800  2
   4.5800 103.5200  2
   5.2900 103.2800  2
   6.1800 102.4500  2
   6.2800 102.1400  2
   6.6100 101.7900  2
   7.0400 101.2500  2
   7.2400 100.8000  2
   8.2500 100.3500  2
   8.7300 100.0400  2
   9.3400  99.8400  2
   9.2300  99.3300  2
  10.0800  99.2000  2
  10.8900  99.3400  2
  11.7000  99.7200  2
  11.7300  99.7300  2
  99.0000   0.0000  3
 43X   5 654  53 250.00   0.00 GR 000   7
   5.9800  99.3400  3
   6.2200  99.7700  2
   5.9200  99.5700  2
   5.8700  99.9800  2
   5.6400  99.5300  2
   4.9800  99.8800  3
   5.0400 100.4000  2
   4.5800 100.0700  2
   4.9800 100.0900  3
   4.7800 100.1700  2
   4.0600 100.9000  3
   3.8400 100.4700  2
   3.6000 100.6000  2
   3.6200 100.6900  2
   2.9400 100.9800  3
   2.9600 101.4500  2
   2.5600 101.1500  2
   2.9300 101.1600  3
   2.7300 101.2500  2
   2.0800 101.9300  3
   1.7900 101.8000  2
   1.6900 101.5900  2
   1.8100 101.7900  3
   1.7700 102.0700  2
   0.7700 102.5900  3
   0.9600 102.5900  2
   1.0000 102.4100  2
   0.9400 102.3500  2
   0.7100 102.3600  2
   0.5800 102.3000  2
   0.6300 102.1600  2
   0.7100 102.0800  2
   0.8900 102.1100  2
  -0.3300 102.6700  3
  -0.1100 103.0600  2
  -1.1800 103.1200  3
  -1.1100 103.6500  2
  -1.5400 103.3400  2
  -1.1800 103.3500  3
  -1.3800 103.4500  2
   5.0500  99.0100  3
   4.9900 100.0600  2
   5.0100 100.9300  2
   6.0300 100.0200  3
   5.0100 100.0500  2
   4.0200 100.0300  2
   9.9800  99.0100  3
   9.9700 100.0500  2
  10.0100 101.0900  2
  10.9700 100.0200  3
  10.0200 100.0300  2
   9.0100 100.0300  2
  99.0000   0.0000  3
 43X   5 654  16 250.00   0.00 MA 000   6
  -2.9500 106.1300  3
  -2.0000 105.3400  2
  -1.1700 104.5600  2
  -0.2000 104.0100  2
   0.7300 103.4400  2
   1.7900 102.5900  2
   2.6000 102.2100  2
   3.6800 101.9800  2
   4.6500 101.6800  2
   5.3700 101.6800  2
   6.3400 101.9500  2
   6.9200 102.1500  2
   7.4700 102.2900  2
   8.2000 102.6500  2
   8.6700 102.8500  2
   8.4700 102.7100  3
  99.0000   0.0000  3
 43X   5 654  60  40.00   0.00 NO 000   1
  12.6900 100.0700  3
  12.3600 100.1400  2
  12.0700 100.2100  2
  11.5700 100.2000  3
  10.7200 100.1600  2
  10.0600 100.2500  2
   9.8700 100.2400  2
  11.4200 100.2000  3
  11.3300 100.3000  2
  10.9300 100.1600  3
  10.8200 100.2400  2
  10.3800 100.2200  3
  10.3300 100.3000  2
   9.8100 100.2900  3
   9.8000 100.3300  2
   9.1100 100.4400  3
   8.8000 100.6000  2
   8.5200 100.6200  2
   8.9700 100.5200  3
   8.9900 100.5600  2
   8.7600 100.5700  3
   8.7400 100.6200  2
   8.5300 100.5400  3
   8.4900 100.6300  2
  11.8400 100.6000  3
  11.3000 100.5000  2
  10.6200 100.5200  2
  10.0600 100.5300  2
   9.8100 100.4600  2
  10.0600 100.5100  3
  10.0300 100.6100  2
  10.7200 100.4900  3
  10.7100 100.5800  2
  11.3500 100.4800  3
  11.3300 100.5700  2
  11.7600 100.5300  3
  11.8000 100.6200  2
  10.8800 101.1900  3
  10.4000 101.2800  2
   9.9700 101.4200  2
   9.4200 101.2400  2
   8.7400 101.1600  2
   8.1700 101.1200  2
   7.5200 101.1900  2
   7.1800 101.2500  2
   7.1700 101.3200  3
   7.1900 101.4200  2
   8.1400 101.1600  3
   8.1900 101.2700  2
   8.9400 101.1600  3
   8.9400 101.2700  2
   9.5600 101.3200  3
   9.4900 101.4800  2
   9.9800 101.4300  3
  10.0100 101.5700  2
  10.4400 101.2800  3
  10.4900 101.3400  2
  10.8300 101.2200  3
  10.9400 101.3000  2
   8.0700 101.8700  3
  99.0000   0.0000  3
