 1XX 515 111  13 600.00   0.00 GR 000   7
  20.0200 -95.4600  3
  20.0100 -95.0200  2
  19.9800 -94.0000  2
  20.9900 -94.9900  3
  20.0200 -95.0000  2
  19.3300 -95.0100  2
  19.9900 -91.0300  3
  19.9800 -89.9900  2
  19.9700 -88.9900  2
  20.9800 -89.9700  3
  19.9900 -89.9700  2
  18.9800 -90.0100  2
  28.8800 -77.0400  3
  99.0000   0.0000  3
 1XX 516 111  62 600.00   0.00 CS 000   7
  18.2800 -94.1900  3
  18.3200 -94.0200  2
  18.4500 -93.8100  2
  18.5100 -93.4600  2
  18.5300 -93.0200  2
  18.6400 -92.6900  2
  18.8200 -92.3700  2
  18.7400 -92.1000  2
  18.6900 -91.9500  2
  18.5600 -91.7400  2
  18.6000 -91.4700  2
  18.7600 -91.3000  2
  18.9700 -91.3300  2
  19.1600 -91.1100  2
  19.4800 -90.8600  2
  19.8400 -90.7300  2
  20.1300 -90.5900  2
  20.5200 -90.5400  2
  20.9200 -90.4500  2
  21.2100 -90.2700  2
  21.3500 -89.9400  2
  21.4300 -89.4900  2
  21.4400 -89.0300  2
  21.6100 -88.5800  2
  21.6600 -88.1300  2
  21.6600 -87.9000  2
  21.5000 -87.7800  2
  21.5000 -87.6800  2
  21.5700 -87.5200  2
  21.5500 -87.2200  2
  21.5200 -86.9800  2
  21.3200 -86.9100  2
  21.0700 -86.9300  2
  20.6600 -87.1700  2
  20.4300 -87.4100  2
  20.0900 -87.4900  2
  19.8100 -87.6500  2
  19.6500 -87.5900  2
  19.4600 -87.6300  2
  19.2700 -87.6000  2
  18.8900 -87.6700  2
  18.4400 -87.8500  2
  18.1500 -87.9100  2
  18.2100 -88.0100  2
  18.4200 -88.0200  2
  18.5200 -88.0900  2
  18.8000 -88.1200  2
  18.7300 -88.2900  2
  18.4500 -88.3700  2
  18.2700 -88.1700  2
  17.9100 -88.2600  2
  17.5500 -88.2900  2
  17.1000 -88.3200  2
  16.7200 -88.4100  2
  16.5300 -88.5600  2
  16.2900 -88.8000  2
  16.0300 -88.9100  2
  15.9200 -88.8500  2
  15.8100 -88.6900  2
  15.8100 -88.5000  2
  15.7400 -88.3600  2
  15.7400 -88.3700  3
  99.0000   0.0000  3
 1XX 517 111  36 160.00   0.00 SS 000   4
  23.1400 -97.5000  3
  22.8000 -97.4200  2
  22.2700 -97.1100  2
  21.6400 -96.7300  2
  21.3300 -96.5700  2
  21.0600 -96.3900  2
  20.6200 -96.0100  2
  20.2500 -95.6800  2
  19.9000 -95.4000  2
  19.5600 -95.1500  2
  19.2700 -94.9600  2
  18.8800 -94.6800  2
  18.6400 -94.4900  2
  18.3300 -94.2500  2
  18.1200 -94.0500  2
  17.8400 -93.8400  2
  17.5600 -93.6100  2
  17.3300 -93.3800  2
  17.0400 -93.1000  2
  16.8300 -92.8700  2
  16.6300 -92.5900  2
  16.5200 -92.3100  2
  16.3200 -91.9500  2
  16.1400 -91.6500  2
  16.0000 -91.3500  2
  15.8400 -91.0000  2
  15.6700 -90.7200  2
  15.5400 -90.4300  2
  15.4200 -90.1800  2
  15.3700 -89.9800  2
  15.3300 -89.9300  2
  15.2900 -89.6900  2
  15.2500 -89.5100  2
  15.2300 -89.3300  2
  15.2100 -89.2300  2
  15.2100 -89.2300  3
  99.0000   0.0000  3
 1XX 519 111  35 180.00   0.00 MA 000   4
  15.4000 -89.0800  3
  15.5600 -88.7900  2
  16.0200 -88.4500  2
  16.5600 -88.0800  2
  16.7600 -87.9200  2
  16.9500 -87.7200  2
  17.2300 -87.4600  2
  17.5300 -87.2400  2
  17.8400 -87.1300  2
  18.2400 -87.0200  2
  18.7000 -86.8700  2
  19.1000 -86.6900  2
  19.4500 -86.4900  2
  19.7800 -86.3100  2
  20.0500 -86.1600  2
  20.2500 -86.0100  2
  20.3600 -85.9100  2
  20.4900 -85.7800  2
  20.6600 -85.6900  2
  20.8400 -85.5900  2
  21.1300 -85.1500  2
  21.2400 -84.7400  2
  21.3000 -84.4400  2
  21.4200 -84.0400  2
  21.4800 -83.6700  2
  21.5500 -83.3100  2
  21.6600 -82.9800  2
  21.7000 -82.5500  2
  21.8300 -82.2900  2
  21.9700 -82.1300  2
  22.0900 -81.9900  2
  22.2100 -81.8700  2
  22.2300 -81.8500  2
  22.2800 -81.7800  2
  22.2900 -81.7800  3
  99.0000   0.0000  3
 1XX 519 111  11 180.00   0.00 MA 000   4
  17.0400 -87.8100  3
  17.0200 -87.7400  2
  17.0000 -87.7000  2
  16.9900 -87.6700  2
  16.9400 -87.6000  2
  16.9400 -87.5900  2
  17.1800 -87.9000  3
  17.0200 -87.8200  2
  17.0100 -87.9400  3
  17.1700 -87.8100  2
  17.2600 -87.7600  3
  99.0000   0.0000  3
 1XX 520 111  25 180.00   0.00 NO 000   4
  19.9000 -92.2300  3
  20.3100 -92.3700  2
  20.9000 -92.5400  2
  21.4600 -92.6200  2
  22.0000 -92.6800  2
  22.2800 -92.2100  2
  22.5900 -91.5700  2
  22.9200 -90.7200  2
  23.0500 -90.2800  2
  23.3600 -90.1600  2
  23.6900 -89.7000  2
  24.0400 -89.1200  2
  24.3400 -88.6200  2
  24.6100 -88.5500  2
  24.8300 -87.9100  2
  24.8300 -87.1600  2
  24.5800 -86.5000  2
  24.2600 -86.2800  2
  23.6900 -86.2500  2
  23.2000 -86.3500  2
  23.3600 -86.0100  2
  23.6600 -85.5600  2
  23.4300 -85.0900  2
  23.3000 -84.6800  2
  23.2900 -84.6700  3
  99.0000   0.0000  3
 1XX1051 111  31 160.00   0.00 MA 000   4
  19.6700 -95.1600  3
  19.8300 -95.0300  2
  20.1300 -94.8600  2
  20.4800 -94.6800  2
  20.8300 -94.4500  2
  21.1800 -94.2400  2
  21.6000 -94.0300  2
  21.9700 -93.8800  2
  22.4700 -93.7000  2
  22.8300 -93.5100  2
  23.1800 -93.3300  2
  23.5000 -93.0500  2
  23.7300 -92.7000  2
  23.9600 -92.1500  2
  24.2000 -91.5300  2
  24.3400 -91.0300  2
  24.5600 -90.4800  2
  24.8100 -90.0400  2
  24.9800 -89.7100  2
  25.2500 -89.3600  2
  25.5600 -88.9300  2
  25.8200 -88.5200  2
  26.0100 -88.1800  2
  26.0200 -87.8200  2
  25.9400 -87.5100  2
  25.8100 -87.1800  2
  25.6700 -86.8200  2
  25.6100 -86.4800  2
  25.6300 -86.1500  2
  25.6600 -86.0400  2
  25.6600 -86.0400  3
  99.0000   0.0000  3
 10X 300 111 200 180.00   0.00 BS 000   7
  19.4700 -95.0600  3
  19.5300 -94.9400  2
  19.8200 -94.7300  2
  20.2000 -94.6300  2
  20.5600 -94.4900  2
  21.0500 -94.2600  2
  21.4100 -94.1300  2
  21.8700 -93.9200  2
  22.2300 -93.6400  2
  22.5800 -93.4400  2
  22.9200 -93.2500  2
  23.3000 -92.8200  2
  23.5900 -92.5100  2
  23.8900 -92.0400  2
  24.1200 -91.5300  2
  24.3300 -90.9700  2
  24.5200 -90.3400  2
  24.6500 -89.8800  2
  25.0000 -89.3100  2
  25.2800 -89.0600  2
  25.5400 -88.8000  2
  25.8500 -88.2800  2
  25.8900 -87.8600  2
  25.8100 -87.3800  2
  25.6400 -86.8700  2
  25.5300 -86.6200  2
  25.4700 -86.2000  2
  25.5200 -85.9900  2
  25.5400 -86.0000  3
  25.4300 -85.8700  2
  25.2800 -85.6900  2
  24.9900 -85.4100  2
  24.7700 -85.1700  2
  24.5200 -84.9200  2
  24.2500 -84.6600  2
  23.9900 -84.4100  2
  23.7200 -84.1200  2
  23.5100 -83.9100  2
  23.3900 -83.6800  2
  23.2600 -83.4200  2
  23.1700 -83.1500  2
  23.0800 -82.9700  2
  22.9000 -82.9600  2
  22.7400 -83.2200  2
  22.6400 -83.3400  2
  22.5100 -83.5800  2
  22.2800 -83.8500  2
  21.8800 -84.2100  2
  21.6200 -84.4500  2
  21.2500 -84.8000  2
  21.2700 -84.9000  2
  21.0600 -85.1900  2
  20.7700 -85.5400  2
  20.5700 -85.7200  2
  20.2800 -85.9700  2
  19.9600 -86.2700  2
  19.6000 -86.4900  2
  17.5700 -94.3900  3
  17.3900 -94.2700  2
  17.2600 -94.1000  2
  17.0600 -93.9300  2
  16.9100 -93.7500  2
  16.7400 -93.5500  2
  16.6000 -93.4100  2
  16.4800 -93.2700  2
  16.3700 -93.1000  2
  16.2300 -92.9200  2
  16.0300 -92.6700  2
  15.8500 -92.5000  2
  15.7600 -92.4000  2
  15.6100 -92.2900  2
  15.4200 -92.0300  2
  15.3600 -91.7800  2
  15.3200 -91.4100  2
  15.2800 -91.1800  2
  15.2700 -90.9300  2
  15.2200 -90.5900  2
  15.2200 -90.3300  2
  15.2600 -90.0300  2
  15.3200 -89.8500  2
  15.4700 -89.6800  2
  15.5800 -89.5700  2
  15.6600 -89.3100  2
  15.7000 -89.1900  2
  15.7500 -89.0200  2
  15.8000 -88.8600  2
  15.8500 -88.7200  2
  14.8900 -91.1000  3
  14.8500 -90.8700  2
  14.8300 -90.6200  2
  14.8100 -90.4900  2
  14.8300 -90.2000  2
  14.9300 -90.0100  2
  14.9900 -89.7400  2
  15.1100 -89.5400  2
  15.2200 -89.3000  2
  15.2900 -89.1000  2
  15.3800 -88.8400  2
  15.4100 -88.6700  2
  15.5000 -88.5200  2
  15.5800 -88.4200  2
  15.8000 -92.4100  3
  15.8500 -92.3600  2
  15.8800 -92.2000  2
  15.8200 -92.0800  2
  15.7300 -91.8500  2
  15.6900 -91.6200  2
  15.6300 -91.4800  2
  15.5600 -91.3100  2
  15.5200 -91.0600  2
  15.5200 -90.9000  2
  15.4900 -90.6300  2
  15.4500 -90.4900  2
  15.4500 -90.3000  2
  15.5200 -90.0900  2
  15.6000 -89.9400  2
  15.6800 -89.8200  2
  15.6700 -89.7200  2
  15.5800 -89.6200  2
  15.8800 -91.5600  3
  15.8400 -91.5700  2
  15.7700 -91.5000  2
  15.7300 -91.4000  2
  15.6800 -91.2400  2
  15.6600 -91.1500  2
  15.6200 -91.0600  2
  15.6200 -90.9100  2
  15.6400 -90.8100  2
  15.6700 -90.7400  2
  15.7400 -90.7300  2
  15.8500 -90.7600  2
  15.8700 -90.8500  2
  15.8800 -90.9800  2
  15.9100 -91.0900  2
  15.9300 -91.2100  2
  15.9600 -91.3400  2
  15.9500 -91.4200  2
  15.9400 -91.5100  2
  15.8900 -91.5600  2
  15.8100 -91.5900  2
  17.1100 -88.8000  3
  17.1900 -88.7700  2
  17.2600 -88.7400  2
  17.2700 -88.6400  2
  17.2600 -88.5300  2
  17.2700 -88.4200  2
  17.2600 -88.3100  2
  17.2500 -88.2200  2
  17.1700 -88.1500  2
  17.0700 -88.1300  2
  16.9200 -88.1300  2
  16.8400 -88.1800  2
  16.7500 -88.2200  2
  16.7000 -88.3400  2
  16.6500 -88.4100  2
  16.5500 -88.4800  2
  16.4500 -88.5800  2
  16.4100 -88.7700  2
  16.3700 -88.9400  2
  16.3800 -89.0800  2
  16.3900 -89.1500  2
  16.4500 -89.2000  2
  16.5100 -89.2600  2
  16.5000 -89.3300  2
  16.5000 -89.4400  2
  16.5500 -89.4900  2
  16.6400 -89.4900  2
  16.7300 -89.4500  2
  16.7900 -89.3800  2
  16.8400 -89.2800  2
  16.8500 -89.1700  2
  16.8900 -89.0800  2
  16.9300 -89.0100  2
  16.9900 -88.9200  2
  17.0500 -88.8900  2
  17.0800 -88.8600  2
  17.1000 -88.8400  2
  22.9500 -92.4800  3
  22.9800 -92.3100  2
  23.0800 -92.1100  2
  23.1800 -91.9200  2
  23.3000 -91.7400  2
  23.4200 -91.5200  2
  23.5600 -91.2700  2
  23.7400 -91.0000  2
  23.8100 -90.8500  2
  23.8800 -90.6500  2
  23.9600 -90.4900  2
  24.0200 -90.2700  2
  24.0700 -90.0700  2
  24.1200 -89.9200  2
  24.1400 -89.8200  2
  22.5700 -92.1200  3
  22.7200 -91.8900  2
  22.9100 -91.6000  2
  23.0700 -91.2800  2
  23.2200 -90.9900  2
  23.3700 -90.7400  2
  23.4800 -90.5100  2
  23.6200 -90.2600  2
  99.0000   0.0000  3
 10X 300 111  65 180.00   0.00 BS 000   7
  23.7400 -90.0700  3
  23.8300 -89.8600  2
  23.9200 -89.7000  2
  23.9600 -89.6200  2
  23.2900 -85.3700  3
  23.3900 -85.1900  2
  23.4900 -85.0200  2
  23.5800 -84.8800  2
  23.6600 -84.7400  2
  23.7000 -84.6600  2
  23.1500 -85.2500  3
  23.2400 -85.1300  2
  23.3100 -84.9900  2
  23.3600 -84.9000  2
  23.4400 -84.7600  2
  23.4800 -84.6700  2
  23.5500 -84.5800  2
  23.9100 -85.3400  3
  23.8900 -85.3400  2
  23.8500 -85.3300  2
  23.8400 -85.3800  2
  23.8800 -85.3800  2
  23.9300 -85.3800  2
  23.9400 -85.3400  2
  23.9200 -85.3100  2
  23.8800 -85.3000  2
  23.8500 -85.3400  2
  23.8400 -85.3600  2
  23.8900 -85.3500  2
  23.8200 -85.1400  3
  23.8700 -85.1700  2
  23.8400 -85.1100  2
  23.7800 -85.1300  2
  23.7600 -85.1600  2
  23.7800 -85.2000  2
  23.8200 -85.2100  2
  23.8500 -85.2000  2
  23.8600 -85.1700  2
  23.8000 -85.1600  2
  20.7600 -87.5600  3
  20.8200 -87.5700  2
  20.8200 -87.6200  2
  20.7500 -87.6400  2
  20.7100 -87.6000  2
  20.7100 -87.5500  2
  20.7400 -87.5100  2
  20.7900 -87.5100  2
  20.8100 -87.5100  2
  20.8400 -87.5300  2
  20.8300 -87.5700  2
  20.7800 -87.5800  2
  19.9000 -88.6300  3
  19.9900 -88.6400  2
  19.9500 -88.6700  2
  19.9200 -88.6900  2
  19.8900 -88.7000  2
  19.8400 -88.6900  2
  19.8300 -88.6400  2
  19.8600 -88.6000  2
  19.9100 -88.5900  2
  19.9400 -88.5800  2
  19.9700 -88.5900  2
  19.9900 -88.6300  2
  19.9400 -88.6400  2
  19.8500 -88.6700  3
  99.0000   0.0000  3
