 99X   5 102  621  71.30  65.00 BA   200 2
  64.0300  -62.7500  3
  63.9900  -62.4600  2
  63.7400  -62.0300  2
  63.6100  -61.8200  2
  63.4600  -61.6300  2
  63.3600  -61.3300  2
  63.3100  -61.0400  2
  63.0800  -60.1300  2
  62.7900  -59.4700  2
  62.4000  -58.9400  2
  61.9400  -58.3800  2
  61.4700  -57.9800  2
  60.9700  -57.4600  2
  60.5600  -57.0300  2
  60.2300  -56.7300  2
  59.8900  -56.3700  2
  59.5300  -56.0000  2
  58.8400  -55.3700  2
  58.4300  -55.0200  2
  58.1600  -54.7200  2
  57.7400  -54.2000  2
  57.4400  -53.8100  2
  57.2200  -53.3800  2
  57.0400  -52.8300  2
  56.8900  -52.2500  2
  56.8300  -51.8600  2
  56.7300  -51.5200  2
  56.6100  -51.2600  2
  56.3900  -50.8400  2
  56.2200  -50.5200  2
  56.1000  -50.1800  2
  56.0300  -49.6600  2
  55.9600  -49.1600  2
  55.8700  -48.6300  2
  55.8200  -48.2700  2
  55.7600  -47.9100  2
  55.7500  -47.5800  2
  99.0000    0.0000  3
 99X  22 102  499  71.30  65.00 TO   200 5
  79.1200  -40.6500  3
  79.0300  -41.2400  2
  79.0300  -41.2400  2
  78.9800  -41.5300  2
  78.9300  -41.8100  2
  78.8800  -42.1000  2
  78.7800  -42.6600  2
  78.7400  -43.4600  2
  78.6900  -44.2600  2
  78.6400  -44.5300  2
  78.5300  -45.0500  2
  78.4800  -45.8300  2
  78.4300  -46.0900  2
  78.3200  -46.5900  2
  78.3200  -46.5900  2
  78.2700  -47.3400  2
  78.2700  -47.3400  2
  78.2100  -48.0900  2
  78.2100  -48.0900  2
  78.1500  -48.3300  2
  78.1000  -48.5700  2
  78.0900  -49.0700  2
  78.0300  -49.8000  2
  78.0300  -49.8000  2
  77.9700  -50.0200  2
  77.9600  -50.5200  2
  77.9100  -50.7400  2
  77.9000  -51.2300  2
  77.8400  -51.4500  2
  77.7700  -52.1500  2
  77.7100  -52.3600  2
  77.6400  -53.0500  2
  77.6200  -53.5200  2
  77.4900  -54.4000  2
  77.4300  -54.5900  2
  77.4100  -55.0600  2
  77.3500  -55.2500  2
  77.2300  -55.6300  2
  77.2100  -56.0900  2
  77.1500  -56.2700  2
  77.0900  -56.4500  2
  76.8500  -57.1600  2
  76.8500  -57.1600  2
  76.7900  -57.3400  2
  76.7300  -57.5100  2
  76.6000  -57.8500  2
  76.5000  -57.7500  2
  76.4400  -57.9200  2
  76.3200  -58.2400  2
  76.2200  -58.1400  2
  76.1500  -58.3100  2
  75.8700  -58.6800  2
  75.8300  -58.4300  2
  75.7300  -58.3300  2
  75.6300  -58.2300  2
  75.4900  -57.8900  2
  75.3900  -57.8000  2
  75.3500  -57.5600  2
  75.2500  -57.4700  2
  75.1100  -57.1500  2
  75.0700  -56.9100  2
  74.9700  -56.8300  2
  74.9700  -56.8300  2
  74.7900  -56.2900  2
  74.7900  -56.2900  2
  74.6100  -55.7600  2
  74.5700  -55.5300  2
  74.4600  -55.4600  2
  74.3800  -55.0200  2
  74.3000  -54.5800  2
  74.1500  -54.3000  2
  74.1100  -54.0800  2
  74.0300  -53.6600  2
  74.0300  -53.6600  2
  73.8800  -53.3900  2
  73.7900  -52.9800  2
  73.7100  -52.5600  2
  73.6100  -52.5200  2
  73.5600  -52.3100  2
  73.5200  -52.1100  2
  73.3700  -51.8700  2
  73.3700  -51.8700  2
  73.3300  -51.6700  2
  73.1300  -51.2400  2
  73.0900  -51.0400  2
  72.8900  -50.6300  2
  72.7500  -50.4000  2
  72.5000  -50.1500  2
  72.3500  -49.9400  2
  72.2500  -49.9100  2
  72.1000  -49.7100  2
  71.9500  -49.5000  2
  71.6900  -49.6000  2
  71.5900  -49.5800  2
  71.4900  -49.5500  2
  71.3900  -49.5200  2
  71.2300  -49.6500  2
  71.1800  -49.4800  2
  71.0300  -49.6000  2
  70.8700  -49.7100  2
  70.6600  -49.9700  2
  70.5000  -50.0800  2
  70.4500  -50.2200  2
  70.3500  -50.1900  2
  70.1500  -50.1400  2
  70.0900  -50.2700  2
  69.9400  -50.3800  2
  69.7800  -50.4900  2
  69.7200  -50.6200  2
  69.5100  -50.8500  2
  69.4100  -50.8200  2
  69.2100  -50.7600  2
  69.0400  -51.1400  2
  68.7300  -51.3300  2
  68.5700  -51.4200  2
  68.3600  -51.6300  2
  68.2600  -51.6000  2
  68.0500  -51.8100  2
  67.8800  -52.1600  2
  67.6800  -52.1000  2
  67.5700  -52.3300  2
  67.4100  -52.4100  2
  67.3100  -52.3700  2
  67.1600  -52.4500  2
  66.9500  -52.6400  2
  66.8500  -52.6100  2
  66.6900  -52.6800  2
  66.5400  -52.7600  2
  66.3800  -52.8300  2
  66.2800  -52.8000  2
  66.1800  -52.7600  2
  66.0300  -52.8300  2
  65.9300  -52.8000  2
  65.6900  -52.6000  2
  65.5900  -52.5700  2
  64.8600  -51.9900  2
  64.8200  -51.8600  2
  64.7300  -51.6000  2
  64.6300  -51.5700  2
  64.5400  -51.3200  2
  64.2600  -51.0100  2
  64.1700  -50.7600  2
  64.1800  -50.5400  2
  64.0900  -50.2900  2
  64.0500  -50.1700  2
  63.9500  -49.9200  2
  63.9600  -49.6900  2
  63.8300  -49.3300  2
  63.8300  -49.1100  2
  63.8300  -49.1100  2
  63.8500  -48.6600  2
  63.8500  -48.4300  2
  63.8600  -48.2100  2
  63.9100  -48.1000  2
  63.9200  -47.8800  2
  64.0200  -47.6600  2
  64.1300  -47.2200  2
  64.2300  -47.0000  2
  64.3300  -46.7700  2
  64.4300  -46.5500  2
  64.5400  -46.3300  2
  64.6900  -45.9800  2
  64.7900  -45.5200  2
  64.8400  -45.4000  2
  64.9400  -45.1700  2
  65.0400  -45.1700  2
  65.1900  -44.8200  2
  65.4400  -44.4500  2
  65.5900  -44.0900  2
  65.7300  -43.7100  2
  65.8800  -43.5800  2
  65.9800  -43.3300  2
  66.7300  -35.4900  2
  66.5900  -35.6700  2
  66.4900  -35.7100  2
  66.3900  -35.7600  2
  66.3500  -35.9000  2
  66.2500  -35.9400  2
  66.2100  -36.0800  2
  66.1100  -36.1200  2
  66.0200  -36.4000  2
  65.9800  -36.5400  2
  65.8000  -36.8500  2
  65.7600  -36.9900  2
  65.6200  -37.1600  2
  65.5700  -37.3000  2
  65.5900  -37.5400  2
  65.5000  -37.8100  2
  65.3700  -38.2100  2
  65.3300  -38.3400  2
  65.2400  -38.6100  2
  65.1500  -38.8700  2
  65.0600  -39.1300  2
  64.9600  -39.1500  2
  64.9200  -39.2800  2
  64.9200  -39.2800  2
  64.8300  -39.5400  2
  64.7300  -39.5600  2
  64.6800  -39.6900  2
  64.5400  -39.8400  2
  64.4400  -39.8600  2
  64.4000  -39.9800  2
  64.3000  -40.0000  2
  64.2500  -40.1300  2
  64.1500  -40.1500  2
  64.1100  -40.2700  2
  64.0100  -40.2900  2
  63.9100  -40.3100  2
  63.7700  -40.4500  2
  63.7200  -40.5700  2
  63.5800  -40.7100  2
  63.5300  -40.8200  2
  63.3800  -40.9600  2
  63.3400  -41.0800  2
  63.2000  -41.4300  2
  63.1500  -41.5400  2
  63.1100  -41.6600  2
  63.0600  -41.7800  2
  62.9700  -42.0100  2
  62.9300  -42.3400  2
  62.8300  -42.5600  2
  62.7800  -42.6800  2
  62.6900  -42.9000  2
  62.5900  -43.1200  2
  62.6000  -43.3400  2
  62.5000  -43.5600  2
  62.4500  -43.6700  2
  62.3600  -43.8800  2
  62.2600  -44.1000  2
  62.2100  -44.2100  2
  62.1200  -44.4200  2
  62.0200  -44.6300  2
  61.9200  -45.0500  2
  61.7700  -45.1600  2
  61.6700  -45.3600  2
  61.5300  -45.4700  2
  61.4300  -45.6700  2
  61.3300  -45.6700  2
  61.2800  -45.7700  2
  61.0800  -45.9700  2
  60.9800  -45.9600  2
  60.9300  -46.0600  2
  60.8400  -46.0600  2
  60.7400  -46.2500  2
  60.6400  -46.2500  2
  60.5900  -46.3500  2
  60.4400  -46.4400  2
  60.3400  -46.4400  2
  60.2900  -46.5300  2
  60.1900  -46.5300  2
  60.0900  -46.7200  2
  59.9500  -46.8100  2
  59.8500  -46.8000  2
  59.7500  -46.7900  2
  59.7000  -46.8900  2
  59.6000  -46.8800  2
  59.5000  -47.0700  2
  59.3100  -47.2400  2
  59.2500  -47.3400  2
  59.1100  -47.4200  2
  59.0600  -47.5100  2
  59.0100  -47.6000  2
  58.9100  -47.5900  2
  58.7600  -47.6700  2
  58.6100  -47.7500  2
  58.4700  -47.8300  2
  58.3700  -47.8200  2
  58.2200  -47.9000  2
  58.1300  -47.8900  2
  57.9800  -47.9700  2
  57.8300  -48.0500  2
  57.7300  -48.0400  2
  57.5900  -48.1100  2
  57.4400  -48.1900  2
  57.2900  -48.4400  2
  57.1400  -48.5100  2
  56.9400  -48.6700  2
  56.8900  -48.7500  2
  56.8800  -49.1000  2
  56.9200  -49.1900  2
  56.9700  -49.2900  2
  57.0100  -49.5600  2
  57.0500  -49.6500  2
  57.0900  -49.7500  2
  57.1800  -49.9400  2
  57.3100  -50.2300  2
  57.3600  -50.3300  2
  57.4000  -50.4300  2
  57.4400  -50.5200  2
  57.5300  -50.7200  2
  57.7500  -51.8500  2
  57.7800  -52.1300  2
  57.8300  -52.2300  2
  57.9500  -52.5400  2
  57.9900  -52.6400  2
  58.1300  -52.7700  2
  58.1700  -52.8700  2
  58.2500  -53.0800  2
  58.3900  -53.2100  2
  58.5700  -53.4500  2
  58.6500  -53.6600  2
  58.7500  -53.6900  2
  58.7900  -53.7900  2
  59.0600  -54.0600  2
  59.1000  -54.1700  2
  59.2400  -54.3100  2
  59.3700  -54.4500  2
  59.4700  -54.4800  2
  59.7000  -54.6600  2
  59.8000  -54.6900  2
  59.9300  -54.8400  2
  59.9300  -54.8400  2
  60.0700  -54.9800  2
  60.2600  -55.0500  2
  60.4000  -55.2000  2
  60.5900  -55.2700  2
  60.6300  -55.3800  2
  60.7200  -55.4200  2
  60.9200  -55.4900  2
  60.9200  -55.4900  2
  61.1100  -55.5700  2
  61.3000  -55.6400  2
  61.5000  -55.7200  2
  61.6300  -55.8800  2
  61.8300  -55.9500  2
  61.8600  -56.0800  2
  62.1500  -56.2000  2
  62.2300  -56.4500  2
  62.3300  -56.4900  2
  62.5200  -56.5700  2
  62.6200  -56.6200  2
  62.8500  -56.8300  2
  62.9500  -56.8700  2
  63.0400  -56.9200  2
  63.1400  -56.9600  2
  63.2400  -57.0100  2
  63.3300  -57.0600  2
  63.4700  -57.2300  2
  63.6200  -57.1900  2
  63.7200  -57.2400  2
  63.8800  -57.2000  2
  64.0000  -57.0300  2
  64.1500  -56.9900  2
  64.3100  -56.9500  2
  64.5200  -56.8200  2
  64.6400  -56.6400  2
  64.7400  -56.6800  2
  64.8000  -56.5900  2
  64.9500  -56.5500  2
  65.0100  -56.4600  2
  65.0700  -56.3600  2
  65.1100  -56.5000  2
  65.2300  -56.3200  2
  65.4000  -56.0300  2
  65.5000  -56.0800  2
  65.6600  -56.0300  2
  65.7700  -55.8400  2
  65.8900  -55.6400  2
  66.0500  -55.5900  2
  66.2600  -55.4400  2
  66.3800  -55.2300  2
  66.6300  -55.2200  2
  66.8500  -55.0600  2
  67.0100  -55.0000  2
  67.2600  -54.9900  2
  67.5200  -54.9700  2
  67.6200  -55.0100  2
  67.7200  -55.0600  2
  67.8200  -55.1100  2
  67.9700  -55.0500  2
  68.2100  -55.3000  2
  68.4500  -55.5500  2
  68.6500  -55.6600  2
  68.7900  -55.8700  2
  68.9300  -56.0900  2
  69.1100  -56.4700  2
  69.2100  -56.5300  2
  69.2500  -56.7000  2
  69.3900  -56.9300  2
  69.4200  -57.1000  2
  69.6000  -57.5000  2
  69.7400  -57.7400  2
  69.9400  -57.8700  2
  69.9700  -58.0500  2
  70.1300  -58.0000  2
  70.2700  -58.2500  2
  70.3700  -58.3200  2
  70.6700  -58.5300  2
  70.8300  -58.4900  2
  71.0200  -58.6300  2
  71.1600  -58.9000  2
  71.2600  -58.9700  2
  71.3600  -59.0500  2
  71.5600  -59.2100  2
  71.6500  -59.2900  2
  71.8500  -59.4500  2
  71.9900  -59.7300  2
  72.1200  -60.0200  2
  72.6200  -61.0000  2
  72.6600  -61.2100  2
  72.7600  -61.3100  2
  72.8200  -61.7400  2
  72.9900  -62.2700  2
  73.0200  -62.4900  2
  73.1200  -63.1500  2
  73.1600  -63.3800  2
  73.2200  -63.8200  2
  73.1900  -64.1600  2
  73.1800  -64.7200  2
  73.1800  -65.2800  2
  73.2100  -65.5100  2
  73.2400  -65.7300  2
  73.2300  -66.2900  2
  73.2000  -66.6200  2
  73.2800  -67.3200  2
  73.3400  -67.7800  2
  73.4600  -68.1600  2
  73.5100  -68.6300  2
  73.6100  -68.7800  2
  73.6300  -69.0200  2
  73.7300  -69.1600  2
  73.8400  -69.5600  2
  74.0300  -69.8700  2
  74.1000  -69.7800  2
  74.1700  -69.6800  2
  74.2300  -69.5900  2
  74.3000  -69.5000  2
  74.3400  -69.1500  2
  74.4800  -68.9600  2
  74.5700  -69.1100  2
  74.6400  -69.0200  2
  74.8000  -69.0800  2
  74.9200  -69.5000  2
  75.1100  -69.8300  2
  75.2000  -70.0000  2
  75.3000  -70.1700  2
  75.3700  -70.0700  2
  75.4300  -69.9700  2
  75.5400  -69.5000  2
  75.5900  -69.1200  2
  75.6300  -68.7400  2
  75.6700  -68.3600  2
  75.7200  -67.3200  2
  75.7600  -66.9300  2
  75.8700  -66.4200  2
  75.9700  -65.9100  2
  76.0700  -65.3800  2
  76.1700  -64.8500  2
  76.2700  -64.3100  2
  76.3400  -64.1800  2
  76.4700  -63.9100  2
  76.6300  -63.2100  2
  76.8000  -63.2000  2
  76.8900  -63.3400  2
  77.0600  -63.3400  2
  77.1200  -63.1900  2
  77.2200  -63.3400  2
  77.3500  -63.0400  2
  77.4500  -63.1900  2
  77.5800  -62.8800  2
  77.7100  -62.5700  2
  77.8400  -62.2500  2
  77.9300  -61.6100  2
  78.0000  -61.4400  2
  78.1900  -60.9300  2
  78.2800  -60.2600  2
  78.4100  -59.9000  2
  78.5300  -59.5300  2
  78.6200  -58.8300  2
  78.6500  -58.3200  2
  78.7100  -58.1300  2
  78.7300  -57.6100  2
  78.7500  -57.0900  2
  78.8400  -56.3600  2
  78.8600  -55.8400  2
  78.9400  -55.0900  2
  78.9500  -54.5600  2
  78.9700  -54.0300  2
  79.0000  -52.9500  2
  79.0700  -52.1800  2
  79.0800  -51.6300  2
  79.1500  -50.8500  2
  79.2200  -50.0500  2
  79.2900  -48.6800  2
  79.3000  -48.1200  2
  79.3500  -47.3000  2
  79.3100  -46.4500  2
  79.3100  -45.8900  2
  79.3100  -45.3300  2
  79.3600  -44.4900  2
  79.3600  -43.9300  2
  79.3100  -43.6600  2
  79.3100  -43.1000  2
  79.3000  -42.5400  2
  79.3000  -41.9800  2
  79.2900  -41.4200  2
  79.2300  -41.1600  2
  79.2300  -40.6100  2
  79.1200  -40.6500  2
  99.0000    0.0000  3
 99X   8 102   61  71.30  65.00 TO  1000 6
  72.9300  -59.8500  3
  72.9600  -60.0600  2
  72.9600  -60.0600  2
  73.0000  -60.2800  2
  72.9400  -60.4000  2
  72.9700  -60.6100  2
  72.8700  -60.5200  2
  72.8400  -60.3100  2
  72.7400  -60.2200  2
  72.7400  -60.2200  2
  72.6400  -60.1300  2
  72.6100  -59.9200  2
  72.5100  -59.8300  2
  72.3700  -59.5400  2
  72.2700  -59.4600  2
  72.2400  -59.2500  2
  72.1400  -59.1700  2
  72.1000  -58.9700  2
  72.0600  -58.7700  2
  71.9600  -58.6900  2
  71.9600  -58.6900  2
  71.8600  -58.6100  2
  71.7900  -58.2200  2
  71.6900  -58.1400  2
  71.6500  -57.9500  2
  71.5100  -57.6900  2
  71.4100  -57.6200  2
  71.4100  -57.6200  2
  71.3700  -57.4300  2
  71.3000  -57.0500  2
  71.3000  -57.0500  2
  71.3200  -56.7400  2
  71.3400  -56.4300  2
  71.4000  -56.3000  2
  71.4000  -56.3000  2
  71.4200  -55.9900  2
  71.4400  -55.6700  2
  71.4400  -55.6700  2
  71.4600  -55.3600  2
  71.5100  -55.2300  2
  71.5700  -55.1000  2
  71.6500  -54.6500  2
  71.7100  -54.5200  2
  71.8700  -54.4300  2
  72.0500  -54.8700  2
  72.1500  -54.9300  2
  72.2300  -55.3100  2
  72.3000  -56.0300  2
  72.3800  -56.4300  2
  72.4600  -56.8300  2
  72.5000  -57.0300  2
  72.5800  -57.4300  2
  72.5800  -57.4300  2
  72.6500  -57.8400  2
  72.6900  -58.0500  2
  72.7700  -58.4600  2
  72.8800  -59.0900  2
  72.9200  -59.3000  2
  72.8900  -59.6400  2
  72.9300  -59.8500  2
  72.9300  -59.8500  2
  99.0000    0.0000  3
 99X   9 102  115  71.30  65.00 TO  1000 6
  59.8800  -54.2300  3
  60.0800  -54.2900  2
  60.1200  -54.4000  2
  60.1700  -54.3200  2
  60.2100  -54.4300  2
  60.3100  -54.4700  2
  60.4100  -54.5000  2
  60.5000  -54.5300  2
  60.5600  -54.4500  2
  60.6700  -54.2900  2
  60.7300  -54.2000  2
  60.7800  -54.1200  2
  60.8400  -54.0400  2
  60.9000  -53.9500  2
  60.9500  -53.8700  2
  61.1000  -53.8100  2
  61.2000  -53.8500  2
  61.3000  -53.8800  2
  61.4900  -53.9400  2
  61.6300  -54.0900  2
  61.7700  -54.2400  2
  61.7700  -54.2400  2
  61.9100  -54.3900  2
  62.0000  -54.4300  2
  62.1400  -54.5800  2
  62.1800  -54.7100  2
  62.2600  -54.9500  2
  62.3400  -55.2000  2
  62.3800  -55.3200  2
  62.4000  -55.6500  2
  62.4400  -55.7800  2
  62.5200  -56.0300  2
  62.6000  -56.2800  2
  62.7300  -56.4500  2
  62.8300  -56.4900  2
  62.9100  -56.7500  2
  63.0100  -56.7900  2
  63.0600  -56.7100  2
  63.1200  -56.6200  2
  63.1400  -56.4100  2
  63.1600  -56.1900  2
  63.2200  -56.1000  2
  63.1800  -55.9800  2
  63.2000  -55.7600  2
  63.2200  -55.5400  2
  63.1800  -55.4200  2
  63.1900  -55.2000  2
  63.2100  -54.9800  2
  63.1300  -54.7300  2
  63.0900  -54.6000  2
  63.1100  -54.3900  2
  63.0300  -54.1400  2
  62.9300  -54.1000  2
  62.8300  -54.0700  2
  62.7300  -54.0400  2
  62.5800  -54.0900  2
  62.4800  -54.0600  2
  62.3400  -53.9000  2
  62.3400  -53.9000  2
  62.3000  -53.7800  2
  62.1100  -53.7200  2
  61.9700  -53.5700  2
  61.9700  -53.5700  2
  61.7900  -53.3000  2
  61.6900  -53.2700  2
  61.6500  -53.1500  2
  61.5500  -53.1200  2
  61.4500  -53.1000  2
  61.2600  -53.0400  2
  61.1600  -53.0100  2
  61.1200  -52.9000  2
  60.9800  -52.7500  2
  60.8300  -52.8100  2
  60.7300  -52.7900  2
  60.5400  -52.7300  2
  60.3900  -52.7900  2
  60.1900  -52.7400  2
  60.1900  -52.7400  2
  60.0400  -52.8000  2
  59.9400  -52.7700  2
  59.7900  -52.8300  2
  59.7000  -52.8000  2
  59.6000  -52.7700  2
  59.5000  -52.7500  2
  59.5000  -52.7500  2
  59.3100  -52.7000  2
  59.2100  -52.6700  2
  59.1200  -52.6500  2
  59.0800  -52.5400  2
  58.9400  -52.4100  2
  58.8400  -52.3900  2
  58.7400  -52.3600  2
  58.7000  -52.2600  2
  58.5100  -52.2100  2
  58.3700  -52.0900  2
  58.2800  -52.0600  2
  58.2600  -52.2500  2
  58.3100  -52.3500  2
  58.3500  -52.4500  2
  58.3900  -52.5600  2
  58.4700  -52.7600  2
  58.5700  -52.7900  2
  58.6100  -52.8900  2
  58.7500  -53.0200  2
  58.8300  -53.2400  2
  58.9700  -53.3700  2
  59.0100  -53.4800  2
  59.1000  -53.5000  2
  59.1900  -53.7200  2
  59.3200  -53.8600  2
  59.4200  -53.8900  2
  59.5600  -54.0300  2
  59.7500  -54.0900  2
  59.8400  -54.1200  2
  59.8800  -54.2300  2
  99.0000    0.0000  3
